osgb4000000074548406,http://data.ordnancesurvey.co.uk/id/4000000074548406,Ingleborough,,,,populatedPlace,Hamlet,547420,314962,5000,25000,547032,314740,547729,315299,PE14,http://data.ordnancesurvey.co.uk/id/postcodedistrict/PE14,,,,King's Lynn and West Norfolk,http://data.ordnancesurvey.co.uk/id/7000000000007016,http://data.ordnancesurvey.co.uk/ontology/admingeo/District,Norfolk,http://data.ordnancesurvey.co.uk/id/7000000000007238,http://data.ordnancesurvey.co.uk/ontology/admingeo/County,Eastern,http://data.ordnancesurvey.co.uk/id/7000000000041425,England,http://data.ordnancesurvey.co.uk/id/country/england,,,
osgb4000000074543173,http://data.ordnancesurvey.co.uk/id/4000000074543173,Shepherds' Gate,,,,populatedPlace,Other Settlement,555414,318102,15000,25000,554761,317712,555987,318447,PE34,http://data.ordnancesurvey.co.uk/id/postcodedistrict/PE34,,,,King's Lynn and West Norfolk,http://data.ordnancesurvey.co.uk/id/7000000000007016,http://data.ordnancesurvey.co.uk/ontology/admingeo/District,Norfolk,http://data.ordnancesurvey.co.uk/id/7000000000007238,http://data.ordnancesurvey.co.uk/ontology/admingeo/County,Eastern,http://data.ordnancesurvey.co.uk/id/7000000000041425,England,http://data.ordnancesurvey.co.uk/id/country/england,,,
osgb4000000074550593,http://data.ordnancesurvey.co.uk/id/4000000074550593,Gaultree,,,,populatedPlace,Suburban Area,549698,307219,4000,25000,549506,306827,550168,307327,PE14,http://data.ordnancesurvey.co.uk/id/postcodedistrict/PE14,,,,King's Lynn and West Norfolk,http://data.ordnancesurvey.co.uk/id/7000000000007016,http://data.ordnancesurvey.co.uk/ontology/admingeo/District,Norfolk,http://data.ordnancesurvey.co.uk/id/7000000000007238,http://data.ordnancesurvey.co.uk/ontology/admingeo/County,Eastern,http://data.ordnancesurvey.co.uk/id/7000000000041425,England,http://data.ordnancesurvey.co.uk/id/country/england,,,
osgb4000000074550588,http://data.ordnancesurvey.co.uk/id/4000000074550588,Coldham,,,,populatedPlace,Village,543416,302814,6000,250000,543070,302158,543889,303014,PE14,http://data.ordnancesurvey.co.uk/id/postcodedistrict/PE14,,,,Fenland,http://data.ordnancesurvey.co.uk/id/7000000000001357,http://data.ordnancesurvey.co.uk/ontology/admingeo/District,Cambridgeshire,http://data.ordnancesurvey.co.uk/id/7000000000001386,http://data.ordnancesurvey.co.uk/ontology/admingeo/County,Eastern,http://data.ordnancesurvey.co.uk/id/7000000000041425,England,http://data.ordnancesurvey.co.uk/id/country/england,,"http://dbpedia.org/resource/Coldham,_Cambridgeshire",http://sws.geonames.org/2652611
osgb4000000074548410,http://data.ordnancesurvey.co.uk/id/4000000074548410,Tydd St Mary,,,,populatedPlace,Village,543845,318724,15000,250000,543199,317776,545484,319757,PE13,http://data.ordnancesurvey.co.uk/id/postcodedistrict/PE13,,,,South Holland,http://data.ordnancesurvey.co.uk/id/7000000000005599,http://data.ordnancesurvey.co.uk/ontology/admingeo/District,Lincolnshire,http://data.ordnancesurvey.co.uk/id/7000000000005942,http://data.ordnancesurvey.co.uk/ontology/admingeo/County,East Midlands,http://data.ordnancesurvey.co.uk/id/7000000000041423,England,http://data.ordnancesurvey.co.uk/id/country/england,,http://dbpedia.org/resource/Tydd_St_Mary,
osgb4000000074550940,http://data.ordnancesurvey.co.uk/id/4000000074550940,Tilney High End,,,,populatedPlace,Village,556283,316902,11000,250000,555656,316427,557347,317600,PE34,http://data.ordnancesurvey.co.uk/id/postcodedistrict/PE34,,,,King's Lynn and West Norfolk,http://data.ordnancesurvey.co.uk/id/7000000000007016,http://data.ordnancesurvey.co.uk/ontology/admingeo/District,Norfolk,http://data.ordnancesurvey.co.uk/id/7000000000007238,http://data.ordnancesurvey.co.uk/ontology/admingeo/County,Eastern,http://data.ordnancesurvey.co.uk/id/7000000000041425,England,http://data.ordnancesurvey.co.uk/id/country/england,,,
osgb4000000074327856,http://data.ordnancesurvey.co.uk/id/4000000074327856,Barroway Drove,,,,populatedPlace,Village,557403,303873,17000,250000,555800,301968,558227,304574,PE38,http://data.ordnancesurvey.co.uk/id/postcodedistrict/PE38,,,,King's Lynn and West Norfolk,http://data.ordnancesurvey.co.uk/id/7000000000007016,http://data.ordnancesurvey.co.uk/ontology/admingeo/District,Norfolk,http://data.ordnancesurvey.co.uk/id/7000000000007238,http://data.ordnancesurvey.co.uk/ontology/admingeo/County,Eastern,http://data.ordnancesurvey.co.uk/id/7000000000041425,England,http://data.ordnancesurvey.co.uk/id/country/england,,http://dbpedia.org/resource/Barroway_Drove,
osgb4000000074550570,http://data.ordnancesurvey.co.uk/id/4000000074550570,Salters Lode,,,,populatedPlace,Village,558527,301598,2000,250000,558284,301464,558784,301964,PE38,http://data.ordnancesurvey.co.uk/id/postcodedistrict/PE38,,,,King's Lynn and West Norfolk,http://data.ordnancesurvey.co.uk/id/7000000000007016,http://data.ordnancesurvey.co.uk/ontology/admingeo/District,Norfolk,http://data.ordnancesurvey.co.uk/id/7000000000007238,http://data.ordnancesurvey.co.uk/ontology/admingeo/County,Eastern,http://data.ordnancesurvey.co.uk/id/7000000000041425,England,http://data.ordnancesurvey.co.uk/id/country/england,,,
osgb4000000074810236,http://data.ordnancesurvey.co.uk/id/4000000074810236,Great Boleness Field,,,,populatedPlace,Suburban Area,545477,308299,3000,25000,545223,308073,545723,308573,PE14,http://data.ordnancesurvey.co.uk/id/postcodedistrict/PE14,,,,Fenland,http://data.ordnancesurvey.co.uk/id/7000000000001357,http://data.ordnancesurvey.co.uk/ontology/admingeo/District,Cambridgeshire,http://data.ordnancesurvey.co.uk/id/7000000000001386,http://data.ordnancesurvey.co.uk/ontology/admingeo/County,Eastern,http://data.ordnancesurvey.co.uk/id/7000000000041425,England,http://data.ordnancesurvey.co.uk/id/country/england,,,
osgb4000000074550592,http://data.ordnancesurvey.co.uk/id/4000000074550592,Holly End,,,,populatedPlace,Suburban Area,549955,306194,4000,25000,549640,305938,550140,306503,PE14,http://data.ordnancesurvey.co.uk/id/postcodedistrict/PE14,,,,King's Lynn and West Norfolk,http://data.ordnancesurvey.co.uk/id/7000000000007016,http://data.ordnancesurvey.co.uk/ontology/admingeo/District,Norfolk,http://data.ordnancesurvey.co.uk/id/7000000000007238,http://data.ordnancesurvey.co.uk/ontology/admingeo/County,Eastern,http://data.ordnancesurvey.co.uk/id/7000000000041425,England,http://data.ordnancesurvey.co.uk/id/country/england,,,
osgb4000000074550936,http://data.ordnancesurvey.co.uk/id/4000000074550936,Three Holes,,,,populatedPlace,Village,550567,300029,5000,250000,549930,299915,550728,300599,PE14,http://data.ordnancesurvey.co.uk/id/postcodedistrict/PE14,,,,King's Lynn and West Norfolk,http://data.ordnancesurvey.co.uk/id/7000000000007016,http://data.ordnancesurvey.co.uk/ontology/admingeo/District,Norfolk,http://data.ordnancesurvey.co.uk/id/7000000000007238,http://data.ordnancesurvey.co.uk/ontology/admingeo/County,Eastern,http://data.ordnancesurvey.co.uk/id/7000000000041425,England,http://data.ordnancesurvey.co.uk/id/country/england,,,
osgb4000000074550944,http://data.ordnancesurvey.co.uk/id/4000000074550944,Walpole St Andrew,,,,populatedPlace,Village,549933,317441,6000,250000,549765,317060,550684,317792,PE14,http://data.ordnancesurvey.co.uk/id/postcodedistrict/PE14,,,,King's Lynn and West Norfolk,http://data.ordnancesurvey.co.uk/id/7000000000007016,http://data.ordnancesurvey.co.uk/ontology/admingeo/District,Norfolk,http://data.ordnancesurvey.co.uk/id/7000000000007238,http://data.ordnancesurvey.co.uk/ontology/admingeo/County,Eastern,http://data.ordnancesurvey.co.uk/id/7000000000041425,England,http://data.ordnancesurvey.co.uk/id/country/england,,,
osgb4000000074548389,http://data.ordnancesurvey.co.uk/id/4000000074548389,Outwell,,,,populatedPlace,Village,551266,303666,19000,250000,550523,302307,552802,305167,PE14,http://data.ordnancesurvey.co.uk/id/postcodedistrict/PE14,,,,King's Lynn and West Norfolk,http://data.ordnancesurvey.co.uk/id/7000000000007016,http://data.ordnancesurvey.co.uk/ontology/admingeo/District,Norfolk,http://data.ordnancesurvey.co.uk/id/7000000000007238,http://data.ordnancesurvey.co.uk/ontology/admingeo/County,Eastern,http://data.ordnancesurvey.co.uk/id/7000000000041425,England,http://data.ordnancesurvey.co.uk/id/country/england,,http://dbpedia.org/resource/Outwell,http://sws.geonames.org/2640781
osgb4000000074327983,http://data.ordnancesurvey.co.uk/id/4000000074327983,Boyces Bridge,,,,populatedPlace,Hamlet,549963,305340,5000,25000,549591,305301,550091,305801,PE14,http://data.ordnancesurvey.co.uk/id/postcodedistrict/PE14,,,,King's Lynn and West Norfolk,http://data.ordnancesurvey.co.uk/id/7000000000007016,http://data.ordnancesurvey.co.uk/ontology/admingeo/District,Norfolk,http://data.ordnancesurvey.co.uk/id/7000000000007238,http://data.ordnancesurvey.co.uk/ontology/admingeo/County,Eastern,http://data.ordnancesurvey.co.uk/id/7000000000041425,England,http://data.ordnancesurvey.co.uk/id/country/england,,,
osgb4000000074550945,http://data.ordnancesurvey.co.uk/id/4000000074550945,Walpole Highway,,,,populatedPlace,Village,551567,313856,10000,250000,551095,313158,552153,314645,PE14,http://data.ordnancesurvey.co.uk/id/postcodedistrict/PE14,,,,King's Lynn and West Norfolk,http://data.ordnancesurvey.co.uk/id/7000000000007016,http://data.ordnancesurvey.co.uk/ontology/admingeo/District,Norfolk,http://data.ordnancesurvey.co.uk/id/7000000000007238,http://data.ordnancesurvey.co.uk/ontology/admingeo/County,Eastern,http://data.ordnancesurvey.co.uk/id/7000000000041425,England,http://data.ordnancesurvey.co.uk/id/country/england,,http://dbpedia.org/resource/Walpole_Highway,
osgb4000000074550949,http://data.ordnancesurvey.co.uk/id/4000000074550949,Begdale,,,,populatedPlace,Hamlet,545505,306313,5000,25000,545135,306132,545797,306632,PE14,http://data.ordnancesurvey.co.uk/id/postcodedistrict/PE14,,,,Fenland,http://data.ordnancesurvey.co.uk/id/7000000000001357,http://data.ordnancesurvey.co.uk/ontology/admingeo/District,Cambridgeshire,http://data.ordnancesurvey.co.uk/id/7000000000001386,http://data.ordnancesurvey.co.uk/ontology/admingeo/County,Eastern,http://data.ordnancesurvey.co.uk/id/7000000000041425,England,http://data.ordnancesurvey.co.uk/id/country/england,,http://dbpedia.org/resource/Begdale,
osgb4000000074550943,http://data.ordnancesurvey.co.uk/id/4000000074550943,Walpole St Peter,,,,populatedPlace,Village,550012,316624,13000,250000,549528,315687,551213,317645,PE14,http://data.ordnancesurvey.co.uk/id/postcodedistrict/PE14,,,,King's Lynn and West Norfolk,http://data.ordnancesurvey.co.uk/id/7000000000007016,http://data.ordnancesurvey.co.uk/ontology/admingeo/District,Norfolk,http://data.ordnancesurvey.co.uk/id/7000000000007238,http://data.ordnancesurvey.co.uk/ontology/admingeo/County,Eastern,http://data.ordnancesurvey.co.uk/id/7000000000041425,England,http://data.ordnancesurvey.co.uk/id/country/england,,,
osgb4000000074550587,http://data.ordnancesurvey.co.uk/id/4000000074550587,Chainbridge,,,,populatedPlace,Hamlet,542119,300122,5000,25000,541793,299640,542293,300223,PE15,http://data.ordnancesurvey.co.uk/id/postcodedistrict/PE15,,,,Fenland,http://data.ordnancesurvey.co.uk/id/7000000000001357,http://data.ordnancesurvey.co.uk/ontology/admingeo/District,Cambridgeshire,http://data.ordnancesurvey.co.uk/id/7000000000001386,http://data.ordnancesurvey.co.uk/ontology/admingeo/County,Eastern,http://data.ordnancesurvey.co.uk/id/7000000000041425,England,http://data.ordnancesurvey.co.uk/id/country/england,,,
osgb4000000074548752,http://data.ordnancesurvey.co.uk/id/4000000074548752,St John's Fen End,,,,populatedPlace,Village,553837,311535,12000,250000,552509,310116,553962,311978,PE14,http://data.ordnancesurvey.co.uk/id/postcodedistrict/PE14,,,,King's Lynn and West Norfolk,http://data.ordnancesurvey.co.uk/id/7000000000007016,http://data.ordnancesurvey.co.uk/ontology/admingeo/District,Norfolk,http://data.ordnancesurvey.co.uk/id/7000000000007238,http://data.ordnancesurvey.co.uk/ontology/admingeo/County,Eastern,http://data.ordnancesurvey.co.uk/id/7000000000041425,England,http://data.ordnancesurvey.co.uk/id/country/england,,,http://sws.geonames.org/7289871
osgb4000000074551314,http://data.ordnancesurvey.co.uk/id/4000000074551314,Bunker's Hill,,,,populatedPlace,Hamlet,540792,307141,5000,25000,540528,306879,541028,307379,PE13,http://data.ordnancesurvey.co.uk/id/postcodedistrict/PE13,,,,Fenland,http://data.ordnancesurvey.co.uk/id/7000000000001357,http://data.ordnancesurvey.co.uk/ontology/admingeo/District,Cambridgeshire,http://data.ordnancesurvey.co.uk/id/7000000000001386,http://data.ordnancesurvey.co.uk/ontology/admingeo/County,Eastern,http://data.ordnancesurvey.co.uk/id/7000000000041425,England,http://data.ordnancesurvey.co.uk/id/country/england,,,
osgb4000000074548396,http://data.ordnancesurvey.co.uk/id/4000000074548396,Walpole Cross Keys,,,,populatedPlace,Village,551979,319038,13000,250000,550391,318311,552457,320350,PE14,http://data.ordnancesurvey.co.uk/id/postcodedistrict/PE14,,,,King's Lynn and West Norfolk,http://data.ordnancesurvey.co.uk/id/7000000000007016,http://data.ordnancesurvey.co.uk/ontology/admingeo/District,Norfolk,http://data.ordnancesurvey.co.uk/id/7000000000007238,http://data.ordnancesurvey.co.uk/ontology/admingeo/County,Eastern,http://data.ordnancesurvey.co.uk/id/7000000000041425,England,http://data.ordnancesurvey.co.uk/id/country/england,,http://dbpedia.org/resource/Walpole_Cross_Keys,
osgb4000000074550575,http://data.ordnancesurvey.co.uk/id/4000000074550575,Tilney cum Islington,,,,populatedPlace,Village,557445,313940,14000,250000,557021,312223,557521,314322,PE34,http://data.ordnancesurvey.co.uk/id/postcodedistrict/PE34,,,,King's Lynn and West Norfolk,http://data.ordnancesurvey.co.uk/id/7000000000007016,http://data.ordnancesurvey.co.uk/ontology/admingeo/District,Norfolk,http://data.ordnancesurvey.co.uk/id/7000000000007238,http://data.ordnancesurvey.co.uk/ontology/admingeo/County,Eastern,http://data.ordnancesurvey.co.uk/id/7000000000041425,England,http://data.ordnancesurvey.co.uk/id/country/england,,,
osgb4000000074548411,http://data.ordnancesurvey.co.uk/id/4000000074548411,Fitton End,,,,populatedPlace,Hamlet,542365,312790,5000,25000,541797,312450,543148,312950,PE13,http://data.ordnancesurvey.co.uk/id/postcodedistrict/PE13,,,,Fenland,http://data.ordnancesurvey.co.uk/id/7000000000001357,http://data.ordnancesurvey.co.uk/ontology/admingeo/District,Cambridgeshire,http://data.ordnancesurvey.co.uk/id/7000000000001386,http://data.ordnancesurvey.co.uk/ontology/admingeo/County,Eastern,http://data.ordnancesurvey.co.uk/id/7000000000041425,England,http://data.ordnancesurvey.co.uk/id/country/england,,,
osgb4000000074548751,http://data.ordnancesurvey.co.uk/id/4000000074548751,Tilney Fen End,,,,populatedPlace,Hamlet,554569,311112,5000,25000,553874,310953,554717,311585,PE14,http://data.ordnancesurvey.co.uk/id/postcodedistrict/PE14,,,,King's Lynn and West Norfolk,http://data.ordnancesurvey.co.uk/id/7000000000007016,http://data.ordnancesurvey.co.uk/ontology/admingeo/District,Norfolk,http://data.ordnancesurvey.co.uk/id/7000000000007238,http://data.ordnancesurvey.co.uk/ontology/admingeo/County,Eastern,http://data.ordnancesurvey.co.uk/id/7000000000041425,England,http://data.ordnancesurvey.co.uk/id/country/england,,,
osgb4000000074550938,http://data.ordnancesurvey.co.uk/id/4000000074550938,Upwell,,,,populatedPlace,Village,550523,302764,19000,250000,549216,300467,551909,303440,PE14,http://data.ordnancesurvey.co.uk/id/postcodedistrict/PE14,,,,King's Lynn and West Norfolk,http://data.ordnancesurvey.co.uk/id/7000000000007016,http://data.ordnancesurvey.co.uk/ontology/admingeo/District,Norfolk,http://data.ordnancesurvey.co.uk/id/7000000000007238,http://data.ordnancesurvey.co.uk/ontology/admingeo/County,Eastern,http://data.ordnancesurvey.co.uk/id/7000000000041425,England,http://data.ordnancesurvey.co.uk/id/country/england,,http://dbpedia.org/resource/Upwell,http://sws.geonames.org/2635078
osgb4000000074550950,http://data.ordnancesurvey.co.uk/id/4000000074550950,Walsoken,,,,populatedPlace,Suburban Area,547773,310505,9000,25000,547056,310164,548412,310991,PE13,http://data.ordnancesurvey.co.uk/id/postcodedistrict/PE13,,,,Fenland,http://data.ordnancesurvey.co.uk/id/7000000000001357,http://data.ordnancesurvey.co.uk/ontology/admingeo/District,Cambridgeshire,http://data.ordnancesurvey.co.uk/id/7000000000001386,http://data.ordnancesurvey.co.uk/ontology/admingeo/County,Eastern,http://data.ordnancesurvey.co.uk/id/7000000000041425,England,http://data.ordnancesurvey.co.uk/id/country/england,,http://dbpedia.org/resource/Walsoken,http://sws.geonames.org/2634848
osgb4000000074550225,http://data.ordnancesurvey.co.uk/id/4000000074550225,Friday Bridge,,,,populatedPlace,Village,546571,304740,12000,250000,545769,304449,547646,305327,PE14,http://data.ordnancesurvey.co.uk/id/postcodedistrict/PE14,,,,Fenland,http://data.ordnancesurvey.co.uk/id/7000000000001357,http://data.ordnancesurvey.co.uk/ontology/admingeo/District,Cambridgeshire,http://data.ordnancesurvey.co.uk/id/7000000000001386,http://data.ordnancesurvey.co.uk/ontology/admingeo/County,Eastern,http://data.ordnancesurvey.co.uk/id/7000000000041425,England,http://data.ordnancesurvey.co.uk/id/country/england,,"http://dbpedia.org/resource/Friday_Bridge,_Cambridgeshire",
osgb4000000074551318,http://data.ordnancesurvey.co.uk/id/4000000074551318,Wisbech,,,,populatedPlace,Town,546297,309604,28000,2000000,544292,307549,548536,311864,PE13,http://data.ordnancesurvey.co.uk/id/postcodedistrict/PE13,,,,Fenland,http://data.ordnancesurvey.co.uk/id/7000000000001357,http://data.ordnancesurvey.co.uk/ontology/admingeo/District,Cambridgeshire,http://data.ordnancesurvey.co.uk/id/7000000000001386,http://data.ordnancesurvey.co.uk/ontology/admingeo/County,Eastern,http://data.ordnancesurvey.co.uk/id/7000000000041425,England,http://data.ordnancesurvey.co.uk/id/country/england,,http://dbpedia.org/resource/Wisbech,http://sws.geonames.org/2633771
osgb4000000074341528,http://data.ordnancesurvey.co.uk/id/4000000074341528,Elm,,,,populatedPlace,Village,546933,306862,17000,250000,546491,305277,548560,307898,PE14,http://data.ordnancesurvey.co.uk/id/postcodedistrict/PE14,,,,Fenland,http://data.ordnancesurvey.co.uk/id/7000000000001357,http://data.ordnancesurvey.co.uk/ontology/admingeo/District,Cambridgeshire,http://data.ordnancesurvey.co.uk/id/7000000000001386,http://data.ordnancesurvey.co.uk/ontology/admingeo/County,Eastern,http://data.ordnancesurvey.co.uk/id/7000000000041425,England,http://data.ordnancesurvey.co.uk/id/country/england,,"http://dbpedia.org/resource/Elm,_Cambridgeshire",http://sws.geonames.org/2650081
osgb4000000074552040,http://data.ordnancesurvey.co.uk/id/4000000074552040,Walton Highway,,,,populatedPlace,Village,549167,313021,8000,250000,548463,312379,549658,313548,PE14,http://data.ordnancesurvey.co.uk/id/postcodedistrict/PE14,,,,King's Lynn and West Norfolk,http://data.ordnancesurvey.co.uk/id/7000000000007016,http://data.ordnancesurvey.co.uk/ontology/admingeo/District,Norfolk,http://data.ordnancesurvey.co.uk/id/7000000000007238,http://data.ordnancesurvey.co.uk/ontology/admingeo/County,Eastern,http://data.ordnancesurvey.co.uk/id/7000000000041425,England,http://data.ordnancesurvey.co.uk/id/country/england,,,
osgb4000000074550937,http://data.ordnancesurvey.co.uk/id/4000000074550937,Plaw Field,,,,populatedPlace,Hamlet,550973,301413,5000,25000,550545,300853,551420,301572,PE14,http://data.ordnancesurvey.co.uk/id/postcodedistrict/PE14,,,,King's Lynn and West Norfolk,http://data.ordnancesurvey.co.uk/id/7000000000007016,http://data.ordnancesurvey.co.uk/ontology/admingeo/District,Norfolk,http://data.ordnancesurvey.co.uk/id/7000000000007238,http://data.ordnancesurvey.co.uk/ontology/admingeo/County,Eastern,http://data.ordnancesurvey.co.uk/id/7000000000041425,England,http://data.ordnancesurvey.co.uk/id/country/england,,,
osgb4000000074550934,http://data.ordnancesurvey.co.uk/id/4000000074550934,West Head,,,,populatedPlace,Hamlet,557514,305714,5000,25000,557339,305511,557839,306011,PE34,http://data.ordnancesurvey.co.uk/id/postcodedistrict/PE34,,,,King's Lynn and West Norfolk,http://data.ordnancesurvey.co.uk/id/7000000000007016,http://data.ordnancesurvey.co.uk/ontology/admingeo/District,Norfolk,http://data.ordnancesurvey.co.uk/id/7000000000007238,http://data.ordnancesurvey.co.uk/ontology/admingeo/County,Eastern,http://data.ordnancesurvey.co.uk/id/7000000000041425,England,http://data.ordnancesurvey.co.uk/id/country/england,,,
osgb4000000074550948,http://data.ordnancesurvey.co.uk/id/4000000074550948,Emneth,,,,populatedPlace,Village,549505,307245,17000,250000,547810,305938,550440,307995,PE14,http://data.ordnancesurvey.co.uk/id/postcodedistrict/PE14,,,,King's Lynn and West Norfolk,http://data.ordnancesurvey.co.uk/id/7000000000007016,http://data.ordnancesurvey.co.uk/ontology/admingeo/District,Norfolk,http://data.ordnancesurvey.co.uk/id/7000000000007238,http://data.ordnancesurvey.co.uk/ontology/admingeo/County,Eastern,http://data.ordnancesurvey.co.uk/id/7000000000041425,England,http://data.ordnancesurvey.co.uk/id/country/england,,,http://sws.geonames.org/2650007
osgb4000000074551315,http://data.ordnancesurvey.co.uk/id/4000000074551315,Wisbech St Mary,,,,populatedPlace,Village,541804,307957,28000,250000,538562,307467,542884,309081,PE13,http://data.ordnancesurvey.co.uk/id/postcodedistrict/PE13,,,,Fenland,http://data.ordnancesurvey.co.uk/id/7000000000001357,http://data.ordnancesurvey.co.uk/ontology/admingeo/District,Cambridgeshire,http://data.ordnancesurvey.co.uk/id/7000000000001386,http://data.ordnancesurvey.co.uk/ontology/admingeo/County,Eastern,http://data.ordnancesurvey.co.uk/id/7000000000041425,England,http://data.ordnancesurvey.co.uk/id/country/england,,,
osgb4000000074548392,http://data.ordnancesurvey.co.uk/id/4000000074548392,Wiggenhall St Mary Magdalen,,,,populatedPlace,Village,559732,310792,13000,250000,558466,309845,560217,311792,PE34,http://data.ordnancesurvey.co.uk/id/postcodedistrict/PE34,,,,King's Lynn and West Norfolk,http://data.ordnancesurvey.co.uk/id/7000000000007016,http://data.ordnancesurvey.co.uk/ontology/admingeo/District,Norfolk,http://data.ordnancesurvey.co.uk/id/7000000000007238,http://data.ordnancesurvey.co.uk/ontology/admingeo/County,Eastern,http://data.ordnancesurvey.co.uk/id/7000000000041425,England,http://data.ordnancesurvey.co.uk/id/country/england,,http://dbpedia.org/resource/Wiggenhall_St_Mary_Magdalen,
osgb4000000074552041,http://data.ordnancesurvey.co.uk/id/4000000074552041,West Walton,,,,populatedPlace,Village,547121,313298,21000,250000,545801,313002,548981,313726,PE14,http://data.ordnancesurvey.co.uk/id/postcodedistrict/PE14,,,,King's Lynn and West Norfolk,http://data.ordnancesurvey.co.uk/id/7000000000007016,http://data.ordnancesurvey.co.uk/ontology/admingeo/District,Norfolk,http://data.ordnancesurvey.co.uk/id/7000000000007238,http://data.ordnancesurvey.co.uk/ontology/admingeo/County,Eastern,http://data.ordnancesurvey.co.uk/id/7000000000041425,England,http://data.ordnancesurvey.co.uk/id/country/england,,http://dbpedia.org/resource/West_Walton,http://sws.geonames.org/2634242
osgb4000000074548769,http://data.ordnancesurvey.co.uk/id/4000000074548769,Newton-in-the-Isle,,,,populatedPlace,Village,542809,314491,19000,250000,542138,313589,544989,315064,PE13,http://data.ordnancesurvey.co.uk/id/postcodedistrict/PE13,,,,Fenland,http://data.ordnancesurvey.co.uk/id/7000000000001357,http://data.ordnancesurvey.co.uk/ontology/admingeo/District,Cambridgeshire,http://data.ordnancesurvey.co.uk/id/7000000000001386,http://data.ordnancesurvey.co.uk/ontology/admingeo/County,Eastern,http://data.ordnancesurvey.co.uk/id/7000000000041425,England,http://data.ordnancesurvey.co.uk/id/country/england,,"http://dbpedia.org/resource/Newton,_Fenland",http://sws.geonames.org/2641564
osgb4000000074548770,http://data.ordnancesurvey.co.uk/id/4000000074548770,Tydd St Giles,,,,populatedPlace,Village,542682,316549,13000,250000,541666,315488,543623,317161,PE13,http://data.ordnancesurvey.co.uk/id/postcodedistrict/PE13,,,,Fenland,http://data.ordnancesurvey.co.uk/id/7000000000001357,http://data.ordnancesurvey.co.uk/ontology/admingeo/District,Cambridgeshire,http://data.ordnancesurvey.co.uk/id/7000000000001386,http://data.ordnancesurvey.co.uk/ontology/admingeo/County,Eastern,http://data.ordnancesurvey.co.uk/id/7000000000041425,England,http://data.ordnancesurvey.co.uk/id/country/england,,http://dbpedia.org/resource/Tydd_St_Giles,
osgb4000000074548407,http://data.ordnancesurvey.co.uk/id/4000000074548407,Walpole Marsh,,,,populatedPlace,Village,547927,317469,8000,250000,547843,316916,548764,318157,PE14,http://data.ordnancesurvey.co.uk/id/postcodedistrict/PE14,,,,King's Lynn and West Norfolk,http://data.ordnancesurvey.co.uk/id/7000000000007016,http://data.ordnancesurvey.co.uk/ontology/admingeo/District,Norfolk,http://data.ordnancesurvey.co.uk/id/7000000000007238,http://data.ordnancesurvey.co.uk/ontology/admingeo/County,Eastern,http://data.ordnancesurvey.co.uk/id/7000000000041425,England,http://data.ordnancesurvey.co.uk/id/country/england,,,
osgb4000000074326100,http://data.ordnancesurvey.co.uk/id/4000000074326100,Four Gotes,,,,populatedPlace,Village,545021,316214,9000,250000,544644,315847,545352,317225,PE13,http://data.ordnancesurvey.co.uk/id/postcodedistrict/PE13,,,,Fenland,http://data.ordnancesurvey.co.uk/id/7000000000001357,http://data.ordnancesurvey.co.uk/ontology/admingeo/District,Cambridgeshire,http://data.ordnancesurvey.co.uk/id/7000000000001386,http://data.ordnancesurvey.co.uk/ontology/admingeo/County,Eastern,http://data.ordnancesurvey.co.uk/id/7000000000041425,England,http://data.ordnancesurvey.co.uk/id/country/england,,,
osgb4000000074548408,http://data.ordnancesurvey.co.uk/id/4000000074548408,Foul Anchor,,,,populatedPlace,Village,546457,317647,7000,250000,545762,317563,546813,318135,PE13,http://data.ordnancesurvey.co.uk/id/postcodedistrict/PE13,,,,Fenland,http://data.ordnancesurvey.co.uk/id/7000000000001357,http://data.ordnancesurvey.co.uk/ontology/admingeo/District,Cambridgeshire,http://data.ordnancesurvey.co.uk/id/7000000000001386,http://data.ordnancesurvey.co.uk/ontology/admingeo/County,Eastern,http://data.ordnancesurvey.co.uk/id/7000000000041425,England,http://data.ordnancesurvey.co.uk/id/country/england,,,
osgb4000000074548753,http://data.ordnancesurvey.co.uk/id/4000000074548753,Marshland St James,,,,populatedPlace,Village,552388,309915,11000,250000,551739,308799,552897,310525,PE14,http://data.ordnancesurvey.co.uk/id/postcodedistrict/PE14,,,,King's Lynn and West Norfolk,http://data.ordnancesurvey.co.uk/id/7000000000007016,http://data.ordnancesurvey.co.uk/ontology/admingeo/District,Norfolk,http://data.ordnancesurvey.co.uk/id/7000000000007238,http://data.ordnancesurvey.co.uk/ontology/admingeo/County,Eastern,http://data.ordnancesurvey.co.uk/id/7000000000041425,England,http://data.ordnancesurvey.co.uk/id/country/england,,http://dbpedia.org/resource/Marshland_St_James,
osgb4000000074550578,http://data.ordnancesurvey.co.uk/id/4000000074550578,Tilney All Saints,,,,populatedPlace,Village,556788,318080,5000,250000,556509,317570,557037,318361,PE34,http://data.ordnancesurvey.co.uk/id/postcodedistrict/PE34,,,,King's Lynn and West Norfolk,http://data.ordnancesurvey.co.uk/id/7000000000007016,http://data.ordnancesurvey.co.uk/ontology/admingeo/District,Norfolk,http://data.ordnancesurvey.co.uk/id/7000000000007238,http://data.ordnancesurvey.co.uk/ontology/admingeo/County,Eastern,http://data.ordnancesurvey.co.uk/id/7000000000041425,England,http://data.ordnancesurvey.co.uk/id/country/england,,http://dbpedia.org/resource/Tilney_All_Saints,
osgb4000000074550579,http://data.ordnancesurvey.co.uk/id/4000000074550579,Tilney St Lawrence,,,,populatedPlace,Village,554717,313810,29000,250000,553965,311282,555734,315739,PE34,http://data.ordnancesurvey.co.uk/id/postcodedistrict/PE34,,,,King's Lynn and West Norfolk,http://data.ordnancesurvey.co.uk/id/7000000000007016,http://data.ordnancesurvey.co.uk/ontology/admingeo/District,Norfolk,http://data.ordnancesurvey.co.uk/id/7000000000007238,http://data.ordnancesurvey.co.uk/ontology/admingeo/County,Eastern,http://data.ordnancesurvey.co.uk/id/7000000000041425,England,http://data.ordnancesurvey.co.uk/id/country/england,,http://dbpedia.org/resource/Tilney_St_Lawrence,
osgb4000000074541379,http://data.ordnancesurvey.co.uk/id/4000000074541379,Paradise,,,,populatedPlace,Hamlet,548396,309236,5000,25000,547812,308984,549125,309484,PE14,http://data.ordnancesurvey.co.uk/id/postcodedistrict/PE14,,,,King's Lynn and West Norfolk,http://data.ordnancesurvey.co.uk/id/7000000000007016,http://data.ordnancesurvey.co.uk/ontology/admingeo/District,Norfolk,http://data.ordnancesurvey.co.uk/id/7000000000007238,http://data.ordnancesurvey.co.uk/ontology/admingeo/County,Eastern,http://data.ordnancesurvey.co.uk/id/7000000000041425,England,http://data.ordnancesurvey.co.uk/id/country/england,,,
osgb4000000074550213,http://data.ordnancesurvey.co.uk/id/4000000074550213,Wiggenhall St Germans,,,,populatedPlace,Village,559850,314217,17000,250000,558762,312953,560602,315502,PE34,http://data.ordnancesurvey.co.uk/id/postcodedistrict/PE34,,,,King's Lynn and West Norfolk,http://data.ordnancesurvey.co.uk/id/7000000000007016,http://data.ordnancesurvey.co.uk/ontology/admingeo/District,Norfolk,http://data.ordnancesurvey.co.uk/id/7000000000007238,http://data.ordnancesurvey.co.uk/ontology/admingeo/County,Eastern,http://data.ordnancesurvey.co.uk/id/7000000000041425,England,http://data.ordnancesurvey.co.uk/id/country/england,,http://dbpedia.org/resource/Wiggenhall_St_Germans,
osgb4000000074810237,http://data.ordnancesurvey.co.uk/id/4000000074810237,South Bridge Field,,,,populatedPlace,Suburban Area,545106,307533,4000,25000,544771,307289,545388,307789,PE14,http://data.ordnancesurvey.co.uk/id/postcodedistrict/PE14,,,,Fenland,http://data.ordnancesurvey.co.uk/id/7000000000001357,http://data.ordnancesurvey.co.uk/ontology/admingeo/District,Cambridgeshire,http://data.ordnancesurvey.co.uk/id/7000000000001386,http://data.ordnancesurvey.co.uk/ontology/admingeo/County,Eastern,http://data.ordnancesurvey.co.uk/id/7000000000041425,England,http://data.ordnancesurvey.co.uk/id/country/england,,,
osgb4000000074548394,http://data.ordnancesurvey.co.uk/id/4000000074548394,Emneth Hungate,,,,populatedPlace,Hamlet,551503,307428,5000,25000,551187,307148,551687,307648,PE14,http://data.ordnancesurvey.co.uk/id/postcodedistrict/PE14,,,,King's Lynn and West Norfolk,http://data.ordnancesurvey.co.uk/id/7000000000007016,http://data.ordnancesurvey.co.uk/ontology/admingeo/District,Norfolk,http://data.ordnancesurvey.co.uk/id/7000000000007238,http://data.ordnancesurvey.co.uk/ontology/admingeo/County,Eastern,http://data.ordnancesurvey.co.uk/id/7000000000041425,England,http://data.ordnancesurvey.co.uk/id/country/england,,http://dbpedia.org/resource/Emneth_Hungate,
osgb4000000074556591,http://data.ordnancesurvey.co.uk/id/4000000074556591,South Green,,,,populatedPlace,Suburban Area,554126,319605,4000,25000,553824,319439,554372,320033,PE34,http://data.ordnancesurvey.co.uk/id/postcodedistrict/PE34,,,,King's Lynn and West Norfolk,http://data.ordnancesurvey.co.uk/id/7000000000007016,http://data.ordnancesurvey.co.uk/ontology/admingeo/District,Norfolk,http://data.ordnancesurvey.co.uk/id/7000000000007238,http://data.ordnancesurvey.co.uk/ontology/admingeo/County,Eastern,http://data.ordnancesurvey.co.uk/id/7000000000041425,England,http://data.ordnancesurvey.co.uk/id/country/england,,,
osgb4000000074550935,http://data.ordnancesurvey.co.uk/id/4000000074550935,Nordelph,,,,populatedPlace,Village,555619,300972,10000,250000,555177,300755,556709,301594,PE38,http://data.ordnancesurvey.co.uk/id/postcodedistrict/PE38,,,,King's Lynn and West Norfolk,http://data.ordnancesurvey.co.uk/id/7000000000007016,http://data.ordnancesurvey.co.uk/ontology/admingeo/District,Norfolk,http://data.ordnancesurvey.co.uk/id/7000000000007238,http://data.ordnancesurvey.co.uk/ontology/admingeo/County,Eastern,http://data.ordnancesurvey.co.uk/id/7000000000041425,England,http://data.ordnancesurvey.co.uk/id/country/england,,http://dbpedia.org/resource/Nordelph,http://sws.geonames.org/2641459
osgb4000000074550942,http://data.ordnancesurvey.co.uk/id/4000000074550942,Balsam Field,,,,populatedPlace,Suburban Area,555040,319204,5000,25000,554863,319004,555363,319703,PE34,http://data.ordnancesurvey.co.uk/id/postcodedistrict/PE34,,,,King's Lynn and West Norfolk,http://data.ordnancesurvey.co.uk/id/7000000000007016,http://data.ordnancesurvey.co.uk/ontology/admingeo/District,Norfolk,http://data.ordnancesurvey.co.uk/id/7000000000007238,http://data.ordnancesurvey.co.uk/ontology/admingeo/County,Eastern,http://data.ordnancesurvey.co.uk/id/7000000000041425,England,http://data.ordnancesurvey.co.uk/id/country/england,,,
osgb4000000074548409,http://data.ordnancesurvey.co.uk/id/4000000074548409,Tydd Gote,,,,populatedPlace,Village,545474,317920,7000,250000,544684,317546,545686,318195,PE13,http://data.ordnancesurvey.co.uk/id/postcodedistrict/PE13,,,,South Holland,http://data.ordnancesurvey.co.uk/id/7000000000005599,http://data.ordnancesurvey.co.uk/ontology/admingeo/District,Lincolnshire,http://data.ordnancesurvey.co.uk/id/7000000000005942,http://data.ordnancesurvey.co.uk/ontology/admingeo/County,East Midlands,http://data.ordnancesurvey.co.uk/id/7000000000041423,England,http://data.ordnancesurvey.co.uk/id/country/england,,,
osgb4000000074550941,http://data.ordnancesurvey.co.uk/id/4000000074550941,Terrington St John,,,,populatedPlace,Village,553730,314394,27000,250000,553345,312135,554474,316346,PE14,http://data.ordnancesurvey.co.uk/id/postcodedistrict/PE14,,,,King's Lynn and West Norfolk,http://data.ordnancesurvey.co.uk/id/7000000000007016,http://data.ordnancesurvey.co.uk/ontology/admingeo/District,Norfolk,http://data.ordnancesurvey.co.uk/id/7000000000007238,http://data.ordnancesurvey.co.uk/ontology/admingeo/County,Eastern,http://data.ordnancesurvey.co.uk/id/7000000000041425,England,http://data.ordnancesurvey.co.uk/id/country/england,,http://dbpedia.org/resource/Terrington_St_John,
osgb4000000074550574,http://data.ordnancesurvey.co.uk/id/4000000074550574,Wiggenhall St Mary the Virgin,,,,populatedPlace,Village,558393,313841,13000,250000,557750,312543,558805,314605,PE34,http://data.ordnancesurvey.co.uk/id/postcodedistrict/PE34,,,,King's Lynn and West Norfolk,http://data.ordnancesurvey.co.uk/id/7000000000007016,http://data.ordnancesurvey.co.uk/ontology/admingeo/District,Norfolk,http://data.ordnancesurvey.co.uk/id/7000000000007238,http://data.ordnancesurvey.co.uk/ontology/admingeo/County,Eastern,http://data.ordnancesurvey.co.uk/id/7000000000041425,England,http://data.ordnancesurvey.co.uk/id/country/england,,,
osgb4000000074551667,http://data.ordnancesurvey.co.uk/id/4000000074551667,Gorefield,,,,populatedPlace,Village,541720,311989,10000,250000,541031,311208,542642,312370,PE13,http://data.ordnancesurvey.co.uk/id/postcodedistrict/PE13,,,,Fenland,http://data.ordnancesurvey.co.uk/id/7000000000001357,http://data.ordnancesurvey.co.uk/ontology/admingeo/District,Cambridgeshire,http://data.ordnancesurvey.co.uk/id/7000000000001386,http://data.ordnancesurvey.co.uk/ontology/admingeo/County,Eastern,http://data.ordnancesurvey.co.uk/id/7000000000041425,England,http://data.ordnancesurvey.co.uk/id/country/england,,http://dbpedia.org/resource/Gorefield,http://sws.geonames.org/2648303
PE132QU,http://data.ordnancesurvey.co.uk/id/postcodeunit/PE132QU,PE13 2QU,,,,other,Postcode,546321,308984,3500,18000,,,,,,,Wisbech,http://data.ordnancesurvey.co.uk/id/4000000074551318,http://www.ordnancesurvey.co.uk/xml/codelists/localtype.xml#town,Fenland,http://data.ordnancesurvey.co.uk/id/7000000000001357,http://data.ordnancesurvey.co.uk/ontology/admingeo/District,Cambridgeshire,http://data.ordnancesurvey.co.uk/id/7000000000001386,http://data.ordnancesurvey.co.uk/ontology/admingeo/County,Eastern,http://data.ordnancesurvey.co.uk/id/7000000000041425,England,http://data.ordnancesurvey.co.uk/id/country/england,,,
PE147LU,http://data.ordnancesurvey.co.uk/id/postcodeunit/PE147LU,PE14 7LU,,,,other,Postcode,551994,318595,3500,18000,,,,,,,Walpole Cross Keys,http://data.ordnancesurvey.co.uk/id/4000000074548396,http://www.ordnancesurvey.co.uk/xml/codelists/localtype.xml#village,King's Lynn and West Norfolk,http://data.ordnancesurvey.co.uk/id/7000000000007016,http://data.ordnancesurvey.co.uk/ontology/admingeo/District,Norfolk,http://data.ordnancesurvey.co.uk/id/7000000000007238,http://data.ordnancesurvey.co.uk/ontology/admingeo/County,Eastern,http://data.ordnancesurvey.co.uk/id/7000000000041425,England,http://data.ordnancesurvey.co.uk/id/country/england,,,
PE133EL,http://data.ordnancesurvey.co.uk/id/postcodeunit/PE133EL,PE13 3EL,,,,other,Postcode,547084,310796,3500,18000,,,,,,,Wisbech,http://data.ordnancesurvey.co.uk/id/4000000074551318,http://www.ordnancesurvey.co.uk/xml/codelists/localtype.xml#town,Fenland,http://data.ordnancesurvey.co.uk/id/7000000000001357,http://data.ordnancesurvey.co.uk/ontology/admingeo/District,Cambridgeshire,http://data.ordnancesurvey.co.uk/id/7000000000001386,http://data.ordnancesurvey.co.uk/ontology/admingeo/County,Eastern,http://data.ordnancesurvey.co.uk/id/7000000000041425,England,http://data.ordnancesurvey.co.uk/id/country/england,,,
PE135DN,http://data.ordnancesurvey.co.uk/id/postcodeunit/PE135DN,PE13 5DN,,,,other,Postcode,545111,310713,3500,18000,,,,,,,Wisbech,http://data.ordnancesurvey.co.uk/id/4000000074551318,http://www.ordnancesurvey.co.uk/xml/codelists/localtype.xml#town,Fenland,http://data.ordnancesurvey.co.uk/id/7000000000001357,http://data.ordnancesurvey.co.uk/ontology/admingeo/District,Cambridgeshire,http://data.ordnancesurvey.co.uk/id/7000000000001386,http://data.ordnancesurvey.co.uk/ontology/admingeo/County,Eastern,http://data.ordnancesurvey.co.uk/id/7000000000041425,England,http://data.ordnancesurvey.co.uk/id/country/england,,,
PE134ND,http://data.ordnancesurvey.co.uk/id/postcodeunit/PE134ND,PE13 4ND,,,,other,Postcode,542358,311840,3500,18000,,,,,,,Gorefield,http://data.ordnancesurvey.co.uk/id/4000000074551667,http://www.ordnancesurvey.co.uk/xml/codelists/localtype.xml#village,Fenland,http://data.ordnancesurvey.co.uk/id/7000000000001357,http://data.ordnancesurvey.co.uk/ontology/admingeo/District,Cambridgeshire,http://data.ordnancesurvey.co.uk/id/7000000000001386,http://data.ordnancesurvey.co.uk/ontology/admingeo/County,Eastern,http://data.ordnancesurvey.co.uk/id/7000000000041425,England,http://data.ordnancesurvey.co.uk/id/country/england,,,
PE149BE,http://data.ordnancesurvey.co.uk/id/postcodeunit/PE149BE,PE14 9BE,,,,other,Postcode,550848,302854,3500,18000,,,,,,,Upwell,http://data.ordnancesurvey.co.uk/id/4000000074550938,http://www.ordnancesurvey.co.uk/xml/codelists/localtype.xml#village,King's Lynn and West Norfolk,http://data.ordnancesurvey.co.uk/id/7000000000007016,http://data.ordnancesurvey.co.uk/ontology/admingeo/District,Norfolk,http://data.ordnancesurvey.co.uk/id/7000000000007238,http://data.ordnancesurvey.co.uk/ontology/admingeo/County,Eastern,http://data.ordnancesurvey.co.uk/id/7000000000041425,England,http://data.ordnancesurvey.co.uk/id/country/england,,,
PE133DL,http://data.ordnancesurvey.co.uk/id/postcodeunit/PE133DL,PE13 3DL,,,,other,Postcode,546428,310020,3500,18000,,,,,,,Wisbech,http://data.ordnancesurvey.co.uk/id/4000000074551318,http://www.ordnancesurvey.co.uk/xml/codelists/localtype.xml#town,Fenland,http://data.ordnancesurvey.co.uk/id/7000000000001357,http://data.ordnancesurvey.co.uk/ontology/admingeo/District,Cambridgeshire,http://data.ordnancesurvey.co.uk/id/7000000000001386,http://data.ordnancesurvey.co.uk/ontology/admingeo/County,Eastern,http://data.ordnancesurvey.co.uk/id/7000000000041425,England,http://data.ordnancesurvey.co.uk/id/country/england,,,
PE147HY,http://data.ordnancesurvey.co.uk/id/postcodeunit/PE147HY,PE14 7HY,,,,other,Postcode,549644,316477,3500,18000,,,,,,,Walpole St Peter,http://data.ordnancesurvey.co.uk/id/4000000074550943,http://www.ordnancesurvey.co.uk/xml/codelists/localtype.xml#village,King's Lynn and West Norfolk,http://data.ordnancesurvey.co.uk/id/7000000000007016,http://data.ordnancesurvey.co.uk/ontology/admingeo/District,Norfolk,http://data.ordnancesurvey.co.uk/id/7000000000007238,http://data.ordnancesurvey.co.uk/ontology/admingeo/County,Eastern,http://data.ordnancesurvey.co.uk/id/7000000000041425,England,http://data.ordnancesurvey.co.uk/id/country/england,,,
PE133NH,http://data.ordnancesurvey.co.uk/id/postcodeunit/PE133NH,PE13 3NH,,,,other,Postcode,546344,310678,3500,18000,,,,,,,Wisbech,http://data.ordnancesurvey.co.uk/id/4000000074551318,http://www.ordnancesurvey.co.uk/xml/codelists/localtype.xml#town,Fenland,http://data.ordnancesurvey.co.uk/id/7000000000001357,http://data.ordnancesurvey.co.uk/ontology/admingeo/District,Cambridgeshire,http://data.ordnancesurvey.co.uk/id/7000000000001386,http://data.ordnancesurvey.co.uk/ontology/admingeo/County,Eastern,http://data.ordnancesurvey.co.uk/id/7000000000041425,England,http://data.ordnancesurvey.co.uk/id/country/england,,,
PE140AG,http://data.ordnancesurvey.co.uk/id/postcodeunit/PE140AG,PE14 0AG,,,,other,Postcode,547022,306684,3500,18000,,,,,,,Elm,http://data.ordnancesurvey.co.uk/id/4000000074341528,http://www.ordnancesurvey.co.uk/xml/codelists/localtype.xml#village,Fenland,http://data.ordnancesurvey.co.uk/id/7000000000001357,http://data.ordnancesurvey.co.uk/ontology/admingeo/District,Cambridgeshire,http://data.ordnancesurvey.co.uk/id/7000000000001386,http://data.ordnancesurvey.co.uk/ontology/admingeo/County,Eastern,http://data.ordnancesurvey.co.uk/id/7000000000041425,England,http://data.ordnancesurvey.co.uk/id/country/england,,,
PE148DJ,http://data.ordnancesurvey.co.uk/id/postcodeunit/PE148DJ,PE14 8DJ,,,,other,Postcode,549950,308936,3500,18000,,,,,,,,,,King's Lynn and West Norfolk,http://data.ordnancesurvey.co.uk/id/7000000000007016,http://data.ordnancesurvey.co.uk/ontology/admingeo/District,Norfolk,http://data.ordnancesurvey.co.uk/id/7000000000007238,http://data.ordnancesurvey.co.uk/ontology/admingeo/County,Eastern,http://data.ordnancesurvey.co.uk/id/7000000000041425,England,http://data.ordnancesurvey.co.uk/id/country/england,,,
PE133PH,http://data.ordnancesurvey.co.uk/id/postcodeunit/PE133PH,PE13 3PH,,,,other,Postcode,546731,310871,3500,18000,,,,,,,Wisbech,http://data.ordnancesurvey.co.uk/id/4000000074551318,http://www.ordnancesurvey.co.uk/xml/codelists/localtype.xml#town,Fenland,http://data.ordnancesurvey.co.uk/id/7000000000001357,http://data.ordnancesurvey.co.uk/ontology/admingeo/District,Cambridgeshire,http://data.ordnancesurvey.co.uk/id/7000000000001386,http://data.ordnancesurvey.co.uk/ontology/admingeo/County,Eastern,http://data.ordnancesurvey.co.uk/id/7000000000041425,England,http://data.ordnancesurvey.co.uk/id/country/england,,,
PE134TW,http://data.ordnancesurvey.co.uk/id/postcodeunit/PE134TW,PE13 4TW,,,,other,Postcode,543729,308774,3500,18000,,,,,,,,,,Fenland,http://data.ordnancesurvey.co.uk/id/7000000000001357,http://data.ordnancesurvey.co.uk/ontology/admingeo/District,Cambridgeshire,http://data.ordnancesurvey.co.uk/id/7000000000001386,http://data.ordnancesurvey.co.uk/ontology/admingeo/County,Eastern,http://data.ordnancesurvey.co.uk/id/7000000000041425,England,http://data.ordnancesurvey.co.uk/id/country/england,,,
PE132EA,http://data.ordnancesurvey.co.uk/id/postcodeunit/PE132EA,PE13 2EA,,,,other,Postcode,546706,310105,3500,18000,,,,,,,Wisbech,http://data.ordnancesurvey.co.uk/id/4000000074551318,http://www.ordnancesurvey.co.uk/xml/codelists/localtype.xml#town,Fenland,http://data.ordnancesurvey.co.uk/id/7000000000001357,http://data.ordnancesurvey.co.uk/ontology/admingeo/District,Cambridgeshire,http://data.ordnancesurvey.co.uk/id/7000000000001386,http://data.ordnancesurvey.co.uk/ontology/admingeo/County,Eastern,http://data.ordnancesurvey.co.uk/id/7000000000041425,England,http://data.ordnancesurvey.co.uk/id/country/england,,,
PE140RQ,http://data.ordnancesurvey.co.uk/id/postcodeunit/PE140RQ,PE14 0RQ,,,,other,Postcode,545482,308960,3500,18000,,,,,,,Wisbech,http://data.ordnancesurvey.co.uk/id/4000000074551318,http://www.ordnancesurvey.co.uk/xml/codelists/localtype.xml#town,Fenland,http://data.ordnancesurvey.co.uk/id/7000000000001357,http://data.ordnancesurvey.co.uk/ontology/admingeo/District,Cambridgeshire,http://data.ordnancesurvey.co.uk/id/7000000000001386,http://data.ordnancesurvey.co.uk/ontology/admingeo/County,Eastern,http://data.ordnancesurvey.co.uk/id/7000000000041425,England,http://data.ordnancesurvey.co.uk/id/country/england,,,
PE343DA,http://data.ordnancesurvey.co.uk/id/postcodeunit/PE343DA,PE34 3DA,,,,other,Postcode,558875,310459,3500,18000,,,,,,,Wiggenhall St Mary Magdalen,http://data.ordnancesurvey.co.uk/id/4000000074548392,http://www.ordnancesurvey.co.uk/xml/codelists/localtype.xml#village,King's Lynn and West Norfolk,http://data.ordnancesurvey.co.uk/id/7000000000007016,http://data.ordnancesurvey.co.uk/ontology/admingeo/District,Norfolk,http://data.ordnancesurvey.co.uk/id/7000000000007238,http://data.ordnancesurvey.co.uk/ontology/admingeo/County,Eastern,http://data.ordnancesurvey.co.uk/id/7000000000041425,England,http://data.ordnancesurvey.co.uk/id/country/england,,,
PE147EQ,http://data.ordnancesurvey.co.uk/id/postcodeunit/PE147EQ,PE14 7EQ,,,,other,Postcode,547660,313329,3500,18000,,,,,,,West Walton,http://data.ordnancesurvey.co.uk/id/4000000074552041,http://www.ordnancesurvey.co.uk/xml/codelists/localtype.xml#village,King's Lynn and West Norfolk,http://data.ordnancesurvey.co.uk/id/7000000000007016,http://data.ordnancesurvey.co.uk/ontology/admingeo/District,Norfolk,http://data.ordnancesurvey.co.uk/id/7000000000007238,http://data.ordnancesurvey.co.uk/ontology/admingeo/County,Eastern,http://data.ordnancesurvey.co.uk/id/7000000000041425,England,http://data.ordnancesurvey.co.uk/id/country/england,,,
PE148JP,http://data.ordnancesurvey.co.uk/id/postcodeunit/PE148JP,PE14 8JP,,,,other,Postcode,554710,309735,3500,18000,,,,,,,,,,King's Lynn and West Norfolk,http://data.ordnancesurvey.co.uk/id/7000000000007016,http://data.ordnancesurvey.co.uk/ontology/admingeo/District,Norfolk,http://data.ordnancesurvey.co.uk/id/7000000000007238,http://data.ordnancesurvey.co.uk/ontology/admingeo/County,Eastern,http://data.ordnancesurvey.co.uk/id/7000000000041425,England,http://data.ordnancesurvey.co.uk/id/country/england,,,
PE140AN,http://data.ordnancesurvey.co.uk/id/postcodeunit/PE140AN,PE14 0AN,,,,other,Postcode,547108,306333,3500,18000,,,,,,,Elm,http://data.ordnancesurvey.co.uk/id/4000000074341528,http://www.ordnancesurvey.co.uk/xml/codelists/localtype.xml#village,Fenland,http://data.ordnancesurvey.co.uk/id/7000000000001357,http://data.ordnancesurvey.co.uk/ontology/admingeo/District,Cambridgeshire,http://data.ordnancesurvey.co.uk/id/7000000000001386,http://data.ordnancesurvey.co.uk/ontology/admingeo/County,Eastern,http://data.ordnancesurvey.co.uk/id/7000000000041425,England,http://data.ordnancesurvey.co.uk/id/country/england,,,
PE133PQ,http://data.ordnancesurvey.co.uk/id/postcodeunit/PE133PQ,PE13 3PQ,,,,other,Postcode,546673,310637,3500,18000,,,,,,,Wisbech,http://data.ordnancesurvey.co.uk/id/4000000074551318,http://www.ordnancesurvey.co.uk/xml/codelists/localtype.xml#town,Fenland,http://data.ordnancesurvey.co.uk/id/7000000000001357,http://data.ordnancesurvey.co.uk/ontology/admingeo/District,Cambridgeshire,http://data.ordnancesurvey.co.uk/id/7000000000001386,http://data.ordnancesurvey.co.uk/ontology/admingeo/County,Eastern,http://data.ordnancesurvey.co.uk/id/7000000000041425,England,http://data.ordnancesurvey.co.uk/id/country/england,,,
PE135HS,http://data.ordnancesurvey.co.uk/id/postcodeunit/PE135HS,PE13 5HS,,,,other,Postcode,542868,314604,3500,18000,,,,,,,Newton-in-the-Isle,http://data.ordnancesurvey.co.uk/id/4000000074548769,http://www.ordnancesurvey.co.uk/xml/codelists/localtype.xml#village,Fenland,http://data.ordnancesurvey.co.uk/id/7000000000001357,http://data.ordnancesurvey.co.uk/ontology/admingeo/District,Cambridgeshire,http://data.ordnancesurvey.co.uk/id/7000000000001386,http://data.ordnancesurvey.co.uk/ontology/admingeo/County,Eastern,http://data.ordnancesurvey.co.uk/id/7000000000041425,England,http://data.ordnancesurvey.co.uk/id/country/england,,,
PE140JA,http://data.ordnancesurvey.co.uk/id/postcodeunit/PE140JA,PE14 0JA,,,,other,Postcode,546643,305145,3500,18000,,,,,,,Friday Bridge,http://data.ordnancesurvey.co.uk/id/4000000074550225,http://www.ordnancesurvey.co.uk/xml/codelists/localtype.xml#village,Fenland,http://data.ordnancesurvey.co.uk/id/7000000000001357,http://data.ordnancesurvey.co.uk/ontology/admingeo/District,Cambridgeshire,http://data.ordnancesurvey.co.uk/id/7000000000001386,http://data.ordnancesurvey.co.uk/ontology/admingeo/County,Eastern,http://data.ordnancesurvey.co.uk/id/7000000000041425,England,http://data.ordnancesurvey.co.uk/id/country/england,,,
PE132LL,http://data.ordnancesurvey.co.uk/id/postcodeunit/PE132LL,PE13 2LL,,,,other,Postcode,546383,309312,3500,18000,,,,,,,Wisbech,http://data.ordnancesurvey.co.uk/id/4000000074551318,http://www.ordnancesurvey.co.uk/xml/codelists/localtype.xml#town,Fenland,http://data.ordnancesurvey.co.uk/id/7000000000001357,http://data.ordnancesurvey.co.uk/ontology/admingeo/District,Cambridgeshire,http://data.ordnancesurvey.co.uk/id/7000000000001386,http://data.ordnancesurvey.co.uk/ontology/admingeo/County,Eastern,http://data.ordnancesurvey.co.uk/id/7000000000041425,England,http://data.ordnancesurvey.co.uk/id/country/england,,,
PE344HS,http://data.ordnancesurvey.co.uk/id/postcodeunit/PE344HS,PE34 4HS,,,,other,Postcode,553277,319160,3500,18000,,,,,,,,,,King's Lynn and West Norfolk,http://data.ordnancesurvey.co.uk/id/7000000000007016,http://data.ordnancesurvey.co.uk/ontology/admingeo/District,Norfolk,http://data.ordnancesurvey.co.uk/id/7000000000007238,http://data.ordnancesurvey.co.uk/ontology/admingeo/County,Eastern,http://data.ordnancesurvey.co.uk/id/7000000000041425,England,http://data.ordnancesurvey.co.uk/id/country/england,,,
PE147BE,http://data.ordnancesurvey.co.uk/id/postcodeunit/PE147BE,PE14 7BE,,,,other,Postcode,549003,309132,3500,18000,,,,,,,Paradise,http://data.ordnancesurvey.co.uk/id/4000000074541379,http://www.ordnancesurvey.co.uk/xml/codelists/localtype.xml#hamlet,King's Lynn and West Norfolk,http://data.ordnancesurvey.co.uk/id/7000000000007016,http://data.ordnancesurvey.co.uk/ontology/admingeo/District,Norfolk,http://data.ordnancesurvey.co.uk/id/7000000000007238,http://data.ordnancesurvey.co.uk/ontology/admingeo/County,Eastern,http://data.ordnancesurvey.co.uk/id/7000000000041425,England,http://data.ordnancesurvey.co.uk/id/country/england,,,
PE140RA,http://data.ordnancesurvey.co.uk/id/postcodeunit/PE140RA,PE14 0RA,,,,other,Postcode,545574,308434,3500,18000,,,,,,,Wisbech,http://data.ordnancesurvey.co.uk/id/4000000074551318,http://www.ordnancesurvey.co.uk/xml/codelists/localtype.xml#town,Fenland,http://data.ordnancesurvey.co.uk/id/7000000000001357,http://data.ordnancesurvey.co.uk/ontology/admingeo/District,Cambridgeshire,http://data.ordnancesurvey.co.uk/id/7000000000001386,http://data.ordnancesurvey.co.uk/ontology/admingeo/County,Eastern,http://data.ordnancesurvey.co.uk/id/7000000000041425,England,http://data.ordnancesurvey.co.uk/id/country/england,,,
PE133NA,http://data.ordnancesurvey.co.uk/id/postcodeunit/PE133NA,PE13 3NA,,,,other,Postcode,546626,310447,3500,18000,,,,,,,Wisbech,http://data.ordnancesurvey.co.uk/id/4000000074551318,http://www.ordnancesurvey.co.uk/xml/codelists/localtype.xml#town,Fenland,http://data.ordnancesurvey.co.uk/id/7000000000001357,http://data.ordnancesurvey.co.uk/ontology/admingeo/District,Cambridgeshire,http://data.ordnancesurvey.co.uk/id/7000000000001386,http://data.ordnancesurvey.co.uk/ontology/admingeo/County,Eastern,http://data.ordnancesurvey.co.uk/id/7000000000041425,England,http://data.ordnancesurvey.co.uk/id/country/england,,,
PE135JN,http://data.ordnancesurvey.co.uk/id/postcodeunit/PE135JN,PE13 5JN,,,,other,Postcode,540695,308642,3500,18000,,,,,,,,,,Fenland,http://data.ordnancesurvey.co.uk/id/7000000000001357,http://data.ordnancesurvey.co.uk/ontology/admingeo/District,Cambridgeshire,http://data.ordnancesurvey.co.uk/id/7000000000001386,http://data.ordnancesurvey.co.uk/ontology/admingeo/County,Eastern,http://data.ordnancesurvey.co.uk/id/7000000000041425,England,http://data.ordnancesurvey.co.uk/id/country/england,,,
PE135BS,http://data.ordnancesurvey.co.uk/id/postcodeunit/PE135BS,PE13 5BS,,,,other,Postcode,542904,310377,3500,18000,,,,,,,,,,Fenland,http://data.ordnancesurvey.co.uk/id/7000000000001357,http://data.ordnancesurvey.co.uk/ontology/admingeo/District,Cambridgeshire,http://data.ordnancesurvey.co.uk/id/7000000000001386,http://data.ordnancesurvey.co.uk/ontology/admingeo/County,Eastern,http://data.ordnancesurvey.co.uk/id/7000000000041425,England,http://data.ordnancesurvey.co.uk/id/country/england,,,
PE134RY,http://data.ordnancesurvey.co.uk/id/postcodeunit/PE134RY,PE13 4RY,,,,other,Postcode,542143,308696,3500,18000,,,,,,,Wisbech St Mary,http://data.ordnancesurvey.co.uk/id/4000000074551315,http://www.ordnancesurvey.co.uk/xml/codelists/localtype.xml#village,Fenland,http://data.ordnancesurvey.co.uk/id/7000000000001357,http://data.ordnancesurvey.co.uk/ontology/admingeo/District,Cambridgeshire,http://data.ordnancesurvey.co.uk/id/7000000000001386,http://data.ordnancesurvey.co.uk/ontology/admingeo/County,Eastern,http://data.ordnancesurvey.co.uk/id/7000000000041425,England,http://data.ordnancesurvey.co.uk/id/country/england,,,
PE131EN,http://data.ordnancesurvey.co.uk/id/postcodeunit/PE131EN,PE13 1EN,,,,other,Postcode,546171,309536,3500,18000,,,,,,,Wisbech,http://data.ordnancesurvey.co.uk/id/4000000074551318,http://www.ordnancesurvey.co.uk/xml/codelists/localtype.xml#town,Fenland,http://data.ordnancesurvey.co.uk/id/7000000000001357,http://data.ordnancesurvey.co.uk/ontology/admingeo/District,Cambridgeshire,http://data.ordnancesurvey.co.uk/id/7000000000001386,http://data.ordnancesurvey.co.uk/ontology/admingeo/County,Eastern,http://data.ordnancesurvey.co.uk/id/7000000000041425,England,http://data.ordnancesurvey.co.uk/id/country/england,,,
PE133AS,http://data.ordnancesurvey.co.uk/id/postcodeunit/PE133AS,PE13 3AS,,,,other,Postcode,546230,310046,3500,18000,,,,,,,Wisbech,http://data.ordnancesurvey.co.uk/id/4000000074551318,http://www.ordnancesurvey.co.uk/xml/codelists/localtype.xml#town,Fenland,http://data.ordnancesurvey.co.uk/id/7000000000001357,http://data.ordnancesurvey.co.uk/ontology/admingeo/District,Cambridgeshire,http://data.ordnancesurvey.co.uk/id/7000000000001386,http://data.ordnancesurvey.co.uk/ontology/admingeo/County,Eastern,http://data.ordnancesurvey.co.uk/id/7000000000041425,England,http://data.ordnancesurvey.co.uk/id/country/england,,,
PE132QS,http://data.ordnancesurvey.co.uk/id/postcodeunit/PE132QS,PE13 2QS,,,,other,Postcode,546240,309207,3500,18000,,,,,,,Wisbech,http://data.ordnancesurvey.co.uk/id/4000000074551318,http://www.ordnancesurvey.co.uk/xml/codelists/localtype.xml#town,Fenland,http://data.ordnancesurvey.co.uk/id/7000000000001357,http://data.ordnancesurvey.co.uk/ontology/admingeo/District,Cambridgeshire,http://data.ordnancesurvey.co.uk/id/7000000000001386,http://data.ordnancesurvey.co.uk/ontology/admingeo/County,Eastern,http://data.ordnancesurvey.co.uk/id/7000000000041425,England,http://data.ordnancesurvey.co.uk/id/country/england,,,
PE131LE,http://data.ordnancesurvey.co.uk/id/postcodeunit/PE131LE,PE13 1LE,,,,other,Postcode,545125,309374,3500,18000,,,,,,,Wisbech,http://data.ordnancesurvey.co.uk/id/4000000074551318,http://www.ordnancesurvey.co.uk/xml/codelists/localtype.xml#town,Fenland,http://data.ordnancesurvey.co.uk/id/7000000000001357,http://data.ordnancesurvey.co.uk/ontology/admingeo/District,Cambridgeshire,http://data.ordnancesurvey.co.uk/id/7000000000001386,http://data.ordnancesurvey.co.uk/ontology/admingeo/County,Eastern,http://data.ordnancesurvey.co.uk/id/7000000000041425,England,http://data.ordnancesurvey.co.uk/id/country/england,,,
PE147JA,http://data.ordnancesurvey.co.uk/id/postcodeunit/PE147JA,PE14 7JA,,,,other,Postcode,548595,315902,3500,18000,,,,,,,,,,King's Lynn and West Norfolk,http://data.ordnancesurvey.co.uk/id/7000000000007016,http://data.ordnancesurvey.co.uk/ontology/admingeo/District,Norfolk,http://data.ordnancesurvey.co.uk/id/7000000000007238,http://data.ordnancesurvey.co.uk/ontology/admingeo/County,Eastern,http://data.ordnancesurvey.co.uk/id/7000000000041425,England,http://data.ordnancesurvey.co.uk/id/country/england,,,
PE133SY,http://data.ordnancesurvey.co.uk/id/postcodeunit/PE133SY,PE13 3SY,,,,other,Postcode,547547,309648,3500,18000,,,,,,,Wisbech,http://data.ordnancesurvey.co.uk/id/4000000074551318,http://www.ordnancesurvey.co.uk/xml/codelists/localtype.xml#town,Fenland,http://data.ordnancesurvey.co.uk/id/7000000000001357,http://data.ordnancesurvey.co.uk/ontology/admingeo/District,Cambridgeshire,http://data.ordnancesurvey.co.uk/id/7000000000001386,http://data.ordnancesurvey.co.uk/ontology/admingeo/County,Eastern,http://data.ordnancesurvey.co.uk/id/7000000000041425,England,http://data.ordnancesurvey.co.uk/id/country/england,,,
PE344SA,http://data.ordnancesurvey.co.uk/id/postcodeunit/PE344SA,PE34 4SA,,,,other,Postcode,556483,317069,3500,18000,,,,,,,Tilney High End,http://data.ordnancesurvey.co.uk/id/4000000074550940,http://www.ordnancesurvey.co.uk/xml/codelists/localtype.xml#village,King's Lynn and West Norfolk,http://data.ordnancesurvey.co.uk/id/7000000000007016,http://data.ordnancesurvey.co.uk/ontology/admingeo/District,Norfolk,http://data.ordnancesurvey.co.uk/id/7000000000007238,http://data.ordnancesurvey.co.uk/ontology/admingeo/County,Eastern,http://data.ordnancesurvey.co.uk/id/7000000000041425,England,http://data.ordnancesurvey.co.uk/id/country/england,,,
PE132LJ,http://data.ordnancesurvey.co.uk/id/postcodeunit/PE132LJ,PE13 2LJ,,,,other,Postcode,546423,309408,3500,18000,,,,,,,Wisbech,http://data.ordnancesurvey.co.uk/id/4000000074551318,http://www.ordnancesurvey.co.uk/xml/codelists/localtype.xml#town,Fenland,http://data.ordnancesurvey.co.uk/id/7000000000001357,http://data.ordnancesurvey.co.uk/ontology/admingeo/District,Cambridgeshire,http://data.ordnancesurvey.co.uk/id/7000000000001386,http://data.ordnancesurvey.co.uk/ontology/admingeo/County,Eastern,http://data.ordnancesurvey.co.uk/id/7000000000041425,England,http://data.ordnancesurvey.co.uk/id/country/england,,,
PE131NF,http://data.ordnancesurvey.co.uk/id/postcodeunit/PE131NF,PE13 1NF,,,,other,Postcode,546003,309814,3500,18000,,,,,,,Wisbech,http://data.ordnancesurvey.co.uk/id/4000000074551318,http://www.ordnancesurvey.co.uk/xml/codelists/localtype.xml#town,Fenland,http://data.ordnancesurvey.co.uk/id/7000000000001357,http://data.ordnancesurvey.co.uk/ontology/admingeo/District,Cambridgeshire,http://data.ordnancesurvey.co.uk/id/7000000000001386,http://data.ordnancesurvey.co.uk/ontology/admingeo/County,Eastern,http://data.ordnancesurvey.co.uk/id/7000000000041425,England,http://data.ordnancesurvey.co.uk/id/country/england,,,
PE147BD,http://data.ordnancesurvey.co.uk/id/postcodeunit/PE147BD,PE14 7BD,,,,other,Postcode,549396,310185,3500,18000,,,,,,,,,,King's Lynn and West Norfolk,http://data.ordnancesurvey.co.uk/id/7000000000007016,http://data.ordnancesurvey.co.uk/ontology/admingeo/District,Norfolk,http://data.ordnancesurvey.co.uk/id/7000000000007238,http://data.ordnancesurvey.co.uk/ontology/admingeo/County,Eastern,http://data.ordnancesurvey.co.uk/id/7000000000041425,England,http://data.ordnancesurvey.co.uk/id/country/england,,,
PE134UJ,http://data.ordnancesurvey.co.uk/id/postcodeunit/PE134UJ,PE13 4UJ,,,,other,Postcode,542661,306328,3500,18000,,,,,,,,,,Fenland,http://data.ordnancesurvey.co.uk/id/7000000000001357,http://data.ordnancesurvey.co.uk/ontology/admingeo/District,Cambridgeshire,http://data.ordnancesurvey.co.uk/id/7000000000001386,http://data.ordnancesurvey.co.uk/ontology/admingeo/County,Eastern,http://data.ordnancesurvey.co.uk/id/7000000000041425,England,http://data.ordnancesurvey.co.uk/id/country/england,,,
PE148PJ,http://data.ordnancesurvey.co.uk/id/postcodeunit/PE148PJ,PE14 8PJ,,,,other,Postcode,550141,305258,3500,18000,,,,,,,,,,King's Lynn and West Norfolk,http://data.ordnancesurvey.co.uk/id/7000000000007016,http://data.ordnancesurvey.co.uk/ontology/admingeo/District,Norfolk,http://data.ordnancesurvey.co.uk/id/7000000000007238,http://data.ordnancesurvey.co.uk/ontology/admingeo/County,Eastern,http://data.ordnancesurvey.co.uk/id/7000000000041425,England,http://data.ordnancesurvey.co.uk/id/country/england,,,
PE134PQ,http://data.ordnancesurvey.co.uk/id/postcodeunit/PE134PQ,PE13 4PQ,,,,other,Postcode,541525,311983,3500,18000,,,,,,,Gorefield,http://data.ordnancesurvey.co.uk/id/4000000074551667,http://www.ordnancesurvey.co.uk/xml/codelists/localtype.xml#village,Fenland,http://data.ordnancesurvey.co.uk/id/7000000000001357,http://data.ordnancesurvey.co.uk/ontology/admingeo/District,Cambridgeshire,http://data.ordnancesurvey.co.uk/id/7000000000001386,http://data.ordnancesurvey.co.uk/ontology/admingeo/County,Eastern,http://data.ordnancesurvey.co.uk/id/7000000000041425,England,http://data.ordnancesurvey.co.uk/id/country/england,,,
PE148PF,http://data.ordnancesurvey.co.uk/id/postcodeunit/PE148PF,PE14 8PF,,,,other,Postcode,551213,304359,3500,18000,,,,,,,Outwell,http://data.ordnancesurvey.co.uk/id/4000000074548389,http://www.ordnancesurvey.co.uk/xml/codelists/localtype.xml#village,King's Lynn and West Norfolk,http://data.ordnancesurvey.co.uk/id/7000000000007016,http://data.ordnancesurvey.co.uk/ontology/admingeo/District,Norfolk,http://data.ordnancesurvey.co.uk/id/7000000000007238,http://data.ordnancesurvey.co.uk/ontology/admingeo/County,Eastern,http://data.ordnancesurvey.co.uk/id/7000000000041425,England,http://data.ordnancesurvey.co.uk/id/country/england,,,
PE132BB,http://data.ordnancesurvey.co.uk/id/postcodeunit/PE132BB,PE13 2BB,,,,other,Postcode,546702,309599,3500,18000,,,,,,,Wisbech,http://data.ordnancesurvey.co.uk/id/4000000074551318,http://www.ordnancesurvey.co.uk/xml/codelists/localtype.xml#town,Fenland,http://data.ordnancesurvey.co.uk/id/7000000000001357,http://data.ordnancesurvey.co.uk/ontology/admingeo/District,Cambridgeshire,http://data.ordnancesurvey.co.uk/id/7000000000001386,http://data.ordnancesurvey.co.uk/ontology/admingeo/County,Eastern,http://data.ordnancesurvey.co.uk/id/7000000000041425,England,http://data.ordnancesurvey.co.uk/id/country/england,,,
PE131NW,http://data.ordnancesurvey.co.uk/id/postcodeunit/PE131NW,PE13 1NW,,,,other,Postcode,546016,309863,3500,18000,,,,,,,Wisbech,http://data.ordnancesurvey.co.uk/id/4000000074551318,http://www.ordnancesurvey.co.uk/xml/codelists/localtype.xml#town,Fenland,http://data.ordnancesurvey.co.uk/id/7000000000001357,http://data.ordnancesurvey.co.uk/ontology/admingeo/District,Cambridgeshire,http://data.ordnancesurvey.co.uk/id/7000000000001386,http://data.ordnancesurvey.co.uk/ontology/admingeo/County,Eastern,http://data.ordnancesurvey.co.uk/id/7000000000041425,England,http://data.ordnancesurvey.co.uk/id/country/england,,,
PE135NE,http://data.ordnancesurvey.co.uk/id/postcodeunit/PE135NE,PE13 5NE,,,,other,Postcode,543135,316610,3500,18000,,,,,,,Tydd St Giles,http://data.ordnancesurvey.co.uk/id/4000000074548770,http://www.ordnancesurvey.co.uk/xml/codelists/localtype.xml#village,Fenland,http://data.ordnancesurvey.co.uk/id/7000000000001357,http://data.ordnancesurvey.co.uk/ontology/admingeo/District,Cambridgeshire,http://data.ordnancesurvey.co.uk/id/7000000000001386,http://data.ordnancesurvey.co.uk/ontology/admingeo/County,Eastern,http://data.ordnancesurvey.co.uk/id/7000000000041425,England,http://data.ordnancesurvey.co.uk/id/country/england,,,
PE133PY,http://data.ordnancesurvey.co.uk/id/postcodeunit/PE133PY,PE13 3PY,,,,other,Postcode,546158,311241,3500,18000,,,,,,,Wisbech,http://data.ordnancesurvey.co.uk/id/4000000074551318,http://www.ordnancesurvey.co.uk/xml/codelists/localtype.xml#town,Fenland,http://data.ordnancesurvey.co.uk/id/7000000000001357,http://data.ordnancesurvey.co.uk/ontology/admingeo/District,Cambridgeshire,http://data.ordnancesurvey.co.uk/id/7000000000001386,http://data.ordnancesurvey.co.uk/ontology/admingeo/County,Eastern,http://data.ordnancesurvey.co.uk/id/7000000000041425,England,http://data.ordnancesurvey.co.uk/id/country/england,,,
PE133BA,http://data.ordnancesurvey.co.uk/id/postcodeunit/PE133BA,PE13 3BA,,,,other,Postcode,546368,311270,3500,18000,,,,,,,Wisbech,http://data.ordnancesurvey.co.uk/id/4000000074551318,http://www.ordnancesurvey.co.uk/xml/codelists/localtype.xml#town,Fenland,http://data.ordnancesurvey.co.uk/id/7000000000001357,http://data.ordnancesurvey.co.uk/ontology/admingeo/District,Cambridgeshire,http://data.ordnancesurvey.co.uk/id/7000000000001386,http://data.ordnancesurvey.co.uk/ontology/admingeo/County,Eastern,http://data.ordnancesurvey.co.uk/id/7000000000041425,England,http://data.ordnancesurvey.co.uk/id/country/england,,,
PE344SJ,http://data.ordnancesurvey.co.uk/id/postcodeunit/PE344SJ,PE34 4SJ,,,,other,Postcode,556774,317876,3500,18000,,,,,,,Tilney All Saints,http://data.ordnancesurvey.co.uk/id/4000000074550578,http://www.ordnancesurvey.co.uk/xml/codelists/localtype.xml#village,King's Lynn and West Norfolk,http://data.ordnancesurvey.co.uk/id/7000000000007016,http://data.ordnancesurvey.co.uk/ontology/admingeo/District,Norfolk,http://data.ordnancesurvey.co.uk/id/7000000000007238,http://data.ordnancesurvey.co.uk/ontology/admingeo/County,Eastern,http://data.ordnancesurvey.co.uk/id/7000000000041425,England,http://data.ordnancesurvey.co.uk/id/country/england,,,
PE132RN,http://data.ordnancesurvey.co.uk/id/postcodeunit/PE132RN,PE13 2RN,,,,other,Postcode,545856,308523,3500,18000,,,,,,,Wisbech,http://data.ordnancesurvey.co.uk/id/4000000074551318,http://www.ordnancesurvey.co.uk/xml/codelists/localtype.xml#town,Fenland,http://data.ordnancesurvey.co.uk/id/7000000000001357,http://data.ordnancesurvey.co.uk/ontology/admingeo/District,Cambridgeshire,http://data.ordnancesurvey.co.uk/id/7000000000001386,http://data.ordnancesurvey.co.uk/ontology/admingeo/County,Eastern,http://data.ordnancesurvey.co.uk/id/7000000000041425,England,http://data.ordnancesurvey.co.uk/id/country/england,,,
PE148DX,http://data.ordnancesurvey.co.uk/id/postcodeunit/PE148DX,PE14 8DX,,,,other,Postcode,551113,308049,3500,18000,,,,,,,,,,King's Lynn and West Norfolk,http://data.ordnancesurvey.co.uk/id/7000000000007016,http://data.ordnancesurvey.co.uk/ontology/admingeo/District,Norfolk,http://data.ordnancesurvey.co.uk/id/7000000000007238,http://data.ordnancesurvey.co.uk/ontology/admingeo/County,Eastern,http://data.ordnancesurvey.co.uk/id/7000000000041425,England,http://data.ordnancesurvey.co.uk/id/country/england,,,
PE135QB,http://data.ordnancesurvey.co.uk/id/postcodeunit/PE135QB,PE13 5QB,,,,other,Postcode,545448,317913,3500,18000,,,,,,,Tydd Gote,http://data.ordnancesurvey.co.uk/id/4000000074548409,http://www.ordnancesurvey.co.uk/xml/codelists/localtype.xml#village,South Holland,http://data.ordnancesurvey.co.uk/id/7000000000005599,http://data.ordnancesurvey.co.uk/ontology/admingeo/District,Lincolnshire,http://data.ordnancesurvey.co.uk/id/7000000000005942,http://data.ordnancesurvey.co.uk/ontology/admingeo/County,East Midlands,http://data.ordnancesurvey.co.uk/id/7000000000041423,England,http://data.ordnancesurvey.co.uk/id/country/england,,,
PE135HE,http://data.ordnancesurvey.co.uk/id/postcodeunit/PE135HE,PE13 5HE,,,,other,Postcode,544219,314701,3500,18000,,,,,,,Newton-in-the-Isle,http://data.ordnancesurvey.co.uk/id/4000000074548769,http://www.ordnancesurvey.co.uk/xml/codelists/localtype.xml#village,Fenland,http://data.ordnancesurvey.co.uk/id/7000000000001357,http://data.ordnancesurvey.co.uk/ontology/admingeo/District,Cambridgeshire,http://data.ordnancesurvey.co.uk/id/7000000000001386,http://data.ordnancesurvey.co.uk/ontology/admingeo/County,Eastern,http://data.ordnancesurvey.co.uk/id/7000000000041425,England,http://data.ordnancesurvey.co.uk/id/country/england,,,
PE140DY,http://data.ordnancesurvey.co.uk/id/postcodeunit/PE140DY,PE14 0DY,,,,other,Postcode,546980,308261,3500,18000,,,,,,,Wisbech,http://data.ordnancesurvey.co.uk/id/4000000074551318,http://www.ordnancesurvey.co.uk/xml/codelists/localtype.xml#town,King's Lynn and West Norfolk,http://data.ordnancesurvey.co.uk/id/7000000000007016,http://data.ordnancesurvey.co.uk/ontology/admingeo/District,Norfolk,http://data.ordnancesurvey.co.uk/id/7000000000007238,http://data.ordnancesurvey.co.uk/ontology/admingeo/County,Eastern,http://data.ordnancesurvey.co.uk/id/7000000000041425,England,http://data.ordnancesurvey.co.uk/id/country/england,,,
PE148SH,http://data.ordnancesurvey.co.uk/id/postcodeunit/PE148SH,PE14 8SH,,,,other,Postcode,552543,304280,3500,18000,,,,,,,Outwell,http://data.ordnancesurvey.co.uk/id/4000000074548389,http://www.ordnancesurvey.co.uk/xml/codelists/localtype.xml#village,King's Lynn and West Norfolk,http://data.ordnancesurvey.co.uk/id/7000000000007016,http://data.ordnancesurvey.co.uk/ontology/admingeo/District,Norfolk,http://data.ordnancesurvey.co.uk/id/7000000000007238,http://data.ordnancesurvey.co.uk/ontology/admingeo/County,Eastern,http://data.ordnancesurvey.co.uk/id/7000000000041425,England,http://data.ordnancesurvey.co.uk/id/country/england,,,
PE134PJ,http://data.ordnancesurvey.co.uk/id/postcodeunit/PE134PJ,PE13 4PJ,,,,other,Postcode,541267,312103,3500,18000,,,,,,,Gorefield,http://data.ordnancesurvey.co.uk/id/4000000074551667,http://www.ordnancesurvey.co.uk/xml/codelists/localtype.xml#village,Fenland,http://data.ordnancesurvey.co.uk/id/7000000000001357,http://data.ordnancesurvey.co.uk/ontology/admingeo/District,Cambridgeshire,http://data.ordnancesurvey.co.uk/id/7000000000001386,http://data.ordnancesurvey.co.uk/ontology/admingeo/County,Eastern,http://data.ordnancesurvey.co.uk/id/7000000000041425,England,http://data.ordnancesurvey.co.uk/id/country/england,,,
PE132UH,http://data.ordnancesurvey.co.uk/id/postcodeunit/PE132UH,PE13 2UH,,,,other,Postcode,547320,308352,3500,18000,,,,,,,Wisbech,http://data.ordnancesurvey.co.uk/id/4000000074551318,http://www.ordnancesurvey.co.uk/xml/codelists/localtype.xml#town,Fenland,http://data.ordnancesurvey.co.uk/id/7000000000001357,http://data.ordnancesurvey.co.uk/ontology/admingeo/District,Cambridgeshire,http://data.ordnancesurvey.co.uk/id/7000000000001386,http://data.ordnancesurvey.co.uk/ontology/admingeo/County,Eastern,http://data.ordnancesurvey.co.uk/id/7000000000041425,England,http://data.ordnancesurvey.co.uk/id/country/england,,,
PE148PS,http://data.ordnancesurvey.co.uk/id/postcodeunit/PE148PS,PE14 8PS,,,,other,Postcode,552794,304433,3500,18000,,,,,,,,,,King's Lynn and West Norfolk,http://data.ordnancesurvey.co.uk/id/7000000000007016,http://data.ordnancesurvey.co.uk/ontology/admingeo/District,Norfolk,http://data.ordnancesurvey.co.uk/id/7000000000007238,http://data.ordnancesurvey.co.uk/ontology/admingeo/County,Eastern,http://data.ordnancesurvey.co.uk/id/7000000000041425,England,http://data.ordnancesurvey.co.uk/id/country/england,,,
PE132BQ,http://data.ordnancesurvey.co.uk/id/postcodeunit/PE132BQ,PE13 2BQ,,,,other,Postcode,547164,309323,3500,18000,,,,,,,Wisbech,http://data.ordnancesurvey.co.uk/id/4000000074551318,http://www.ordnancesurvey.co.uk/xml/codelists/localtype.xml#town,Fenland,http://data.ordnancesurvey.co.uk/id/7000000000001357,http://data.ordnancesurvey.co.uk/ontology/admingeo/District,Cambridgeshire,http://data.ordnancesurvey.co.uk/id/7000000000001386,http://data.ordnancesurvey.co.uk/ontology/admingeo/County,Eastern,http://data.ordnancesurvey.co.uk/id/7000000000041425,England,http://data.ordnancesurvey.co.uk/id/country/england,,,
PE120HP,http://data.ordnancesurvey.co.uk/id/postcodeunit/PE120HP,PE12 0HP,,,,other,Postcode,540719,318484,3500,18000,,,,,,,,,,South Holland,http://data.ordnancesurvey.co.uk/id/7000000000005599,http://data.ordnancesurvey.co.uk/ontology/admingeo/District,Lincolnshire,http://data.ordnancesurvey.co.uk/id/7000000000005942,http://data.ordnancesurvey.co.uk/ontology/admingeo/County,East Midlands,http://data.ordnancesurvey.co.uk/id/7000000000041423,England,http://data.ordnancesurvey.co.uk/id/country/england,,,
PE133DQ,http://data.ordnancesurvey.co.uk/id/postcodeunit/PE133DQ,PE13 3DQ,,,,other,Postcode,546630,310175,3500,18000,,,,,,,Wisbech,http://data.ordnancesurvey.co.uk/id/4000000074551318,http://www.ordnancesurvey.co.uk/xml/codelists/localtype.xml#town,Fenland,http://data.ordnancesurvey.co.uk/id/7000000000001357,http://data.ordnancesurvey.co.uk/ontology/admingeo/District,Cambridgeshire,http://data.ordnancesurvey.co.uk/id/7000000000001386,http://data.ordnancesurvey.co.uk/ontology/admingeo/County,Eastern,http://data.ordnancesurvey.co.uk/id/7000000000041425,England,http://data.ordnancesurvey.co.uk/id/country/england,,,
PE344EY,http://data.ordnancesurvey.co.uk/id/postcodeunit/PE344EY,PE34 4EY,,,,other,Postcode,553664,319526,3500,18000,,,,,,,,,,King's Lynn and West Norfolk,http://data.ordnancesurvey.co.uk/id/7000000000007016,http://data.ordnancesurvey.co.uk/ontology/admingeo/District,Norfolk,http://data.ordnancesurvey.co.uk/id/7000000000007238,http://data.ordnancesurvey.co.uk/ontology/admingeo/County,Eastern,http://data.ordnancesurvey.co.uk/id/7000000000041425,England,http://data.ordnancesurvey.co.uk/id/country/england,,,
PE135JH,http://data.ordnancesurvey.co.uk/id/postcodeunit/PE135JH,PE13 5JH,,,,other,Postcode,541969,309556,3500,18000,,,,,,,,,,Fenland,http://data.ordnancesurvey.co.uk/id/7000000000001357,http://data.ordnancesurvey.co.uk/ontology/admingeo/District,Cambridgeshire,http://data.ordnancesurvey.co.uk/id/7000000000001386,http://data.ordnancesurvey.co.uk/ontology/admingeo/County,Eastern,http://data.ordnancesurvey.co.uk/id/7000000000041425,England,http://data.ordnancesurvey.co.uk/id/country/england,,,
PE133NZ,http://data.ordnancesurvey.co.uk/id/postcodeunit/PE133NZ,PE13 3NZ,,,,other,Postcode,547517,310544,3500,18000,,,,,,,Wisbech,http://data.ordnancesurvey.co.uk/id/4000000074551318,http://www.ordnancesurvey.co.uk/xml/codelists/localtype.xml#town,Fenland,http://data.ordnancesurvey.co.uk/id/7000000000001357,http://data.ordnancesurvey.co.uk/ontology/admingeo/District,Cambridgeshire,http://data.ordnancesurvey.co.uk/id/7000000000001386,http://data.ordnancesurvey.co.uk/ontology/admingeo/County,Eastern,http://data.ordnancesurvey.co.uk/id/7000000000041425,England,http://data.ordnancesurvey.co.uk/id/country/england,,,
PE344RD,http://data.ordnancesurvey.co.uk/id/postcodeunit/PE344RD,PE34 4RD,,,,other,Postcode,555148,312969,3500,18000,,,,,,,Tilney St Lawrence,http://data.ordnancesurvey.co.uk/id/4000000074550579,http://www.ordnancesurvey.co.uk/xml/codelists/localtype.xml#village,King's Lynn and West Norfolk,http://data.ordnancesurvey.co.uk/id/7000000000007016,http://data.ordnancesurvey.co.uk/ontology/admingeo/District,Norfolk,http://data.ordnancesurvey.co.uk/id/7000000000007238,http://data.ordnancesurvey.co.uk/ontology/admingeo/County,Eastern,http://data.ordnancesurvey.co.uk/id/7000000000041425,England,http://data.ordnancesurvey.co.uk/id/country/england,,,
PE135LE,http://data.ordnancesurvey.co.uk/id/postcodeunit/PE135LE,PE13 5LE,,,,other,Postcode,542664,316607,3500,18000,,,,,,,Tydd St Giles,http://data.ordnancesurvey.co.uk/id/4000000074548770,http://www.ordnancesurvey.co.uk/xml/codelists/localtype.xml#village,Fenland,http://data.ordnancesurvey.co.uk/id/7000000000001357,http://data.ordnancesurvey.co.uk/ontology/admingeo/District,Cambridgeshire,http://data.ordnancesurvey.co.uk/id/7000000000001386,http://data.ordnancesurvey.co.uk/ontology/admingeo/County,Eastern,http://data.ordnancesurvey.co.uk/id/7000000000041425,England,http://data.ordnancesurvey.co.uk/id/country/england,,,
PE135PP,http://data.ordnancesurvey.co.uk/id/postcodeunit/PE135PP,PE13 5PP,,,,other,Postcode,544267,310968,3500,18000,,,,,,,Leverington,http://data.ordnancesurvey.co.uk/id/4000000074551313,http://www.ordnancesurvey.co.uk/xml/codelists/localtype.xml#village,Fenland,http://data.ordnancesurvey.co.uk/id/7000000000001357,http://data.ordnancesurvey.co.uk/ontology/admingeo/District,Cambridgeshire,http://data.ordnancesurvey.co.uk/id/7000000000001386,http://data.ordnancesurvey.co.uk/ontology/admingeo/County,Eastern,http://data.ordnancesurvey.co.uk/id/7000000000041425,England,http://data.ordnancesurvey.co.uk/id/country/england,,,
PE131NA,http://data.ordnancesurvey.co.uk/id/postcodeunit/PE131NA,PE13 1NA,,,,other,Postcode,546015,309690,3500,18000,,,,,,,Wisbech,http://data.ordnancesurvey.co.uk/id/4000000074551318,http://www.ordnancesurvey.co.uk/xml/codelists/localtype.xml#town,Fenland,http://data.ordnancesurvey.co.uk/id/7000000000001357,http://data.ordnancesurvey.co.uk/ontology/admingeo/District,Cambridgeshire,http://data.ordnancesurvey.co.uk/id/7000000000001386,http://data.ordnancesurvey.co.uk/ontology/admingeo/County,Eastern,http://data.ordnancesurvey.co.uk/id/7000000000041425,England,http://data.ordnancesurvey.co.uk/id/country/england,,,
PE147JH,http://data.ordnancesurvey.co.uk/id/postcodeunit/PE147JH,PE14 7JH,,,,other,Postcode,548091,317997,3500,18000,,,,,,,Walpole Marsh,http://data.ordnancesurvey.co.uk/id/4000000074548407,http://www.ordnancesurvey.co.uk/xml/codelists/localtype.xml#village,South Holland,http://data.ordnancesurvey.co.uk/id/7000000000005599,http://data.ordnancesurvey.co.uk/ontology/admingeo/District,Lincolnshire,http://data.ordnancesurvey.co.uk/id/7000000000005942,http://data.ordnancesurvey.co.uk/ontology/admingeo/County,East Midlands,http://data.ordnancesurvey.co.uk/id/7000000000041423,England,http://data.ordnancesurvey.co.uk/id/country/england,,,
PE147AD,http://data.ordnancesurvey.co.uk/id/postcodeunit/PE147AD,PE14 7AD,,,,other,Postcode,546453,312266,3500,18000,,,,,,,,,,King's Lynn and West Norfolk,http://data.ordnancesurvey.co.uk/id/7000000000007016,http://data.ordnancesurvey.co.uk/ontology/admingeo/District,Norfolk,http://data.ordnancesurvey.co.uk/id/7000000000007238,http://data.ordnancesurvey.co.uk/ontology/admingeo/County,Eastern,http://data.ordnancesurvey.co.uk/id/7000000000041425,England,http://data.ordnancesurvey.co.uk/id/country/england,,,
PE133NU,http://data.ordnancesurvey.co.uk/id/postcodeunit/PE133NU,PE13 3NU,,,,other,Postcode,546612,310888,3500,18000,,,,,,,Wisbech,http://data.ordnancesurvey.co.uk/id/4000000074551318,http://www.ordnancesurvey.co.uk/xml/codelists/localtype.xml#town,Fenland,http://data.ordnancesurvey.co.uk/id/7000000000001357,http://data.ordnancesurvey.co.uk/ontology/admingeo/District,Cambridgeshire,http://data.ordnancesurvey.co.uk/id/7000000000001386,http://data.ordnancesurvey.co.uk/ontology/admingeo/County,Eastern,http://data.ordnancesurvey.co.uk/id/7000000000041425,England,http://data.ordnancesurvey.co.uk/id/country/england,,,
PE149HN,http://data.ordnancesurvey.co.uk/id/postcodeunit/PE149HN,PE14 9HN,,,,other,Postcode,551286,301149,3500,18000,,,,,,,,,,King's Lynn and West Norfolk,http://data.ordnancesurvey.co.uk/id/7000000000007016,http://data.ordnancesurvey.co.uk/ontology/admingeo/District,Norfolk,http://data.ordnancesurvey.co.uk/id/7000000000007238,http://data.ordnancesurvey.co.uk/ontology/admingeo/County,Eastern,http://data.ordnancesurvey.co.uk/id/7000000000041425,England,http://data.ordnancesurvey.co.uk/id/country/england,,,
PE135QL,http://data.ordnancesurvey.co.uk/id/postcodeunit/PE135QL,PE13 5QL,,,,other,Postcode,544088,318436,3500,18000,,,,,,,Tydd St Mary,http://data.ordnancesurvey.co.uk/id/4000000074548410,http://www.ordnancesurvey.co.uk/xml/codelists/localtype.xml#village,South Holland,http://data.ordnancesurvey.co.uk/id/7000000000005599,http://data.ordnancesurvey.co.uk/ontology/admingeo/District,Lincolnshire,http://data.ordnancesurvey.co.uk/id/7000000000005942,http://data.ordnancesurvey.co.uk/ontology/admingeo/County,East Midlands,http://data.ordnancesurvey.co.uk/id/7000000000041423,England,http://data.ordnancesurvey.co.uk/id/country/england,,,
PE140RY,http://data.ordnancesurvey.co.uk/id/postcodeunit/PE140RY,PE14 0RY,,,,other,Postcode,543585,305794,3500,18000,,,,,,,,,,Fenland,http://data.ordnancesurvey.co.uk/id/7000000000001357,http://data.ordnancesurvey.co.uk/ontology/admingeo/District,Cambridgeshire,http://data.ordnancesurvey.co.uk/id/7000000000001386,http://data.ordnancesurvey.co.uk/ontology/admingeo/County,Eastern,http://data.ordnancesurvey.co.uk/id/7000000000041425,England,http://data.ordnancesurvey.co.uk/id/country/england,,,
PE133JJ,http://data.ordnancesurvey.co.uk/id/postcodeunit/PE133JJ,PE13 3JJ,,,,other,Postcode,545815,310886,3500,18000,,,,,,,Wisbech,http://data.ordnancesurvey.co.uk/id/4000000074551318,http://www.ordnancesurvey.co.uk/xml/codelists/localtype.xml#town,Fenland,http://data.ordnancesurvey.co.uk/id/7000000000001357,http://data.ordnancesurvey.co.uk/ontology/admingeo/District,Cambridgeshire,http://data.ordnancesurvey.co.uk/id/7000000000001386,http://data.ordnancesurvey.co.uk/ontology/admingeo/County,Eastern,http://data.ordnancesurvey.co.uk/id/7000000000041425,England,http://data.ordnancesurvey.co.uk/id/country/england,,,
PE147TA,http://data.ordnancesurvey.co.uk/id/postcodeunit/PE147TA,PE14 7TA,,,,other,Postcode,553854,314350,3500,18000,,,,,,,Terrington St John,http://data.ordnancesurvey.co.uk/id/4000000074550941,http://www.ordnancesurvey.co.uk/xml/codelists/localtype.xml#village,King's Lynn and West Norfolk,http://data.ordnancesurvey.co.uk/id/7000000000007016,http://data.ordnancesurvey.co.uk/ontology/admingeo/District,Norfolk,http://data.ordnancesurvey.co.uk/id/7000000000007238,http://data.ordnancesurvey.co.uk/ontology/admingeo/County,Eastern,http://data.ordnancesurvey.co.uk/id/7000000000041425,England,http://data.ordnancesurvey.co.uk/id/country/england,,,
PE134NJ,http://data.ordnancesurvey.co.uk/id/postcodeunit/PE134NJ,PE13 4NJ,,,,other,Postcode,541855,312210,3500,18000,,,,,,,Gorefield,http://data.ordnancesurvey.co.uk/id/4000000074551667,http://www.ordnancesurvey.co.uk/xml/codelists/localtype.xml#village,Fenland,http://data.ordnancesurvey.co.uk/id/7000000000001357,http://data.ordnancesurvey.co.uk/ontology/admingeo/District,Cambridgeshire,http://data.ordnancesurvey.co.uk/id/7000000000001386,http://data.ordnancesurvey.co.uk/ontology/admingeo/County,Eastern,http://data.ordnancesurvey.co.uk/id/7000000000041425,England,http://data.ordnancesurvey.co.uk/id/country/england,,,
PE131PH,http://data.ordnancesurvey.co.uk/id/postcodeunit/PE131PH,PE13 1PH,,,,other,Postcode,545852,310344,3500,18000,,,,,,,Wisbech,http://data.ordnancesurvey.co.uk/id/4000000074551318,http://www.ordnancesurvey.co.uk/xml/codelists/localtype.xml#town,Fenland,http://data.ordnancesurvey.co.uk/id/7000000000001357,http://data.ordnancesurvey.co.uk/ontology/admingeo/District,Cambridgeshire,http://data.ordnancesurvey.co.uk/id/7000000000001386,http://data.ordnancesurvey.co.uk/ontology/admingeo/County,Eastern,http://data.ordnancesurvey.co.uk/id/7000000000041425,England,http://data.ordnancesurvey.co.uk/id/country/england,,,
PE148RW,http://data.ordnancesurvey.co.uk/id/postcodeunit/PE148RW,PE14 8RW,,,,other,Postcode,550880,303391,3500,18000,,,,,,,Outwell,http://data.ordnancesurvey.co.uk/id/4000000074548389,http://www.ordnancesurvey.co.uk/xml/codelists/localtype.xml#village,King's Lynn and West Norfolk,http://data.ordnancesurvey.co.uk/id/7000000000007016,http://data.ordnancesurvey.co.uk/ontology/admingeo/District,Norfolk,http://data.ordnancesurvey.co.uk/id/7000000000007238,http://data.ordnancesurvey.co.uk/ontology/admingeo/County,Eastern,http://data.ordnancesurvey.co.uk/id/7000000000041425,England,http://data.ordnancesurvey.co.uk/id/country/england,,,
PE120JB,http://data.ordnancesurvey.co.uk/id/postcodeunit/PE120JB,PE12 0JB,,,,other,Postcode,541060,317208,3500,18000,,,,,,,,,,South Holland,http://data.ordnancesurvey.co.uk/id/7000000000005599,http://data.ordnancesurvey.co.uk/ontology/admingeo/District,Lincolnshire,http://data.ordnancesurvey.co.uk/id/7000000000005942,http://data.ordnancesurvey.co.uk/ontology/admingeo/County,East Midlands,http://data.ordnancesurvey.co.uk/id/7000000000041423,England,http://data.ordnancesurvey.co.uk/id/country/england,,,
PE131HD,http://data.ordnancesurvey.co.uk/id/postcodeunit/PE131HD,PE13 1HD,,,,other,Postcode,546153,309644,3500,18000,,,,,,,Wisbech,http://data.ordnancesurvey.co.uk/id/4000000074551318,http://www.ordnancesurvey.co.uk/xml/codelists/localtype.xml#town,Fenland,http://data.ordnancesurvey.co.uk/id/7000000000001357,http://data.ordnancesurvey.co.uk/ontology/admingeo/District,Cambridgeshire,http://data.ordnancesurvey.co.uk/id/7000000000001386,http://data.ordnancesurvey.co.uk/ontology/admingeo/County,Eastern,http://data.ordnancesurvey.co.uk/id/7000000000041425,England,http://data.ordnancesurvey.co.uk/id/country/england,,,
PE140BT,http://data.ordnancesurvey.co.uk/id/postcodeunit/PE140BT,PE14 0BT,,,,other,Postcode,546805,306396,3500,18000,,,,,,,Elm,http://data.ordnancesurvey.co.uk/id/4000000074341528,http://www.ordnancesurvey.co.uk/xml/codelists/localtype.xml#village,Fenland,http://data.ordnancesurvey.co.uk/id/7000000000001357,http://data.ordnancesurvey.co.uk/ontology/admingeo/District,Cambridgeshire,http://data.ordnancesurvey.co.uk/id/7000000000001386,http://data.ordnancesurvey.co.uk/ontology/admingeo/County,Eastern,http://data.ordnancesurvey.co.uk/id/7000000000041425,England,http://data.ordnancesurvey.co.uk/id/country/england,,,
PE132QY,http://data.ordnancesurvey.co.uk/id/postcodeunit/PE132QY,PE13 2QY,,,,other,Postcode,546406,309221,3500,18000,,,,,,,Wisbech,http://data.ordnancesurvey.co.uk/id/4000000074551318,http://www.ordnancesurvey.co.uk/xml/codelists/localtype.xml#town,Fenland,http://data.ordnancesurvey.co.uk/id/7000000000001357,http://data.ordnancesurvey.co.uk/ontology/admingeo/District,Cambridgeshire,http://data.ordnancesurvey.co.uk/id/7000000000001386,http://data.ordnancesurvey.co.uk/ontology/admingeo/County,Eastern,http://data.ordnancesurvey.co.uk/id/7000000000041425,England,http://data.ordnancesurvey.co.uk/id/country/england,,,
PE140BG,http://data.ordnancesurvey.co.uk/id/postcodeunit/PE140BG,PE14 0BG,,,,other,Postcode,546593,306924,3500,18000,,,,,,,Elm,http://data.ordnancesurvey.co.uk/id/4000000074341528,http://www.ordnancesurvey.co.uk/xml/codelists/localtype.xml#village,Fenland,http://data.ordnancesurvey.co.uk/id/7000000000001357,http://data.ordnancesurvey.co.uk/ontology/admingeo/District,Cambridgeshire,http://data.ordnancesurvey.co.uk/id/7000000000001386,http://data.ordnancesurvey.co.uk/ontology/admingeo/County,Eastern,http://data.ordnancesurvey.co.uk/id/7000000000041425,England,http://data.ordnancesurvey.co.uk/id/country/england,,,
PE135HA,http://data.ordnancesurvey.co.uk/id/postcodeunit/PE135HA,PE13 5HA,,,,other,Postcode,545455,314132,3500,18000,,,,,,,,,,Fenland,http://data.ordnancesurvey.co.uk/id/7000000000001357,http://data.ordnancesurvey.co.uk/ontology/admingeo/District,Cambridgeshire,http://data.ordnancesurvey.co.uk/id/7000000000001386,http://data.ordnancesurvey.co.uk/ontology/admingeo/County,Eastern,http://data.ordnancesurvey.co.uk/id/7000000000041425,England,http://data.ordnancesurvey.co.uk/id/country/england,,,
PE344QA,http://data.ordnancesurvey.co.uk/id/postcodeunit/PE344QA,PE34 4QA,,,,other,Postcode,554098,318045,3500,18000,,,,,,,,,,King's Lynn and West Norfolk,http://data.ordnancesurvey.co.uk/id/7000000000007016,http://data.ordnancesurvey.co.uk/ontology/admingeo/District,Norfolk,http://data.ordnancesurvey.co.uk/id/7000000000007238,http://data.ordnancesurvey.co.uk/ontology/admingeo/County,Eastern,http://data.ordnancesurvey.co.uk/id/7000000000041425,England,http://data.ordnancesurvey.co.uk/id/country/england,,,
PE133JR,http://data.ordnancesurvey.co.uk/id/postcodeunit/PE133JR,PE13 3JR,,,,other,Postcode,546039,311189,3500,18000,,,,,,,Wisbech,http://data.ordnancesurvey.co.uk/id/4000000074551318,http://www.ordnancesurvey.co.uk/xml/codelists/localtype.xml#town,Fenland,http://data.ordnancesurvey.co.uk/id/7000000000001357,http://data.ordnancesurvey.co.uk/ontology/admingeo/District,Cambridgeshire,http://data.ordnancesurvey.co.uk/id/7000000000001386,http://data.ordnancesurvey.co.uk/ontology/admingeo/County,Eastern,http://data.ordnancesurvey.co.uk/id/7000000000041425,England,http://data.ordnancesurvey.co.uk/id/country/england,,,
PE133LN,http://data.ordnancesurvey.co.uk/id/postcodeunit/PE133LN,PE13 3LN,,,,other,Postcode,546267,310895,3500,18000,,,,,,,Wisbech,http://data.ordnancesurvey.co.uk/id/4000000074551318,http://www.ordnancesurvey.co.uk/xml/codelists/localtype.xml#town,Fenland,http://data.ordnancesurvey.co.uk/id/7000000000001357,http://data.ordnancesurvey.co.uk/ontology/admingeo/District,Cambridgeshire,http://data.ordnancesurvey.co.uk/id/7000000000001386,http://data.ordnancesurvey.co.uk/ontology/admingeo/County,Eastern,http://data.ordnancesurvey.co.uk/id/7000000000041425,England,http://data.ordnancesurvey.co.uk/id/country/england,,,
PE148AR,http://data.ordnancesurvey.co.uk/id/postcodeunit/PE148AR,PE14 8AR,,,,other,Postcode,549889,306554,3500,18000,,,,,,,Emneth,http://data.ordnancesurvey.co.uk/id/4000000074550948,http://www.ordnancesurvey.co.uk/xml/codelists/localtype.xml#village,King's Lynn and West Norfolk,http://data.ordnancesurvey.co.uk/id/7000000000007016,http://data.ordnancesurvey.co.uk/ontology/admingeo/District,Norfolk,http://data.ordnancesurvey.co.uk/id/7000000000007238,http://data.ordnancesurvey.co.uk/ontology/admingeo/County,Eastern,http://data.ordnancesurvey.co.uk/id/7000000000041425,England,http://data.ordnancesurvey.co.uk/id/country/england,,,
PE134TS,http://data.ordnancesurvey.co.uk/id/postcodeunit/PE134TS,PE13 4TS,,,,other,Postcode,544901,308147,3500,18000,,,,,,,Wisbech,http://data.ordnancesurvey.co.uk/id/4000000074551318,http://www.ordnancesurvey.co.uk/xml/codelists/localtype.xml#town,Fenland,http://data.ordnancesurvey.co.uk/id/7000000000001357,http://data.ordnancesurvey.co.uk/ontology/admingeo/District,Cambridgeshire,http://data.ordnancesurvey.co.uk/id/7000000000001386,http://data.ordnancesurvey.co.uk/ontology/admingeo/County,Eastern,http://data.ordnancesurvey.co.uk/id/7000000000041425,England,http://data.ordnancesurvey.co.uk/id/country/england,,,
PE343LS,http://data.ordnancesurvey.co.uk/id/postcodeunit/PE343LS,PE34 3LS,,,,other,Postcode,559931,317956,3500,18000,,,,,,,,,,King's Lynn and West Norfolk,http://data.ordnancesurvey.co.uk/id/7000000000007016,http://data.ordnancesurvey.co.uk/ontology/admingeo/District,Norfolk,http://data.ordnancesurvey.co.uk/id/7000000000007238,http://data.ordnancesurvey.co.uk/ontology/admingeo/County,Eastern,http://data.ordnancesurvey.co.uk/id/7000000000041425,England,http://data.ordnancesurvey.co.uk/id/country/england,,,
PE131JL,http://data.ordnancesurvey.co.uk/id/postcodeunit/PE131JL,PE13 1JL,,,,other,Postcode,545853,309558,3500,18000,,,,,,,Wisbech,http://data.ordnancesurvey.co.uk/id/4000000074551318,http://www.ordnancesurvey.co.uk/xml/codelists/localtype.xml#town,Fenland,http://data.ordnancesurvey.co.uk/id/7000000000001357,http://data.ordnancesurvey.co.uk/ontology/admingeo/District,Cambridgeshire,http://data.ordnancesurvey.co.uk/id/7000000000001386,http://data.ordnancesurvey.co.uk/ontology/admingeo/County,Eastern,http://data.ordnancesurvey.co.uk/id/7000000000041425,England,http://data.ordnancesurvey.co.uk/id/country/england,,,
PE132PJ,http://data.ordnancesurvey.co.uk/id/postcodeunit/PE132PJ,PE13 2PJ,,,,other,Postcode,546057,309220,3500,18000,,,,,,,Wisbech,http://data.ordnancesurvey.co.uk/id/4000000074551318,http://www.ordnancesurvey.co.uk/xml/codelists/localtype.xml#town,Fenland,http://data.ordnancesurvey.co.uk/id/7000000000001357,http://data.ordnancesurvey.co.uk/ontology/admingeo/District,Cambridgeshire,http://data.ordnancesurvey.co.uk/id/7000000000001386,http://data.ordnancesurvey.co.uk/ontology/admingeo/County,Eastern,http://data.ordnancesurvey.co.uk/id/7000000000041425,England,http://data.ordnancesurvey.co.uk/id/country/england,,,
PE135QJ,http://data.ordnancesurvey.co.uk/id/postcodeunit/PE135QJ,PE13 5QJ,,,,other,Postcode,544565,318574,3500,18000,,,,,,,Tydd St Mary,http://data.ordnancesurvey.co.uk/id/4000000074548410,http://www.ordnancesurvey.co.uk/xml/codelists/localtype.xml#village,South Holland,http://data.ordnancesurvey.co.uk/id/7000000000005599,http://data.ordnancesurvey.co.uk/ontology/admingeo/District,Lincolnshire,http://data.ordnancesurvey.co.uk/id/7000000000005942,http://data.ordnancesurvey.co.uk/ontology/admingeo/County,East Midlands,http://data.ordnancesurvey.co.uk/id/7000000000041423,England,http://data.ordnancesurvey.co.uk/id/country/england,,,
PE120JA,http://data.ordnancesurvey.co.uk/id/postcodeunit/PE120JA,PE12 0JA,,,,other,Postcode,542976,318425,3500,18000,,,,,,,,,,South Holland,http://data.ordnancesurvey.co.uk/id/7000000000005599,http://data.ordnancesurvey.co.uk/ontology/admingeo/District,Lincolnshire,http://data.ordnancesurvey.co.uk/id/7000000000005942,http://data.ordnancesurvey.co.uk/ontology/admingeo/County,East Midlands,http://data.ordnancesurvey.co.uk/id/7000000000041423,England,http://data.ordnancesurvey.co.uk/id/country/england,,,
PE149AY,http://data.ordnancesurvey.co.uk/id/postcodeunit/PE149AY,PE14 9AY,,,,other,Postcode,550569,302931,3500,18000,,,,,,,Upwell,http://data.ordnancesurvey.co.uk/id/4000000074550938,http://www.ordnancesurvey.co.uk/xml/codelists/localtype.xml#village,King's Lynn and West Norfolk,http://data.ordnancesurvey.co.uk/id/7000000000007016,http://data.ordnancesurvey.co.uk/ontology/admingeo/District,Norfolk,http://data.ordnancesurvey.co.uk/id/7000000000007238,http://data.ordnancesurvey.co.uk/ontology/admingeo/County,Eastern,http://data.ordnancesurvey.co.uk/id/7000000000041425,England,http://data.ordnancesurvey.co.uk/id/country/england,,,
PE135EQ,http://data.ordnancesurvey.co.uk/id/postcodeunit/PE135EQ,PE13 5EQ,,,,other,Postcode,544126,311763,3500,18000,,,,,,,Leverington,http://data.ordnancesurvey.co.uk/id/4000000074551313,http://www.ordnancesurvey.co.uk/xml/codelists/localtype.xml#village,Fenland,http://data.ordnancesurvey.co.uk/id/7000000000001357,http://data.ordnancesurvey.co.uk/ontology/admingeo/District,Cambridgeshire,http://data.ordnancesurvey.co.uk/id/7000000000001386,http://data.ordnancesurvey.co.uk/ontology/admingeo/County,Eastern,http://data.ordnancesurvey.co.uk/id/7000000000041425,England,http://data.ordnancesurvey.co.uk/id/country/england,,,
PE134SZ,http://data.ordnancesurvey.co.uk/id/postcodeunit/PE134SZ,PE13 4SZ,,,,other,Postcode,541625,307970,3500,18000,,,,,,,Wisbech St Mary,http://data.ordnancesurvey.co.uk/id/4000000074551315,http://www.ordnancesurvey.co.uk/xml/codelists/localtype.xml#village,Fenland,http://data.ordnancesurvey.co.uk/id/7000000000001357,http://data.ordnancesurvey.co.uk/ontology/admingeo/District,Cambridgeshire,http://data.ordnancesurvey.co.uk/id/7000000000001386,http://data.ordnancesurvey.co.uk/ontology/admingeo/County,Eastern,http://data.ordnancesurvey.co.uk/id/7000000000041425,England,http://data.ordnancesurvey.co.uk/id/country/england,,,
PE131BD,http://data.ordnancesurvey.co.uk/id/postcodeunit/PE131BD,PE13 1BD,,,,other,Postcode,546236,309752,3500,18000,,,,,,,Wisbech,http://data.ordnancesurvey.co.uk/id/4000000074551318,http://www.ordnancesurvey.co.uk/xml/codelists/localtype.xml#town,Fenland,http://data.ordnancesurvey.co.uk/id/7000000000001357,http://data.ordnancesurvey.co.uk/ontology/admingeo/District,Cambridgeshire,http://data.ordnancesurvey.co.uk/id/7000000000001386,http://data.ordnancesurvey.co.uk/ontology/admingeo/County,Eastern,http://data.ordnancesurvey.co.uk/id/7000000000041425,England,http://data.ordnancesurvey.co.uk/id/country/england,,,
PE147JE,http://data.ordnancesurvey.co.uk/id/postcodeunit/PE147JE,PE14 7JE,,,,other,Postcode,548554,316658,3500,18000,,,,,,,,,,King's Lynn and West Norfolk,http://data.ordnancesurvey.co.uk/id/7000000000007016,http://data.ordnancesurvey.co.uk/ontology/admingeo/District,Norfolk,http://data.ordnancesurvey.co.uk/id/7000000000007238,http://data.ordnancesurvey.co.uk/ontology/admingeo/County,Eastern,http://data.ordnancesurvey.co.uk/id/7000000000041425,England,http://data.ordnancesurvey.co.uk/id/country/england,,,
PE133NP,http://data.ordnancesurvey.co.uk/id/postcodeunit/PE133NP,PE13 3NP,,,,other,Postcode,546489,311022,3500,18000,,,,,,,Wisbech,http://data.ordnancesurvey.co.uk/id/4000000074551318,http://www.ordnancesurvey.co.uk/xml/codelists/localtype.xml#town,Fenland,http://data.ordnancesurvey.co.uk/id/7000000000001357,http://data.ordnancesurvey.co.uk/ontology/admingeo/District,Cambridgeshire,http://data.ordnancesurvey.co.uk/id/7000000000001386,http://data.ordnancesurvey.co.uk/ontology/admingeo/County,Eastern,http://data.ordnancesurvey.co.uk/id/7000000000041425,England,http://data.ordnancesurvey.co.uk/id/country/england,,,
PE131NJ,http://data.ordnancesurvey.co.uk/id/postcodeunit/PE131NJ,PE13 1NJ,,,,other,Postcode,546056,309769,3500,18000,,,,,,,Wisbech,http://data.ordnancesurvey.co.uk/id/4000000074551318,http://www.ordnancesurvey.co.uk/xml/codelists/localtype.xml#town,Fenland,http://data.ordnancesurvey.co.uk/id/7000000000001357,http://data.ordnancesurvey.co.uk/ontology/admingeo/District,Cambridgeshire,http://data.ordnancesurvey.co.uk/id/7000000000001386,http://data.ordnancesurvey.co.uk/ontology/admingeo/County,Eastern,http://data.ordnancesurvey.co.uk/id/7000000000041425,England,http://data.ordnancesurvey.co.uk/id/country/england,,,
PE147EF,http://data.ordnancesurvey.co.uk/id/postcodeunit/PE147EF,PE14 7EF,,,,other,Postcode,548236,313406,3500,18000,,,,,,,West Walton,http://data.ordnancesurvey.co.uk/id/4000000074552041,http://www.ordnancesurvey.co.uk/xml/codelists/localtype.xml#village,King's Lynn and West Norfolk,http://data.ordnancesurvey.co.uk/id/7000000000007016,http://data.ordnancesurvey.co.uk/ontology/admingeo/District,Norfolk,http://data.ordnancesurvey.co.uk/id/7000000000007238,http://data.ordnancesurvey.co.uk/ontology/admingeo/County,Eastern,http://data.ordnancesurvey.co.uk/id/7000000000041425,England,http://data.ordnancesurvey.co.uk/id/country/england,,,
PE134LH,http://data.ordnancesurvey.co.uk/id/postcodeunit/PE134LH,PE13 4LH,,,,other,Postcode,540226,309328,3500,18000,,,,,,,,,,Fenland,http://data.ordnancesurvey.co.uk/id/7000000000001357,http://data.ordnancesurvey.co.uk/ontology/admingeo/District,Cambridgeshire,http://data.ordnancesurvey.co.uk/id/7000000000001386,http://data.ordnancesurvey.co.uk/ontology/admingeo/County,Eastern,http://data.ordnancesurvey.co.uk/id/7000000000041425,England,http://data.ordnancesurvey.co.uk/id/country/england,,,
PE135BT,http://data.ordnancesurvey.co.uk/id/postcodeunit/PE135BT,PE13 5BT,,,,other,Postcode,543422,310637,3500,18000,,,,,,,Leverington,http://data.ordnancesurvey.co.uk/id/4000000074551313,http://www.ordnancesurvey.co.uk/xml/codelists/localtype.xml#village,Fenland,http://data.ordnancesurvey.co.uk/id/7000000000001357,http://data.ordnancesurvey.co.uk/ontology/admingeo/District,Cambridgeshire,http://data.ordnancesurvey.co.uk/id/7000000000001386,http://data.ordnancesurvey.co.uk/ontology/admingeo/County,Eastern,http://data.ordnancesurvey.co.uk/id/7000000000041425,England,http://data.ordnancesurvey.co.uk/id/country/england,,,
PE149AB,http://data.ordnancesurvey.co.uk/id/postcodeunit/PE149AB,PE14 9AB,,,,other,Postcode,550657,302524,3500,18000,,,,,,,Upwell,http://data.ordnancesurvey.co.uk/id/4000000074550938,http://www.ordnancesurvey.co.uk/xml/codelists/localtype.xml#village,King's Lynn and West Norfolk,http://data.ordnancesurvey.co.uk/id/7000000000007016,http://data.ordnancesurvey.co.uk/ontology/admingeo/District,Norfolk,http://data.ordnancesurvey.co.uk/id/7000000000007238,http://data.ordnancesurvey.co.uk/ontology/admingeo/County,Eastern,http://data.ordnancesurvey.co.uk/id/7000000000041425,England,http://data.ordnancesurvey.co.uk/id/country/england,,,
PE140RN,http://data.ordnancesurvey.co.uk/id/postcodeunit/PE140RN,PE14 0RN,,,,other,Postcode,545063,307066,3500,18000,,,,,,,,,,Fenland,http://data.ordnancesurvey.co.uk/id/7000000000001357,http://data.ordnancesurvey.co.uk/ontology/admingeo/District,Cambridgeshire,http://data.ordnancesurvey.co.uk/id/7000000000001386,http://data.ordnancesurvey.co.uk/ontology/admingeo/County,Eastern,http://data.ordnancesurvey.co.uk/id/7000000000041425,England,http://data.ordnancesurvey.co.uk/id/country/england,,,
PE134TY,http://data.ordnancesurvey.co.uk/id/postcodeunit/PE134TY,PE13 4TY,,,,other,Postcode,543258,307214,3500,18000,,,,,,,,,,Fenland,http://data.ordnancesurvey.co.uk/id/7000000000001357,http://data.ordnancesurvey.co.uk/ontology/admingeo/District,Cambridgeshire,http://data.ordnancesurvey.co.uk/id/7000000000001386,http://data.ordnancesurvey.co.uk/ontology/admingeo/County,Eastern,http://data.ordnancesurvey.co.uk/id/7000000000041425,England,http://data.ordnancesurvey.co.uk/id/country/england,,,
PE140DB,http://data.ordnancesurvey.co.uk/id/postcodeunit/PE140DB,PE14 0DB,,,,other,Postcode,547247,307497,3500,18000,,,,,,,Elm,http://data.ordnancesurvey.co.uk/id/4000000074341528,http://www.ordnancesurvey.co.uk/xml/codelists/localtype.xml#village,Fenland,http://data.ordnancesurvey.co.uk/id/7000000000001357,http://data.ordnancesurvey.co.uk/ontology/admingeo/District,Cambridgeshire,http://data.ordnancesurvey.co.uk/id/7000000000001386,http://data.ordnancesurvey.co.uk/ontology/admingeo/County,Eastern,http://data.ordnancesurvey.co.uk/id/7000000000041425,England,http://data.ordnancesurvey.co.uk/id/country/england,,,
PE135JJ,http://data.ordnancesurvey.co.uk/id/postcodeunit/PE135JJ,PE13 5JJ,,,,other,Postcode,541607,309178,3500,18000,,,,,,,,,,Fenland,http://data.ordnancesurvey.co.uk/id/7000000000001357,http://data.ordnancesurvey.co.uk/ontology/admingeo/District,Cambridgeshire,http://data.ordnancesurvey.co.uk/id/7000000000001386,http://data.ordnancesurvey.co.uk/ontology/admingeo/County,Eastern,http://data.ordnancesurvey.co.uk/id/7000000000041425,England,http://data.ordnancesurvey.co.uk/id/country/england,,,
PE131RT,http://data.ordnancesurvey.co.uk/id/postcodeunit/PE131RT,PE13 1RT,,,,other,Postcode,545355,310497,3500,18000,,,,,,,Wisbech,http://data.ordnancesurvey.co.uk/id/4000000074551318,http://www.ordnancesurvey.co.uk/xml/codelists/localtype.xml#town,Fenland,http://data.ordnancesurvey.co.uk/id/7000000000001357,http://data.ordnancesurvey.co.uk/ontology/admingeo/District,Cambridgeshire,http://data.ordnancesurvey.co.uk/id/7000000000001386,http://data.ordnancesurvey.co.uk/ontology/admingeo/County,Eastern,http://data.ordnancesurvey.co.uk/id/7000000000041425,England,http://data.ordnancesurvey.co.uk/id/country/england,,,
PE132AZ,http://data.ordnancesurvey.co.uk/id/postcodeunit/PE132AZ,PE13 2AZ,,,,other,Postcode,546700,309564,3500,18000,,,,,,,Wisbech,http://data.ordnancesurvey.co.uk/id/4000000074551318,http://www.ordnancesurvey.co.uk/xml/codelists/localtype.xml#town,Fenland,http://data.ordnancesurvey.co.uk/id/7000000000001357,http://data.ordnancesurvey.co.uk/ontology/admingeo/District,Cambridgeshire,http://data.ordnancesurvey.co.uk/id/7000000000001386,http://data.ordnancesurvey.co.uk/ontology/admingeo/County,Eastern,http://data.ordnancesurvey.co.uk/id/7000000000041425,England,http://data.ordnancesurvey.co.uk/id/country/england,,,
PE147PP,http://data.ordnancesurvey.co.uk/id/postcodeunit/PE147PP,PE14 7PP,,,,other,Postcode,550722,317394,3500,18000,,,,,,,Walpole St Peter,http://data.ordnancesurvey.co.uk/id/4000000074550943,http://www.ordnancesurvey.co.uk/xml/codelists/localtype.xml#village,King's Lynn and West Norfolk,http://data.ordnancesurvey.co.uk/id/7000000000007016,http://data.ordnancesurvey.co.uk/ontology/admingeo/District,Norfolk,http://data.ordnancesurvey.co.uk/id/7000000000007238,http://data.ordnancesurvey.co.uk/ontology/admingeo/County,Eastern,http://data.ordnancesurvey.co.uk/id/7000000000041425,England,http://data.ordnancesurvey.co.uk/id/country/england,,,
PE135RE,http://data.ordnancesurvey.co.uk/id/postcodeunit/PE135RE,PE13 5RE,,,,other,Postcode,546155,317978,3500,18000,,,,,,,,,,South Holland,http://data.ordnancesurvey.co.uk/id/7000000000005599,http://data.ordnancesurvey.co.uk/ontology/admingeo/District,Lincolnshire,http://data.ordnancesurvey.co.uk/id/7000000000005942,http://data.ordnancesurvey.co.uk/ontology/admingeo/County,East Midlands,http://data.ordnancesurvey.co.uk/id/7000000000041423,England,http://data.ordnancesurvey.co.uk/id/country/england,,,
PE149BT,http://data.ordnancesurvey.co.uk/id/postcodeunit/PE149BT,PE14 9BT,,,,other,Postcode,550737,302565,3500,18000,,,,,,,Upwell,http://data.ordnancesurvey.co.uk/id/4000000074550938,http://www.ordnancesurvey.co.uk/xml/codelists/localtype.xml#village,King's Lynn and West Norfolk,http://data.ordnancesurvey.co.uk/id/7000000000007016,http://data.ordnancesurvey.co.uk/ontology/admingeo/District,Norfolk,http://data.ordnancesurvey.co.uk/id/7000000000007238,http://data.ordnancesurvey.co.uk/ontology/admingeo/County,Eastern,http://data.ordnancesurvey.co.uk/id/7000000000041425,England,http://data.ordnancesurvey.co.uk/id/country/england,,,
PE131DL,http://data.ordnancesurvey.co.uk/id/postcodeunit/PE131DL,PE13 1DL,,,,other,Postcode,546238,309709,3500,18000,,,,,,,Wisbech,http://data.ordnancesurvey.co.uk/id/4000000074551318,http://www.ordnancesurvey.co.uk/xml/codelists/localtype.xml#town,Fenland,http://data.ordnancesurvey.co.uk/id/7000000000001357,http://data.ordnancesurvey.co.uk/ontology/admingeo/District,Cambridgeshire,http://data.ordnancesurvey.co.uk/id/7000000000001386,http://data.ordnancesurvey.co.uk/ontology/admingeo/County,Eastern,http://data.ordnancesurvey.co.uk/id/7000000000041425,England,http://data.ordnancesurvey.co.uk/id/country/england,,,
PE131QD,http://data.ordnancesurvey.co.uk/id/postcodeunit/PE131QD,PE13 1QD,,,,other,Postcode,546013,310117,3500,18000,,,,,,,Wisbech,http://data.ordnancesurvey.co.uk/id/4000000074551318,http://www.ordnancesurvey.co.uk/xml/codelists/localtype.xml#town,Fenland,http://data.ordnancesurvey.co.uk/id/7000000000001357,http://data.ordnancesurvey.co.uk/ontology/admingeo/District,Cambridgeshire,http://data.ordnancesurvey.co.uk/id/7000000000001386,http://data.ordnancesurvey.co.uk/ontology/admingeo/County,Eastern,http://data.ordnancesurvey.co.uk/id/7000000000041425,England,http://data.ordnancesurvey.co.uk/id/country/england,,,
PE344PZ,http://data.ordnancesurvey.co.uk/id/postcodeunit/PE344PZ,PE34 4PZ,,,,other,Postcode,553922,319326,3500,18000,,,,,,,Terrington St Clement,http://data.ordnancesurvey.co.uk/id/4000000074548395,http://www.ordnancesurvey.co.uk/xml/codelists/localtype.xml#otherSettlement,King's Lynn and West Norfolk,http://data.ordnancesurvey.co.uk/id/7000000000007016,http://data.ordnancesurvey.co.uk/ontology/admingeo/District,Norfolk,http://data.ordnancesurvey.co.uk/id/7000000000007238,http://data.ordnancesurvey.co.uk/ontology/admingeo/County,Eastern,http://data.ordnancesurvey.co.uk/id/7000000000041425,England,http://data.ordnancesurvey.co.uk/id/country/england,,,
PE380AF,http://data.ordnancesurvey.co.uk/id/postcodeunit/PE380AF,PE38 0AF,,,,other,Postcode,559530,302800,3500,18000,,,,,,,,,,King's Lynn and West Norfolk,http://data.ordnancesurvey.co.uk/id/7000000000007016,http://data.ordnancesurvey.co.uk/ontology/admingeo/District,Norfolk,http://data.ordnancesurvey.co.uk/id/7000000000007238,http://data.ordnancesurvey.co.uk/ontology/admingeo/County,Eastern,http://data.ordnancesurvey.co.uk/id/7000000000041425,England,http://data.ordnancesurvey.co.uk/id/country/england,,,
PE149AG,http://data.ordnancesurvey.co.uk/id/postcodeunit/PE149AG,PE14 9AG,,,,other,Postcode,550669,303106,3500,18000,,,,,,,Upwell,http://data.ordnancesurvey.co.uk/id/4000000074550938,http://www.ordnancesurvey.co.uk/xml/codelists/localtype.xml#village,King's Lynn and West Norfolk,http://data.ordnancesurvey.co.uk/id/7000000000007016,http://data.ordnancesurvey.co.uk/ontology/admingeo/District,Norfolk,http://data.ordnancesurvey.co.uk/id/7000000000007238,http://data.ordnancesurvey.co.uk/ontology/admingeo/County,Eastern,http://data.ordnancesurvey.co.uk/id/7000000000041425,England,http://data.ordnancesurvey.co.uk/id/country/england,,,
PE148ET,http://data.ordnancesurvey.co.uk/id/postcodeunit/PE148ET,PE14 8ET,,,,other,Postcode,552011,309416,3500,18000,,,,,,,Marshland St James,http://data.ordnancesurvey.co.uk/id/4000000074548753,http://www.ordnancesurvey.co.uk/xml/codelists/localtype.xml#village,King's Lynn and West Norfolk,http://data.ordnancesurvey.co.uk/id/7000000000007016,http://data.ordnancesurvey.co.uk/ontology/admingeo/District,Norfolk,http://data.ordnancesurvey.co.uk/id/7000000000007238,http://data.ordnancesurvey.co.uk/ontology/admingeo/County,Eastern,http://data.ordnancesurvey.co.uk/id/7000000000041425,England,http://data.ordnancesurvey.co.uk/id/country/england,,,
PE149AJ,http://data.ordnancesurvey.co.uk/id/postcodeunit/PE149AJ,PE14 9AJ,,,,other,Postcode,550554,303241,3500,18000,,,,,,,Upwell,http://data.ordnancesurvey.co.uk/id/4000000074550938,http://www.ordnancesurvey.co.uk/xml/codelists/localtype.xml#village,King's Lynn and West Norfolk,http://data.ordnancesurvey.co.uk/id/7000000000007016,http://data.ordnancesurvey.co.uk/ontology/admingeo/District,Norfolk,http://data.ordnancesurvey.co.uk/id/7000000000007238,http://data.ordnancesurvey.co.uk/ontology/admingeo/County,Eastern,http://data.ordnancesurvey.co.uk/id/7000000000041425,England,http://data.ordnancesurvey.co.uk/id/country/england,,,
PE147JP,http://data.ordnancesurvey.co.uk/id/postcodeunit/PE147JP,PE14 7JP,,,,other,Postcode,548599,318553,3500,18000,,,,,,,,,,South Holland,http://data.ordnancesurvey.co.uk/id/7000000000005599,http://data.ordnancesurvey.co.uk/ontology/admingeo/District,Lincolnshire,http://data.ordnancesurvey.co.uk/id/7000000000005942,http://data.ordnancesurvey.co.uk/ontology/admingeo/County,East Midlands,http://data.ordnancesurvey.co.uk/id/7000000000041423,England,http://data.ordnancesurvey.co.uk/id/country/england,,,
PE131AL,http://data.ordnancesurvey.co.uk/id/postcodeunit/PE131AL,PE13 1AL,,,,other,Postcode,546188,309830,3500,18000,,,,,,,Wisbech,http://data.ordnancesurvey.co.uk/id/4000000074551318,http://www.ordnancesurvey.co.uk/xml/codelists/localtype.xml#town,Fenland,http://data.ordnancesurvey.co.uk/id/7000000000001357,http://data.ordnancesurvey.co.uk/ontology/admingeo/District,Cambridgeshire,http://data.ordnancesurvey.co.uk/id/7000000000001386,http://data.ordnancesurvey.co.uk/ontology/admingeo/County,Eastern,http://data.ordnancesurvey.co.uk/id/7000000000041425,England,http://data.ordnancesurvey.co.uk/id/country/england,,,
PE133NQ,http://data.ordnancesurvey.co.uk/id/postcodeunit/PE133NQ,PE13 3NQ,,,,other,Postcode,546339,310483,3500,18000,,,,,,,Wisbech,http://data.ordnancesurvey.co.uk/id/4000000074551318,http://www.ordnancesurvey.co.uk/xml/codelists/localtype.xml#town,Fenland,http://data.ordnancesurvey.co.uk/id/7000000000001357,http://data.ordnancesurvey.co.uk/ontology/admingeo/District,Cambridgeshire,http://data.ordnancesurvey.co.uk/id/7000000000001386,http://data.ordnancesurvey.co.uk/ontology/admingeo/County,Eastern,http://data.ordnancesurvey.co.uk/id/7000000000041425,England,http://data.ordnancesurvey.co.uk/id/country/england,,,
PE343DE,http://data.ordnancesurvey.co.uk/id/postcodeunit/PE343DE,PE34 3DE,,,,other,Postcode,558827,309375,3500,18000,,,,,,,,,,King's Lynn and West Norfolk,http://data.ordnancesurvey.co.uk/id/7000000000007016,http://data.ordnancesurvey.co.uk/ontology/admingeo/District,Norfolk,http://data.ordnancesurvey.co.uk/id/7000000000007238,http://data.ordnancesurvey.co.uk/ontology/admingeo/County,Eastern,http://data.ordnancesurvey.co.uk/id/7000000000041425,England,http://data.ordnancesurvey.co.uk/id/country/england,,,
PE135DW,http://data.ordnancesurvey.co.uk/id/postcodeunit/PE135DW,PE13 5DW,,,,other,Postcode,545159,310716,3500,18000,,,,,,,Wisbech,http://data.ordnancesurvey.co.uk/id/4000000074551318,http://www.ordnancesurvey.co.uk/xml/codelists/localtype.xml#town,Fenland,http://data.ordnancesurvey.co.uk/id/7000000000001357,http://data.ordnancesurvey.co.uk/ontology/admingeo/District,Cambridgeshire,http://data.ordnancesurvey.co.uk/id/7000000000001386,http://data.ordnancesurvey.co.uk/ontology/admingeo/County,Eastern,http://data.ordnancesurvey.co.uk/id/7000000000041425,England,http://data.ordnancesurvey.co.uk/id/country/england,,,
PE133JW,http://data.ordnancesurvey.co.uk/id/postcodeunit/PE133JW,PE13 3JW,,,,other,Postcode,545957,310861,3500,18000,,,,,,,Wisbech,http://data.ordnancesurvey.co.uk/id/4000000074551318,http://www.ordnancesurvey.co.uk/xml/codelists/localtype.xml#town,Fenland,http://data.ordnancesurvey.co.uk/id/7000000000001357,http://data.ordnancesurvey.co.uk/ontology/admingeo/District,Cambridgeshire,http://data.ordnancesurvey.co.uk/id/7000000000001386,http://data.ordnancesurvey.co.uk/ontology/admingeo/County,Eastern,http://data.ordnancesurvey.co.uk/id/7000000000041425,England,http://data.ordnancesurvey.co.uk/id/country/england,,,
PE148JN,http://data.ordnancesurvey.co.uk/id/postcodeunit/PE148JN,PE14 8JN,,,,other,Postcode,556084,311534,3500,18000,,,,,,,,,,King's Lynn and West Norfolk,http://data.ordnancesurvey.co.uk/id/7000000000007016,http://data.ordnancesurvey.co.uk/ontology/admingeo/District,Norfolk,http://data.ordnancesurvey.co.uk/id/7000000000007238,http://data.ordnancesurvey.co.uk/ontology/admingeo/County,Eastern,http://data.ordnancesurvey.co.uk/id/7000000000041425,England,http://data.ordnancesurvey.co.uk/id/country/england,,,
PE343BE,http://data.ordnancesurvey.co.uk/id/postcodeunit/PE343BE,PE34 3BE,,,,other,Postcode,559669,311767,3500,18000,,,,,,,,,,King's Lynn and West Norfolk,http://data.ordnancesurvey.co.uk/id/7000000000007016,http://data.ordnancesurvey.co.uk/ontology/admingeo/District,Norfolk,http://data.ordnancesurvey.co.uk/id/7000000000007238,http://data.ordnancesurvey.co.uk/ontology/admingeo/County,Eastern,http://data.ordnancesurvey.co.uk/id/7000000000041425,England,http://data.ordnancesurvey.co.uk/id/country/england,,,
PE131DT,http://data.ordnancesurvey.co.uk/id/postcodeunit/PE131DT,PE13 1DT,,,,other,Postcode,546259,309623,3500,18000,,,,,,,Wisbech,http://data.ordnancesurvey.co.uk/id/4000000074551318,http://www.ordnancesurvey.co.uk/xml/codelists/localtype.xml#town,Fenland,http://data.ordnancesurvey.co.uk/id/7000000000001357,http://data.ordnancesurvey.co.uk/ontology/admingeo/District,Cambridgeshire,http://data.ordnancesurvey.co.uk/id/7000000000001386,http://data.ordnancesurvey.co.uk/ontology/admingeo/County,Eastern,http://data.ordnancesurvey.co.uk/id/7000000000041425,England,http://data.ordnancesurvey.co.uk/id/country/england,,,
PE132QF,http://data.ordnancesurvey.co.uk/id/postcodeunit/PE132QF,PE13 2QF,,,,other,Postcode,546211,309013,3500,18000,,,,,,,Wisbech,http://data.ordnancesurvey.co.uk/id/4000000074551318,http://www.ordnancesurvey.co.uk/xml/codelists/localtype.xml#town,Fenland,http://data.ordnancesurvey.co.uk/id/7000000000001357,http://data.ordnancesurvey.co.uk/ontology/admingeo/District,Cambridgeshire,http://data.ordnancesurvey.co.uk/id/7000000000001386,http://data.ordnancesurvey.co.uk/ontology/admingeo/County,Eastern,http://data.ordnancesurvey.co.uk/id/7000000000041425,England,http://data.ordnancesurvey.co.uk/id/country/england,,,
PE133PT,http://data.ordnancesurvey.co.uk/id/postcodeunit/PE133PT,PE13 3PT,,,,other,Postcode,546417,311212,3500,18000,,,,,,,Wisbech,http://data.ordnancesurvey.co.uk/id/4000000074551318,http://www.ordnancesurvey.co.uk/xml/codelists/localtype.xml#town,Fenland,http://data.ordnancesurvey.co.uk/id/7000000000001357,http://data.ordnancesurvey.co.uk/ontology/admingeo/District,Cambridgeshire,http://data.ordnancesurvey.co.uk/id/7000000000001386,http://data.ordnancesurvey.co.uk/ontology/admingeo/County,Eastern,http://data.ordnancesurvey.co.uk/id/7000000000041425,England,http://data.ordnancesurvey.co.uk/id/country/england,,,
PE140DJ,http://data.ordnancesurvey.co.uk/id/postcodeunit/PE140DJ,PE14 0DJ,,,,other,Postcode,547485,307380,3500,18000,,,,,,,Elm,http://data.ordnancesurvey.co.uk/id/4000000074341528,http://www.ordnancesurvey.co.uk/xml/codelists/localtype.xml#village,King's Lynn and West Norfolk,http://data.ordnancesurvey.co.uk/id/7000000000007016,http://data.ordnancesurvey.co.uk/ontology/admingeo/District,Norfolk,http://data.ordnancesurvey.co.uk/id/7000000000007238,http://data.ordnancesurvey.co.uk/ontology/admingeo/County,Eastern,http://data.ordnancesurvey.co.uk/id/7000000000041425,England,http://data.ordnancesurvey.co.uk/id/country/england,,,
PE135LH,http://data.ordnancesurvey.co.uk/id/postcodeunit/PE135LH,PE13 5LH,,,,other,Postcode,542343,316072,3500,18000,,,,,,,Tydd St Giles,http://data.ordnancesurvey.co.uk/id/4000000074548770,http://www.ordnancesurvey.co.uk/xml/codelists/localtype.xml#village,Fenland,http://data.ordnancesurvey.co.uk/id/7000000000001357,http://data.ordnancesurvey.co.uk/ontology/admingeo/District,Cambridgeshire,http://data.ordnancesurvey.co.uk/id/7000000000001386,http://data.ordnancesurvey.co.uk/ontology/admingeo/County,Eastern,http://data.ordnancesurvey.co.uk/id/7000000000041425,England,http://data.ordnancesurvey.co.uk/id/country/england,,,
PE140SH,http://data.ordnancesurvey.co.uk/id/postcodeunit/PE140SH,PE14 0SH,,,,other,Postcode,545320,307859,3500,18000,,,,,,,Wisbech,http://data.ordnancesurvey.co.uk/id/4000000074551318,http://www.ordnancesurvey.co.uk/xml/codelists/localtype.xml#town,Fenland,http://data.ordnancesurvey.co.uk/id/7000000000001357,http://data.ordnancesurvey.co.uk/ontology/admingeo/District,Cambridgeshire,http://data.ordnancesurvey.co.uk/id/7000000000001386,http://data.ordnancesurvey.co.uk/ontology/admingeo/County,Eastern,http://data.ordnancesurvey.co.uk/id/7000000000041425,England,http://data.ordnancesurvey.co.uk/id/country/england,,,
PE134SL,http://data.ordnancesurvey.co.uk/id/postcodeunit/PE134SL,PE13 4SL,,,,other,Postcode,540029,306163,3500,18000,,,,,,,Tholomas Drove,http://data.ordnancesurvey.co.uk/id/4000000074550591,http://www.ordnancesurvey.co.uk/xml/codelists/localtype.xml#village,Fenland,http://data.ordnancesurvey.co.uk/id/7000000000001357,http://data.ordnancesurvey.co.uk/ontology/admingeo/District,Cambridgeshire,http://data.ordnancesurvey.co.uk/id/7000000000001386,http://data.ordnancesurvey.co.uk/ontology/admingeo/County,Eastern,http://data.ordnancesurvey.co.uk/id/7000000000041425,England,http://data.ordnancesurvey.co.uk/id/country/england,,,
PE343PG,http://data.ordnancesurvey.co.uk/id/postcodeunit/PE343PG,PE34 3PG,,,,other,Postcode,557873,308155,3500,18000,,,,,,,,,,King's Lynn and West Norfolk,http://data.ordnancesurvey.co.uk/id/7000000000007016,http://data.ordnancesurvey.co.uk/ontology/admingeo/District,Norfolk,http://data.ordnancesurvey.co.uk/id/7000000000007238,http://data.ordnancesurvey.co.uk/ontology/admingeo/County,Eastern,http://data.ordnancesurvey.co.uk/id/7000000000041425,England,http://data.ordnancesurvey.co.uk/id/country/england,,,
PE344QN,http://data.ordnancesurvey.co.uk/id/postcodeunit/PE344QN,PE34 4QN,,,,other,Postcode,554213,314141,3500,18000,,,,,,,Tilney St Lawrence,http://data.ordnancesurvey.co.uk/id/4000000074550579,http://www.ordnancesurvey.co.uk/xml/codelists/localtype.xml#village,King's Lynn and West Norfolk,http://data.ordnancesurvey.co.uk/id/7000000000007016,http://data.ordnancesurvey.co.uk/ontology/admingeo/District,Norfolk,http://data.ordnancesurvey.co.uk/id/7000000000007238,http://data.ordnancesurvey.co.uk/ontology/admingeo/County,Eastern,http://data.ordnancesurvey.co.uk/id/7000000000041425,England,http://data.ordnancesurvey.co.uk/id/country/england,,,
PE131TL,http://data.ordnancesurvey.co.uk/id/postcodeunit/PE131TL,PE13 1TL,,,,other,Postcode,545728,310390,3500,18000,,,,,,,Wisbech,http://data.ordnancesurvey.co.uk/id/4000000074551318,http://www.ordnancesurvey.co.uk/xml/codelists/localtype.xml#town,Fenland,http://data.ordnancesurvey.co.uk/id/7000000000001357,http://data.ordnancesurvey.co.uk/ontology/admingeo/District,Cambridgeshire,http://data.ordnancesurvey.co.uk/id/7000000000001386,http://data.ordnancesurvey.co.uk/ontology/admingeo/County,Eastern,http://data.ordnancesurvey.co.uk/id/7000000000041425,England,http://data.ordnancesurvey.co.uk/id/country/england,,,
PE148EZ,http://data.ordnancesurvey.co.uk/id/postcodeunit/PE148EZ,PE14 8EZ,,,,other,Postcode,552454,309894,3500,18000,,,,,,,Marshland St James,http://data.ordnancesurvey.co.uk/id/4000000074548753,http://www.ordnancesurvey.co.uk/xml/codelists/localtype.xml#village,King's Lynn and West Norfolk,http://data.ordnancesurvey.co.uk/id/7000000000007016,http://data.ordnancesurvey.co.uk/ontology/admingeo/District,Norfolk,http://data.ordnancesurvey.co.uk/id/7000000000007238,http://data.ordnancesurvey.co.uk/ontology/admingeo/County,Eastern,http://data.ordnancesurvey.co.uk/id/7000000000041425,England,http://data.ordnancesurvey.co.uk/id/country/england,,,
PE131RS,http://data.ordnancesurvey.co.uk/id/postcodeunit/PE131RS,PE13 1RS,,,,other,Postcode,545435,310420,3500,18000,,,,,,,Wisbech,http://data.ordnancesurvey.co.uk/id/4000000074551318,http://www.ordnancesurvey.co.uk/xml/codelists/localtype.xml#town,Fenland,http://data.ordnancesurvey.co.uk/id/7000000000001357,http://data.ordnancesurvey.co.uk/ontology/admingeo/District,Cambridgeshire,http://data.ordnancesurvey.co.uk/id/7000000000001386,http://data.ordnancesurvey.co.uk/ontology/admingeo/County,Eastern,http://data.ordnancesurvey.co.uk/id/7000000000041425,England,http://data.ordnancesurvey.co.uk/id/country/england,,,
PE134SS,http://data.ordnancesurvey.co.uk/id/postcodeunit/PE134SS,PE13 4SS,,,,other,Postcode,542123,308494,3500,18000,,,,,,,Wisbech St Mary,http://data.ordnancesurvey.co.uk/id/4000000074551315,http://www.ordnancesurvey.co.uk/xml/codelists/localtype.xml#village,Fenland,http://data.ordnancesurvey.co.uk/id/7000000000001357,http://data.ordnancesurvey.co.uk/ontology/admingeo/District,Cambridgeshire,http://data.ordnancesurvey.co.uk/id/7000000000001386,http://data.ordnancesurvey.co.uk/ontology/admingeo/County,Eastern,http://data.ordnancesurvey.co.uk/id/7000000000041425,England,http://data.ordnancesurvey.co.uk/id/country/england,,,
PE135DY,http://data.ordnancesurvey.co.uk/id/postcodeunit/PE135DY,PE13 5DY,,,,other,Postcode,545206,312480,3500,18000,,,,,,,,,,Fenland,http://data.ordnancesurvey.co.uk/id/7000000000001357,http://data.ordnancesurvey.co.uk/ontology/admingeo/District,Cambridgeshire,http://data.ordnancesurvey.co.uk/id/7000000000001386,http://data.ordnancesurvey.co.uk/ontology/admingeo/County,Eastern,http://data.ordnancesurvey.co.uk/id/7000000000041425,England,http://data.ordnancesurvey.co.uk/id/country/england,,,
PE132AX,http://data.ordnancesurvey.co.uk/id/postcodeunit/PE132AX,PE13 2AX,,,,other,Postcode,546626,309372,3500,18000,,,,,,,Wisbech,http://data.ordnancesurvey.co.uk/id/4000000074551318,http://www.ordnancesurvey.co.uk/xml/codelists/localtype.xml#town,Fenland,http://data.ordnancesurvey.co.uk/id/7000000000001357,http://data.ordnancesurvey.co.uk/ontology/admingeo/District,Cambridgeshire,http://data.ordnancesurvey.co.uk/id/7000000000001386,http://data.ordnancesurvey.co.uk/ontology/admingeo/County,Eastern,http://data.ordnancesurvey.co.uk/id/7000000000041425,England,http://data.ordnancesurvey.co.uk/id/country/england,,,
PE134SU,http://data.ordnancesurvey.co.uk/id/postcodeunit/PE134SU,PE13 4SU,,,,other,Postcode,541830,308218,3500,18000,,,,,,,Wisbech St Mary,http://data.ordnancesurvey.co.uk/id/4000000074551315,http://www.ordnancesurvey.co.uk/xml/codelists/localtype.xml#village,Fenland,http://data.ordnancesurvey.co.uk/id/7000000000001357,http://data.ordnancesurvey.co.uk/ontology/admingeo/District,Cambridgeshire,http://data.ordnancesurvey.co.uk/id/7000000000001386,http://data.ordnancesurvey.co.uk/ontology/admingeo/County,Eastern,http://data.ordnancesurvey.co.uk/id/7000000000041425,England,http://data.ordnancesurvey.co.uk/id/country/england,,,
PE134ED,http://data.ordnancesurvey.co.uk/id/postcodeunit/PE134ED,PE13 4ED,,,,other,Postcode,540143,303787,3500,18000,,,,,,,Guyhirn,http://data.ordnancesurvey.co.uk/id/4000000074550590,http://www.ordnancesurvey.co.uk/xml/codelists/localtype.xml#village,Fenland,http://data.ordnancesurvey.co.uk/id/7000000000001357,http://data.ordnancesurvey.co.uk/ontology/admingeo/District,Cambridgeshire,http://data.ordnancesurvey.co.uk/id/7000000000001386,http://data.ordnancesurvey.co.uk/ontology/admingeo/County,Eastern,http://data.ordnancesurvey.co.uk/id/7000000000041425,England,http://data.ordnancesurvey.co.uk/id/country/england,,,
PE120EU,http://data.ordnancesurvey.co.uk/id/postcodeunit/PE120EU,PE12 0EU,,,,other,Postcode,540137,319934,3500,18000,,,,,,,,,,South Holland,http://data.ordnancesurvey.co.uk/id/7000000000005599,http://data.ordnancesurvey.co.uk/ontology/admingeo/District,Lincolnshire,http://data.ordnancesurvey.co.uk/id/7000000000005942,http://data.ordnancesurvey.co.uk/ontology/admingeo/County,East Midlands,http://data.ordnancesurvey.co.uk/id/7000000000041423,England,http://data.ordnancesurvey.co.uk/id/country/england,,,
PE132LW,http://data.ordnancesurvey.co.uk/id/postcodeunit/PE132LW,PE13 2LW,,,,other,Postcode,546422,309001,3500,18000,,,,,,,Wisbech,http://data.ordnancesurvey.co.uk/id/4000000074551318,http://www.ordnancesurvey.co.uk/xml/codelists/localtype.xml#town,Fenland,http://data.ordnancesurvey.co.uk/id/7000000000001357,http://data.ordnancesurvey.co.uk/ontology/admingeo/District,Cambridgeshire,http://data.ordnancesurvey.co.uk/id/7000000000001386,http://data.ordnancesurvey.co.uk/ontology/admingeo/County,Eastern,http://data.ordnancesurvey.co.uk/id/7000000000041425,England,http://data.ordnancesurvey.co.uk/id/country/england,,,
PE133BN,http://data.ordnancesurvey.co.uk/id/postcodeunit/PE133BN,PE13 3BN,,,,other,Postcode,546203,310001,3500,18000,,,,,,,Wisbech,http://data.ordnancesurvey.co.uk/id/4000000074551318,http://www.ordnancesurvey.co.uk/xml/codelists/localtype.xml#town,Fenland,http://data.ordnancesurvey.co.uk/id/7000000000001357,http://data.ordnancesurvey.co.uk/ontology/admingeo/District,Cambridgeshire,http://data.ordnancesurvey.co.uk/id/7000000000001386,http://data.ordnancesurvey.co.uk/ontology/admingeo/County,Eastern,http://data.ordnancesurvey.co.uk/id/7000000000041425,England,http://data.ordnancesurvey.co.uk/id/country/england,,,
PE131EH,http://data.ordnancesurvey.co.uk/id/postcodeunit/PE131EH,PE13 1EH,,,,other,Postcode,546180,309532,3500,18000,,,,,,,Wisbech,http://data.ordnancesurvey.co.uk/id/4000000074551318,http://www.ordnancesurvey.co.uk/xml/codelists/localtype.xml#town,Fenland,http://data.ordnancesurvey.co.uk/id/7000000000001357,http://data.ordnancesurvey.co.uk/ontology/admingeo/District,Cambridgeshire,http://data.ordnancesurvey.co.uk/id/7000000000001386,http://data.ordnancesurvey.co.uk/ontology/admingeo/County,Eastern,http://data.ordnancesurvey.co.uk/id/7000000000041425,England,http://data.ordnancesurvey.co.uk/id/country/england,,,
PE133DP,http://data.ordnancesurvey.co.uk/id/postcodeunit/PE133DP,PE13 3DP,,,,other,Postcode,546692,310282,3500,18000,,,,,,,Wisbech,http://data.ordnancesurvey.co.uk/id/4000000074551318,http://www.ordnancesurvey.co.uk/xml/codelists/localtype.xml#town,Fenland,http://data.ordnancesurvey.co.uk/id/7000000000001357,http://data.ordnancesurvey.co.uk/ontology/admingeo/District,Cambridgeshire,http://data.ordnancesurvey.co.uk/id/7000000000001386,http://data.ordnancesurvey.co.uk/ontology/admingeo/County,Eastern,http://data.ordnancesurvey.co.uk/id/7000000000041425,England,http://data.ordnancesurvey.co.uk/id/country/england,,,
PE133AN,http://data.ordnancesurvey.co.uk/id/postcodeunit/PE133AN,PE13 3AN,,,,other,Postcode,546296,310124,3500,18000,,,,,,,Wisbech,http://data.ordnancesurvey.co.uk/id/4000000074551318,http://www.ordnancesurvey.co.uk/xml/codelists/localtype.xml#town,Fenland,http://data.ordnancesurvey.co.uk/id/7000000000001357,http://data.ordnancesurvey.co.uk/ontology/admingeo/District,Cambridgeshire,http://data.ordnancesurvey.co.uk/id/7000000000001386,http://data.ordnancesurvey.co.uk/ontology/admingeo/County,Eastern,http://data.ordnancesurvey.co.uk/id/7000000000041425,England,http://data.ordnancesurvey.co.uk/id/country/england,,,
PE132PL,http://data.ordnancesurvey.co.uk/id/postcodeunit/PE132PL,PE13 2PL,,,,other,Postcode,545980,309199,3500,18000,,,,,,,Wisbech,http://data.ordnancesurvey.co.uk/id/4000000074551318,http://www.ordnancesurvey.co.uk/xml/codelists/localtype.xml#town,Fenland,http://data.ordnancesurvey.co.uk/id/7000000000001357,http://data.ordnancesurvey.co.uk/ontology/admingeo/District,Cambridgeshire,http://data.ordnancesurvey.co.uk/id/7000000000001386,http://data.ordnancesurvey.co.uk/ontology/admingeo/County,Eastern,http://data.ordnancesurvey.co.uk/id/7000000000041425,England,http://data.ordnancesurvey.co.uk/id/country/england,,,
PE140DF,http://data.ordnancesurvey.co.uk/id/postcodeunit/PE140DF,PE14 0DF,,,,other,Postcode,546858,308121,3500,18000,,,,,,,Wisbech,http://data.ordnancesurvey.co.uk/id/4000000074551318,http://www.ordnancesurvey.co.uk/xml/codelists/localtype.xml#town,Fenland,http://data.ordnancesurvey.co.uk/id/7000000000001357,http://data.ordnancesurvey.co.uk/ontology/admingeo/District,Cambridgeshire,http://data.ordnancesurvey.co.uk/id/7000000000001386,http://data.ordnancesurvey.co.uk/ontology/admingeo/County,Eastern,http://data.ordnancesurvey.co.uk/id/7000000000041425,England,http://data.ordnancesurvey.co.uk/id/country/england,,,
PE149EX,http://data.ordnancesurvey.co.uk/id/postcodeunit/PE149EX,PE14 9EX,,,,other,Postcode,549666,300991,3500,18000,,,,,,,Upwell,http://data.ordnancesurvey.co.uk/id/4000000074550938,http://www.ordnancesurvey.co.uk/xml/codelists/localtype.xml#village,King's Lynn and West Norfolk,http://data.ordnancesurvey.co.uk/id/7000000000007016,http://data.ordnancesurvey.co.uk/ontology/admingeo/District,Norfolk,http://data.ordnancesurvey.co.uk/id/7000000000007238,http://data.ordnancesurvey.co.uk/ontology/admingeo/County,Eastern,http://data.ordnancesurvey.co.uk/id/7000000000041425,England,http://data.ordnancesurvey.co.uk/id/country/england,,,
PE343EL,http://data.ordnancesurvey.co.uk/id/postcodeunit/PE343EL,PE34 3EL,,,,other,Postcode,558262,314020,3500,18000,,,,,,,Wiggenhall St Mary the Virgin,http://data.ordnancesurvey.co.uk/id/4000000074550574,http://www.ordnancesurvey.co.uk/xml/codelists/localtype.xml#village,King's Lynn and West Norfolk,http://data.ordnancesurvey.co.uk/id/7000000000007016,http://data.ordnancesurvey.co.uk/ontology/admingeo/District,Norfolk,http://data.ordnancesurvey.co.uk/id/7000000000007238,http://data.ordnancesurvey.co.uk/ontology/admingeo/County,Eastern,http://data.ordnancesurvey.co.uk/id/7000000000041425,England,http://data.ordnancesurvey.co.uk/id/country/england,,,
PE135FA,http://data.ordnancesurvey.co.uk/id/postcodeunit/PE135FA,PE13 5FA,,,,other,Postcode,545078,310974,3500,18000,,,,,,,Wisbech,http://data.ordnancesurvey.co.uk/id/4000000074551318,http://www.ordnancesurvey.co.uk/xml/codelists/localtype.xml#town,Fenland,http://data.ordnancesurvey.co.uk/id/7000000000001357,http://data.ordnancesurvey.co.uk/ontology/admingeo/District,Cambridgeshire,http://data.ordnancesurvey.co.uk/id/7000000000001386,http://data.ordnancesurvey.co.uk/ontology/admingeo/County,Eastern,http://data.ordnancesurvey.co.uk/id/7000000000041425,England,http://data.ordnancesurvey.co.uk/id/country/england,,,
PE133HP,http://data.ordnancesurvey.co.uk/id/postcodeunit/PE133HP,PE13 3HP,,,,other,Postcode,546938,310609,3500,18000,,,,,,,Wisbech,http://data.ordnancesurvey.co.uk/id/4000000074551318,http://www.ordnancesurvey.co.uk/xml/codelists/localtype.xml#town,Fenland,http://data.ordnancesurvey.co.uk/id/7000000000001357,http://data.ordnancesurvey.co.uk/ontology/admingeo/District,Cambridgeshire,http://data.ordnancesurvey.co.uk/id/7000000000001386,http://data.ordnancesurvey.co.uk/ontology/admingeo/County,Eastern,http://data.ordnancesurvey.co.uk/id/7000000000041425,England,http://data.ordnancesurvey.co.uk/id/country/england,,,
PE135HJ,http://data.ordnancesurvey.co.uk/id/postcodeunit/PE135HJ,PE13 5HJ,,,,other,Postcode,543795,314779,3500,18000,,,,,,,Newton-in-the-Isle,http://data.ordnancesurvey.co.uk/id/4000000074548769,http://www.ordnancesurvey.co.uk/xml/codelists/localtype.xml#village,Fenland,http://data.ordnancesurvey.co.uk/id/7000000000001357,http://data.ordnancesurvey.co.uk/ontology/admingeo/District,Cambridgeshire,http://data.ordnancesurvey.co.uk/id/7000000000001386,http://data.ordnancesurvey.co.uk/ontology/admingeo/County,Eastern,http://data.ordnancesurvey.co.uk/id/7000000000041425,England,http://data.ordnancesurvey.co.uk/id/country/england,,,
PE135EL,http://data.ordnancesurvey.co.uk/id/postcodeunit/PE135EL,PE13 5EL,,,,other,Postcode,542915,312768,3500,18000,,,,,,,Fitton End,http://data.ordnancesurvey.co.uk/id/4000000074548411,http://www.ordnancesurvey.co.uk/xml/codelists/localtype.xml#hamlet,Fenland,http://data.ordnancesurvey.co.uk/id/7000000000001357,http://data.ordnancesurvey.co.uk/ontology/admingeo/District,Cambridgeshire,http://data.ordnancesurvey.co.uk/id/7000000000001386,http://data.ordnancesurvey.co.uk/ontology/admingeo/County,Eastern,http://data.ordnancesurvey.co.uk/id/7000000000041425,England,http://data.ordnancesurvey.co.uk/id/country/england,,,
PE147NB,http://data.ordnancesurvey.co.uk/id/postcodeunit/PE147NB,PE14 7NB,,,,other,Postcode,552045,318977,3500,18000,,,,,,,Walpole Cross Keys,http://data.ordnancesurvey.co.uk/id/4000000074548396,http://www.ordnancesurvey.co.uk/xml/codelists/localtype.xml#village,King's Lynn and West Norfolk,http://data.ordnancesurvey.co.uk/id/7000000000007016,http://data.ordnancesurvey.co.uk/ontology/admingeo/District,Norfolk,http://data.ordnancesurvey.co.uk/id/7000000000007238,http://data.ordnancesurvey.co.uk/ontology/admingeo/County,Eastern,http://data.ordnancesurvey.co.uk/id/7000000000041425,England,http://data.ordnancesurvey.co.uk/id/country/england,,,
PE140DL,http://data.ordnancesurvey.co.uk/id/postcodeunit/PE140DL,PE14 0DL,,,,other,Postcode,547345,307686,3500,18000,,,,,,,Elm,http://data.ordnancesurvey.co.uk/id/4000000074341528,http://www.ordnancesurvey.co.uk/xml/codelists/localtype.xml#village,King's Lynn and West Norfolk,http://data.ordnancesurvey.co.uk/id/7000000000007016,http://data.ordnancesurvey.co.uk/ontology/admingeo/District,Norfolk,http://data.ordnancesurvey.co.uk/id/7000000000007238,http://data.ordnancesurvey.co.uk/ontology/admingeo/County,Eastern,http://data.ordnancesurvey.co.uk/id/7000000000041425,England,http://data.ordnancesurvey.co.uk/id/country/england,,,
PE147QX,http://data.ordnancesurvey.co.uk/id/postcodeunit/PE147QX,PE14 7QX,,,,other,Postcode,550987,313641,3500,18000,,,,,,,,,,King's Lynn and West Norfolk,http://data.ordnancesurvey.co.uk/id/7000000000007016,http://data.ordnancesurvey.co.uk/ontology/admingeo/District,Norfolk,http://data.ordnancesurvey.co.uk/id/7000000000007238,http://data.ordnancesurvey.co.uk/ontology/admingeo/County,Eastern,http://data.ordnancesurvey.co.uk/id/7000000000041425,England,http://data.ordnancesurvey.co.uk/id/country/england,,,
PE149EJ,http://data.ordnancesurvey.co.uk/id/postcodeunit/PE149EJ,PE14 9EJ,,,,other,Postcode,549983,302469,3500,18000,,,,,,,Upwell,http://data.ordnancesurvey.co.uk/id/4000000074550938,http://www.ordnancesurvey.co.uk/xml/codelists/localtype.xml#village,King's Lynn and West Norfolk,http://data.ordnancesurvey.co.uk/id/7000000000007016,http://data.ordnancesurvey.co.uk/ontology/admingeo/District,Norfolk,http://data.ordnancesurvey.co.uk/id/7000000000007238,http://data.ordnancesurvey.co.uk/ontology/admingeo/County,Eastern,http://data.ordnancesurvey.co.uk/id/7000000000041425,England,http://data.ordnancesurvey.co.uk/id/country/england,,,
PE132JE,http://data.ordnancesurvey.co.uk/id/postcodeunit/PE132JE,PE13 2JE,,,,other,Postcode,546774,309082,3500,18000,,,,,,,Wisbech,http://data.ordnancesurvey.co.uk/id/4000000074551318,http://www.ordnancesurvey.co.uk/xml/codelists/localtype.xml#town,Fenland,http://data.ordnancesurvey.co.uk/id/7000000000001357,http://data.ordnancesurvey.co.uk/ontology/admingeo/District,Cambridgeshire,http://data.ordnancesurvey.co.uk/id/7000000000001386,http://data.ordnancesurvey.co.uk/ontology/admingeo/County,Eastern,http://data.ordnancesurvey.co.uk/id/7000000000041425,England,http://data.ordnancesurvey.co.uk/id/country/england,,,
PE135DU,http://data.ordnancesurvey.co.uk/id/postcodeunit/PE135DU,PE13 5DU,,,,other,Postcode,545193,312204,3500,18000,,,,,,,,,,Fenland,http://data.ordnancesurvey.co.uk/id/7000000000001357,http://data.ordnancesurvey.co.uk/ontology/admingeo/District,Cambridgeshire,http://data.ordnancesurvey.co.uk/id/7000000000001386,http://data.ordnancesurvey.co.uk/ontology/admingeo/County,Eastern,http://data.ordnancesurvey.co.uk/id/7000000000041425,England,http://data.ordnancesurvey.co.uk/id/country/england,,,
PE120HY,http://data.ordnancesurvey.co.uk/id/postcodeunit/PE120HY,PE12 0HY,,,,other,Postcode,542165,318522,3500,18000,,,,,,,,,,South Holland,http://data.ordnancesurvey.co.uk/id/7000000000005599,http://data.ordnancesurvey.co.uk/ontology/admingeo/District,Lincolnshire,http://data.ordnancesurvey.co.uk/id/7000000000005942,http://data.ordnancesurvey.co.uk/ontology/admingeo/County,East Midlands,http://data.ordnancesurvey.co.uk/id/7000000000041423,England,http://data.ordnancesurvey.co.uk/id/country/england,,,
PE132HJ,http://data.ordnancesurvey.co.uk/id/postcodeunit/PE132HJ,PE13 2HJ,,,,other,Postcode,547021,308956,3500,18000,,,,,,,Wisbech,http://data.ordnancesurvey.co.uk/id/4000000074551318,http://www.ordnancesurvey.co.uk/xml/codelists/localtype.xml#town,Fenland,http://data.ordnancesurvey.co.uk/id/7000000000001357,http://data.ordnancesurvey.co.uk/ontology/admingeo/District,Cambridgeshire,http://data.ordnancesurvey.co.uk/id/7000000000001386,http://data.ordnancesurvey.co.uk/ontology/admingeo/County,Eastern,http://data.ordnancesurvey.co.uk/id/7000000000041425,England,http://data.ordnancesurvey.co.uk/id/country/england,,,
PE134RF,http://data.ordnancesurvey.co.uk/id/postcodeunit/PE134RF,PE13 4RF,,,,other,Postcode,541764,307967,3500,18000,,,,,,,Wisbech St Mary,http://data.ordnancesurvey.co.uk/id/4000000074551315,http://www.ordnancesurvey.co.uk/xml/codelists/localtype.xml#village,Fenland,http://data.ordnancesurvey.co.uk/id/7000000000001357,http://data.ordnancesurvey.co.uk/ontology/admingeo/District,Cambridgeshire,http://data.ordnancesurvey.co.uk/id/7000000000001386,http://data.ordnancesurvey.co.uk/ontology/admingeo/County,Eastern,http://data.ordnancesurvey.co.uk/id/7000000000041425,England,http://data.ordnancesurvey.co.uk/id/country/england,,,
PE147BH,http://data.ordnancesurvey.co.uk/id/postcodeunit/PE147BH,PE14 7BH,,,,other,Postcode,549808,311197,3500,18000,,,,,,,,,,King's Lynn and West Norfolk,http://data.ordnancesurvey.co.uk/id/7000000000007016,http://data.ordnancesurvey.co.uk/ontology/admingeo/District,Norfolk,http://data.ordnancesurvey.co.uk/id/7000000000007238,http://data.ordnancesurvey.co.uk/ontology/admingeo/County,Eastern,http://data.ordnancesurvey.co.uk/id/7000000000041425,England,http://data.ordnancesurvey.co.uk/id/country/england,,,
PE140HT,http://data.ordnancesurvey.co.uk/id/postcodeunit/PE140HT,PE14 0HT,,,,other,Postcode,546420,304496,3500,18000,,,,,,,Friday Bridge,http://data.ordnancesurvey.co.uk/id/4000000074550225,http://www.ordnancesurvey.co.uk/xml/codelists/localtype.xml#village,Fenland,http://data.ordnancesurvey.co.uk/id/7000000000001357,http://data.ordnancesurvey.co.uk/ontology/admingeo/District,Cambridgeshire,http://data.ordnancesurvey.co.uk/id/7000000000001386,http://data.ordnancesurvey.co.uk/ontology/admingeo/County,Eastern,http://data.ordnancesurvey.co.uk/id/7000000000041425,England,http://data.ordnancesurvey.co.uk/id/country/england,,,
PE148AF,http://data.ordnancesurvey.co.uk/id/postcodeunit/PE148AF,PE14 8AF,,,,other,Postcode,548269,307330,3500,18000,,,,,,,Emneth,http://data.ordnancesurvey.co.uk/id/4000000074550948,http://www.ordnancesurvey.co.uk/xml/codelists/localtype.xml#village,King's Lynn and West Norfolk,http://data.ordnancesurvey.co.uk/id/7000000000007016,http://data.ordnancesurvey.co.uk/ontology/admingeo/District,Norfolk,http://data.ordnancesurvey.co.uk/id/7000000000007238,http://data.ordnancesurvey.co.uk/ontology/admingeo/County,Eastern,http://data.ordnancesurvey.co.uk/id/7000000000041425,England,http://data.ordnancesurvey.co.uk/id/country/england,,,
PE134EF,http://data.ordnancesurvey.co.uk/id/postcodeunit/PE134EF,PE13 4EF,,,,other,Postcode,540236,304050,3500,18000,,,,,,,Guyhirn,http://data.ordnancesurvey.co.uk/id/4000000074550590,http://www.ordnancesurvey.co.uk/xml/codelists/localtype.xml#village,Fenland,http://data.ordnancesurvey.co.uk/id/7000000000001357,http://data.ordnancesurvey.co.uk/ontology/admingeo/District,Cambridgeshire,http://data.ordnancesurvey.co.uk/id/7000000000001386,http://data.ordnancesurvey.co.uk/ontology/admingeo/County,Eastern,http://data.ordnancesurvey.co.uk/id/7000000000041425,England,http://data.ordnancesurvey.co.uk/id/country/england,,,
PE148JX,http://data.ordnancesurvey.co.uk/id/postcodeunit/PE148JX,PE14 8JX,,,,other,Postcode,555271,309949,3500,18000,,,,,,,,,,King's Lynn and West Norfolk,http://data.ordnancesurvey.co.uk/id/7000000000007016,http://data.ordnancesurvey.co.uk/ontology/admingeo/District,Norfolk,http://data.ordnancesurvey.co.uk/id/7000000000007238,http://data.ordnancesurvey.co.uk/ontology/admingeo/County,Eastern,http://data.ordnancesurvey.co.uk/id/7000000000041425,England,http://data.ordnancesurvey.co.uk/id/country/england,,,
PE147DP,http://data.ordnancesurvey.co.uk/id/postcodeunit/PE147DP,PE14 7DP,,,,other,Postcode,549789,314170,3500,18000,,,,,,,,,,King's Lynn and West Norfolk,http://data.ordnancesurvey.co.uk/id/7000000000007016,http://data.ordnancesurvey.co.uk/ontology/admingeo/District,Norfolk,http://data.ordnancesurvey.co.uk/id/7000000000007238,http://data.ordnancesurvey.co.uk/ontology/admingeo/County,Eastern,http://data.ordnancesurvey.co.uk/id/7000000000041425,England,http://data.ordnancesurvey.co.uk/id/country/england,,,
PE132UD,http://data.ordnancesurvey.co.uk/id/postcodeunit/PE132UD,PE13 2UD,,,,other,Postcode,547179,308431,3500,18000,,,,,,,Wisbech,http://data.ordnancesurvey.co.uk/id/4000000074551318,http://www.ordnancesurvey.co.uk/xml/codelists/localtype.xml#town,Fenland,http://data.ordnancesurvey.co.uk/id/7000000000001357,http://data.ordnancesurvey.co.uk/ontology/admingeo/District,Cambridgeshire,http://data.ordnancesurvey.co.uk/id/7000000000001386,http://data.ordnancesurvey.co.uk/ontology/admingeo/County,Eastern,http://data.ordnancesurvey.co.uk/id/7000000000041425,England,http://data.ordnancesurvey.co.uk/id/country/england,,,
PE144ER,http://data.ordnancesurvey.co.uk/id/postcodeunit/PE144ER,PE14 4ER,,,,other,Postcode,545574,308434,3500,18000,,,,,,,Wisbech,http://data.ordnancesurvey.co.uk/id/4000000074551318,http://www.ordnancesurvey.co.uk/xml/codelists/localtype.xml#town,Fenland,http://data.ordnancesurvey.co.uk/id/7000000000001357,http://data.ordnancesurvey.co.uk/ontology/admingeo/District,Cambridgeshire,http://data.ordnancesurvey.co.uk/id/7000000000001386,http://data.ordnancesurvey.co.uk/ontology/admingeo/County,Eastern,http://data.ordnancesurvey.co.uk/id/7000000000041425,England,http://data.ordnancesurvey.co.uk/id/country/england,,,
PE380BE,http://data.ordnancesurvey.co.uk/id/postcodeunit/PE380BE,PE38 0BE,,,,other,Postcode,557434,301312,3500,18000,,,,,,,,,,King's Lynn and West Norfolk,http://data.ordnancesurvey.co.uk/id/7000000000007016,http://data.ordnancesurvey.co.uk/ontology/admingeo/District,Norfolk,http://data.ordnancesurvey.co.uk/id/7000000000007238,http://data.ordnancesurvey.co.uk/ontology/admingeo/County,Eastern,http://data.ordnancesurvey.co.uk/id/7000000000041425,England,http://data.ordnancesurvey.co.uk/id/country/england,,,
PE147HN,http://data.ordnancesurvey.co.uk/id/postcodeunit/PE147HN,PE14 7HN,,,,other,Postcode,549384,316949,3500,18000,,,,,,,,,,King's Lynn and West Norfolk,http://data.ordnancesurvey.co.uk/id/7000000000007016,http://data.ordnancesurvey.co.uk/ontology/admingeo/District,Norfolk,http://data.ordnancesurvey.co.uk/id/7000000000007238,http://data.ordnancesurvey.co.uk/ontology/admingeo/County,Eastern,http://data.ordnancesurvey.co.uk/id/7000000000041425,England,http://data.ordnancesurvey.co.uk/id/country/england,,,
PE343NL,http://data.ordnancesurvey.co.uk/id/postcodeunit/PE343NL,PE34 3NL,,,,other,Postcode,559832,306607,3500,18000,,,,,,,Stow Bridge,http://data.ordnancesurvey.co.uk/id/4000000074541371,http://www.ordnancesurvey.co.uk/xml/codelists/localtype.xml#village,King's Lynn and West Norfolk,http://data.ordnancesurvey.co.uk/id/7000000000007016,http://data.ordnancesurvey.co.uk/ontology/admingeo/District,Norfolk,http://data.ordnancesurvey.co.uk/id/7000000000007238,http://data.ordnancesurvey.co.uk/ontology/admingeo/County,Eastern,http://data.ordnancesurvey.co.uk/id/7000000000041425,England,http://data.ordnancesurvey.co.uk/id/country/england,,,
PE135FN,http://data.ordnancesurvey.co.uk/id/postcodeunit/PE135FN,PE13 5FN,,,,other,Postcode,544676,310842,3500,18000,,,,,,,Wisbech,http://data.ordnancesurvey.co.uk/id/4000000074551318,http://www.ordnancesurvey.co.uk/xml/codelists/localtype.xml#town,Fenland,http://data.ordnancesurvey.co.uk/id/7000000000001357,http://data.ordnancesurvey.co.uk/ontology/admingeo/District,Cambridgeshire,http://data.ordnancesurvey.co.uk/id/7000000000001386,http://data.ordnancesurvey.co.uk/ontology/admingeo/County,Eastern,http://data.ordnancesurvey.co.uk/id/7000000000041425,England,http://data.ordnancesurvey.co.uk/id/country/england,,,
PE144EU,http://data.ordnancesurvey.co.uk/id/postcodeunit/PE144EU,PE14 4EU,,,,other,Postcode,545574,308434,3500,18000,,,,,,,Wisbech,http://data.ordnancesurvey.co.uk/id/4000000074551318,http://www.ordnancesurvey.co.uk/xml/codelists/localtype.xml#town,Fenland,http://data.ordnancesurvey.co.uk/id/7000000000001357,http://data.ordnancesurvey.co.uk/ontology/admingeo/District,Cambridgeshire,http://data.ordnancesurvey.co.uk/id/7000000000001386,http://data.ordnancesurvey.co.uk/ontology/admingeo/County,Eastern,http://data.ordnancesurvey.co.uk/id/7000000000041425,England,http://data.ordnancesurvey.co.uk/id/country/england,,,
PE132ET,http://data.ordnancesurvey.co.uk/id/postcodeunit/PE132ET,PE13 2ET,,,,other,Postcode,547112,309962,3500,18000,,,,,,,Wisbech,http://data.ordnancesurvey.co.uk/id/4000000074551318,http://www.ordnancesurvey.co.uk/xml/codelists/localtype.xml#town,Fenland,http://data.ordnancesurvey.co.uk/id/7000000000001357,http://data.ordnancesurvey.co.uk/ontology/admingeo/District,Cambridgeshire,http://data.ordnancesurvey.co.uk/id/7000000000001386,http://data.ordnancesurvey.co.uk/ontology/admingeo/County,Eastern,http://data.ordnancesurvey.co.uk/id/7000000000041425,England,http://data.ordnancesurvey.co.uk/id/country/england,,,
PE131RG,http://data.ordnancesurvey.co.uk/id/postcodeunit/PE131RG,PE13 1RG,,,,other,Postcode,545947,309733,3500,18000,,,,,,,Wisbech,http://data.ordnancesurvey.co.uk/id/4000000074551318,http://www.ordnancesurvey.co.uk/xml/codelists/localtype.xml#town,Fenland,http://data.ordnancesurvey.co.uk/id/7000000000001357,http://data.ordnancesurvey.co.uk/ontology/admingeo/District,Cambridgeshire,http://data.ordnancesurvey.co.uk/id/7000000000001386,http://data.ordnancesurvey.co.uk/ontology/admingeo/County,Eastern,http://data.ordnancesurvey.co.uk/id/7000000000041425,England,http://data.ordnancesurvey.co.uk/id/country/england,,,
PE132BU,http://data.ordnancesurvey.co.uk/id/postcodeunit/PE132BU,PE13 2BU,,,,other,Postcode,546984,309371,3500,18000,,,,,,,Wisbech,http://data.ordnancesurvey.co.uk/id/4000000074551318,http://www.ordnancesurvey.co.uk/xml/codelists/localtype.xml#town,Fenland,http://data.ordnancesurvey.co.uk/id/7000000000001357,http://data.ordnancesurvey.co.uk/ontology/admingeo/District,Cambridgeshire,http://data.ordnancesurvey.co.uk/id/7000000000001386,http://data.ordnancesurvey.co.uk/ontology/admingeo/County,Eastern,http://data.ordnancesurvey.co.uk/id/7000000000041425,England,http://data.ordnancesurvey.co.uk/id/country/england,,,
PE133EU,http://data.ordnancesurvey.co.uk/id/postcodeunit/PE133EU,PE13 3EU,,,,other,Postcode,547189,310979,3500,18000,,,,,,,Wisbech,http://data.ordnancesurvey.co.uk/id/4000000074551318,http://www.ordnancesurvey.co.uk/xml/codelists/localtype.xml#town,Fenland,http://data.ordnancesurvey.co.uk/id/7000000000001357,http://data.ordnancesurvey.co.uk/ontology/admingeo/District,Cambridgeshire,http://data.ordnancesurvey.co.uk/id/7000000000001386,http://data.ordnancesurvey.co.uk/ontology/admingeo/County,Eastern,http://data.ordnancesurvey.co.uk/id/7000000000041425,England,http://data.ordnancesurvey.co.uk/id/country/england,,,
PE147RU,http://data.ordnancesurvey.co.uk/id/postcodeunit/PE147RU,PE14 7RU,,,,other,Postcode,554019,314256,3500,18000,,,,,,,Terrington St John,http://data.ordnancesurvey.co.uk/id/4000000074550941,http://www.ordnancesurvey.co.uk/xml/codelists/localtype.xml#village,King's Lynn and West Norfolk,http://data.ordnancesurvey.co.uk/id/7000000000007016,http://data.ordnancesurvey.co.uk/ontology/admingeo/District,Norfolk,http://data.ordnancesurvey.co.uk/id/7000000000007238,http://data.ordnancesurvey.co.uk/ontology/admingeo/County,Eastern,http://data.ordnancesurvey.co.uk/id/7000000000041425,England,http://data.ordnancesurvey.co.uk/id/country/england,,,
PE148TQ,http://data.ordnancesurvey.co.uk/id/postcodeunit/PE148TQ,PE14 8TQ,,,,other,Postcode,550940,304653,3500,18000,,,,,,,Outwell,http://data.ordnancesurvey.co.uk/id/4000000074548389,http://www.ordnancesurvey.co.uk/xml/codelists/localtype.xml#village,King's Lynn and West Norfolk,http://data.ordnancesurvey.co.uk/id/7000000000007016,http://data.ordnancesurvey.co.uk/ontology/admingeo/District,Norfolk,http://data.ordnancesurvey.co.uk/id/7000000000007238,http://data.ordnancesurvey.co.uk/ontology/admingeo/County,Eastern,http://data.ordnancesurvey.co.uk/id/7000000000041425,England,http://data.ordnancesurvey.co.uk/id/country/england,,,
PE148RL,http://data.ordnancesurvey.co.uk/id/postcodeunit/PE148RL,PE14 8RL,,,,other,Postcode,551382,303368,3500,18000,,,,,,,Outwell,http://data.ordnancesurvey.co.uk/id/4000000074548389,http://www.ordnancesurvey.co.uk/xml/codelists/localtype.xml#village,King's Lynn and West Norfolk,http://data.ordnancesurvey.co.uk/id/7000000000007016,http://data.ordnancesurvey.co.uk/ontology/admingeo/District,Norfolk,http://data.ordnancesurvey.co.uk/id/7000000000007238,http://data.ordnancesurvey.co.uk/ontology/admingeo/County,Eastern,http://data.ordnancesurvey.co.uk/id/7000000000041425,England,http://data.ordnancesurvey.co.uk/id/country/england,,,
PE343HB,http://data.ordnancesurvey.co.uk/id/postcodeunit/PE343HB,PE34 3HB,,,,other,Postcode,559943,314106,3500,18000,,,,,,,Wiggenhall St Germans,http://data.ordnancesurvey.co.uk/id/4000000074550213,http://www.ordnancesurvey.co.uk/xml/codelists/localtype.xml#village,King's Lynn and West Norfolk,http://data.ordnancesurvey.co.uk/id/7000000000007016,http://data.ordnancesurvey.co.uk/ontology/admingeo/District,Norfolk,http://data.ordnancesurvey.co.uk/id/7000000000007238,http://data.ordnancesurvey.co.uk/ontology/admingeo/County,Eastern,http://data.ordnancesurvey.co.uk/id/7000000000041425,England,http://data.ordnancesurvey.co.uk/id/country/england,,,
PE134EQ,http://data.ordnancesurvey.co.uk/id/postcodeunit/PE134EQ,PE13 4EQ,,,,other,Postcode,540472,304397,3500,18000,,,,,,,Guyhirn,http://data.ordnancesurvey.co.uk/id/4000000074550590,http://www.ordnancesurvey.co.uk/xml/codelists/localtype.xml#village,Fenland,http://data.ordnancesurvey.co.uk/id/7000000000001357,http://data.ordnancesurvey.co.uk/ontology/admingeo/District,Cambridgeshire,http://data.ordnancesurvey.co.uk/id/7000000000001386,http://data.ordnancesurvey.co.uk/ontology/admingeo/County,Eastern,http://data.ordnancesurvey.co.uk/id/7000000000041425,England,http://data.ordnancesurvey.co.uk/id/country/england,,,
PE133EW,http://data.ordnancesurvey.co.uk/id/postcodeunit/PE133EW,PE13 3EW,,,,other,Postcode,547116,310918,3500,18000,,,,,,,Wisbech,http://data.ordnancesurvey.co.uk/id/4000000074551318,http://www.ordnancesurvey.co.uk/xml/codelists/localtype.xml#town,Fenland,http://data.ordnancesurvey.co.uk/id/7000000000001357,http://data.ordnancesurvey.co.uk/ontology/admingeo/District,Cambridgeshire,http://data.ordnancesurvey.co.uk/id/7000000000001386,http://data.ordnancesurvey.co.uk/ontology/admingeo/County,Eastern,http://data.ordnancesurvey.co.uk/id/7000000000041425,England,http://data.ordnancesurvey.co.uk/id/country/england,,,
PE133BB,http://data.ordnancesurvey.co.uk/id/postcodeunit/PE133BB,PE13 3BB,,,,other,Postcode,545973,310487,3500,18000,,,,,,,Wisbech,http://data.ordnancesurvey.co.uk/id/4000000074551318,http://www.ordnancesurvey.co.uk/xml/codelists/localtype.xml#town,Fenland,http://data.ordnancesurvey.co.uk/id/7000000000001357,http://data.ordnancesurvey.co.uk/ontology/admingeo/District,Cambridgeshire,http://data.ordnancesurvey.co.uk/id/7000000000001386,http://data.ordnancesurvey.co.uk/ontology/admingeo/County,Eastern,http://data.ordnancesurvey.co.uk/id/7000000000041425,England,http://data.ordnancesurvey.co.uk/id/country/england,,,
PE147LH,http://data.ordnancesurvey.co.uk/id/postcodeunit/PE147LH,PE14 7LH,,,,other,Postcode,550042,317539,3500,18000,,,,,,,Walpole St Andrew,http://data.ordnancesurvey.co.uk/id/4000000074550944,http://www.ordnancesurvey.co.uk/xml/codelists/localtype.xml#village,King's Lynn and West Norfolk,http://data.ordnancesurvey.co.uk/id/7000000000007016,http://data.ordnancesurvey.co.uk/ontology/admingeo/District,Norfolk,http://data.ordnancesurvey.co.uk/id/7000000000007238,http://data.ordnancesurvey.co.uk/ontology/admingeo/County,Eastern,http://data.ordnancesurvey.co.uk/id/7000000000041425,England,http://data.ordnancesurvey.co.uk/id/country/england,,,
PE148PR,http://data.ordnancesurvey.co.uk/id/postcodeunit/PE148PR,PE14 8PR,,,,other,Postcode,552734,304708,3500,18000,,,,,,,,,,King's Lynn and West Norfolk,http://data.ordnancesurvey.co.uk/id/7000000000007016,http://data.ordnancesurvey.co.uk/ontology/admingeo/District,Norfolk,http://data.ordnancesurvey.co.uk/id/7000000000007238,http://data.ordnancesurvey.co.uk/ontology/admingeo/County,Eastern,http://data.ordnancesurvey.co.uk/id/7000000000041425,England,http://data.ordnancesurvey.co.uk/id/country/england,,,
PE134ES,http://data.ordnancesurvey.co.uk/id/postcodeunit/PE134ES,PE13 4ES,,,,other,Postcode,540718,305381,3500,18000,,,,,,,,,,Fenland,http://data.ordnancesurvey.co.uk/id/7000000000001357,http://data.ordnancesurvey.co.uk/ontology/admingeo/District,Cambridgeshire,http://data.ordnancesurvey.co.uk/id/7000000000001386,http://data.ordnancesurvey.co.uk/ontology/admingeo/County,Eastern,http://data.ordnancesurvey.co.uk/id/7000000000041425,England,http://data.ordnancesurvey.co.uk/id/country/england,,,
PE147JG,http://data.ordnancesurvey.co.uk/id/postcodeunit/PE147JG,PE14 7JG,,,,other,Postcode,548051,317618,3500,18000,,,,,,,Walpole Marsh,http://data.ordnancesurvey.co.uk/id/4000000074548407,http://www.ordnancesurvey.co.uk/xml/codelists/localtype.xml#village,King's Lynn and West Norfolk,http://data.ordnancesurvey.co.uk/id/7000000000007016,http://data.ordnancesurvey.co.uk/ontology/admingeo/District,Norfolk,http://data.ordnancesurvey.co.uk/id/7000000000007238,http://data.ordnancesurvey.co.uk/ontology/admingeo/County,Eastern,http://data.ordnancesurvey.co.uk/id/7000000000041425,England,http://data.ordnancesurvey.co.uk/id/country/england,,,
PE132RY,http://data.ordnancesurvey.co.uk/id/postcodeunit/PE132RY,PE13 2RY,,,,other,Postcode,546643,308509,3500,18000,,,,,,,Wisbech,http://data.ordnancesurvey.co.uk/id/4000000074551318,http://www.ordnancesurvey.co.uk/xml/codelists/localtype.xml#town,Fenland,http://data.ordnancesurvey.co.uk/id/7000000000001357,http://data.ordnancesurvey.co.uk/ontology/admingeo/District,Cambridgeshire,http://data.ordnancesurvey.co.uk/id/7000000000001386,http://data.ordnancesurvey.co.uk/ontology/admingeo/County,Eastern,http://data.ordnancesurvey.co.uk/id/7000000000041425,England,http://data.ordnancesurvey.co.uk/id/country/england,,,
PE135HF,http://data.ordnancesurvey.co.uk/id/postcodeunit/PE135HF,PE13 5HF,,,,other,Postcode,544035,314873,3500,18000,,,,,,,Newton-in-the-Isle,http://data.ordnancesurvey.co.uk/id/4000000074548769,http://www.ordnancesurvey.co.uk/xml/codelists/localtype.xml#village,Fenland,http://data.ordnancesurvey.co.uk/id/7000000000001357,http://data.ordnancesurvey.co.uk/ontology/admingeo/District,Cambridgeshire,http://data.ordnancesurvey.co.uk/id/7000000000001386,http://data.ordnancesurvey.co.uk/ontology/admingeo/County,Eastern,http://data.ordnancesurvey.co.uk/id/7000000000041425,England,http://data.ordnancesurvey.co.uk/id/country/england,,,
PE343BA,http://data.ordnancesurvey.co.uk/id/postcodeunit/PE343BA,PE34 3BA,,,,other,Postcode,559756,311293,3500,18000,,,,,,,Wiggenhall St Mary Magdalen,http://data.ordnancesurvey.co.uk/id/4000000074548392,http://www.ordnancesurvey.co.uk/xml/codelists/localtype.xml#village,King's Lynn and West Norfolk,http://data.ordnancesurvey.co.uk/id/7000000000007016,http://data.ordnancesurvey.co.uk/ontology/admingeo/District,Norfolk,http://data.ordnancesurvey.co.uk/id/7000000000007238,http://data.ordnancesurvey.co.uk/ontology/admingeo/County,Eastern,http://data.ordnancesurvey.co.uk/id/7000000000041425,England,http://data.ordnancesurvey.co.uk/id/country/england,,,
PE134SW,http://data.ordnancesurvey.co.uk/id/postcodeunit/PE134SW,PE13 4SW,,,,other,Postcode,540274,305767,3500,18000,,,,,,,,,,Fenland,http://data.ordnancesurvey.co.uk/id/7000000000001357,http://data.ordnancesurvey.co.uk/ontology/admingeo/District,Cambridgeshire,http://data.ordnancesurvey.co.uk/id/7000000000001386,http://data.ordnancesurvey.co.uk/ontology/admingeo/County,Eastern,http://data.ordnancesurvey.co.uk/id/7000000000041425,England,http://data.ordnancesurvey.co.uk/id/country/england,,,
PE380BA,http://data.ordnancesurvey.co.uk/id/postcodeunit/PE380BA,PE38 0BA,,,,other,Postcode,558432,301621,3500,18000,,,,,,,Salters Lode,http://data.ordnancesurvey.co.uk/id/4000000074550570,http://www.ordnancesurvey.co.uk/xml/codelists/localtype.xml#village,King's Lynn and West Norfolk,http://data.ordnancesurvey.co.uk/id/7000000000007016,http://data.ordnancesurvey.co.uk/ontology/admingeo/District,Norfolk,http://data.ordnancesurvey.co.uk/id/7000000000007238,http://data.ordnancesurvey.co.uk/ontology/admingeo/County,Eastern,http://data.ordnancesurvey.co.uk/id/7000000000041425,England,http://data.ordnancesurvey.co.uk/id/country/england,,,
PE132DS,http://data.ordnancesurvey.co.uk/id/postcodeunit/PE132DS,PE13 2DS,,,,other,Postcode,546544,309532,3500,18000,,,,,,,Wisbech,http://data.ordnancesurvey.co.uk/id/4000000074551318,http://www.ordnancesurvey.co.uk/xml/codelists/localtype.xml#town,Fenland,http://data.ordnancesurvey.co.uk/id/7000000000001357,http://data.ordnancesurvey.co.uk/ontology/admingeo/District,Cambridgeshire,http://data.ordnancesurvey.co.uk/id/7000000000001386,http://data.ordnancesurvey.co.uk/ontology/admingeo/County,Eastern,http://data.ordnancesurvey.co.uk/id/7000000000041425,England,http://data.ordnancesurvey.co.uk/id/country/england,,,
PE140RG,http://data.ordnancesurvey.co.uk/id/postcodeunit/PE140RG,PE14 0RG,,,,other,Postcode,545091,308178,3500,18000,,,,,,,Wisbech,http://data.ordnancesurvey.co.uk/id/4000000074551318,http://www.ordnancesurvey.co.uk/xml/codelists/localtype.xml#town,Fenland,http://data.ordnancesurvey.co.uk/id/7000000000001357,http://data.ordnancesurvey.co.uk/ontology/admingeo/District,Cambridgeshire,http://data.ordnancesurvey.co.uk/id/7000000000001386,http://data.ordnancesurvey.co.uk/ontology/admingeo/County,Eastern,http://data.ordnancesurvey.co.uk/id/7000000000041425,England,http://data.ordnancesurvey.co.uk/id/country/england,,,
PE148AZ,http://data.ordnancesurvey.co.uk/id/postcodeunit/PE148AZ,PE14 8AZ,,,,other,Postcode,550238,304164,3500,18000,,,,,,,,,,King's Lynn and West Norfolk,http://data.ordnancesurvey.co.uk/id/7000000000007016,http://data.ordnancesurvey.co.uk/ontology/admingeo/District,Norfolk,http://data.ordnancesurvey.co.uk/id/7000000000007238,http://data.ordnancesurvey.co.uk/ontology/admingeo/County,Eastern,http://data.ordnancesurvey.co.uk/id/7000000000041425,England,http://data.ordnancesurvey.co.uk/id/country/england,,,
PE140HJ,http://data.ordnancesurvey.co.uk/id/postcodeunit/PE140HJ,PE14 0HJ,,,,other,Postcode,546616,304922,3500,18000,,,,,,,Friday Bridge,http://data.ordnancesurvey.co.uk/id/4000000074550225,http://www.ordnancesurvey.co.uk/xml/codelists/localtype.xml#village,Fenland,http://data.ordnancesurvey.co.uk/id/7000000000001357,http://data.ordnancesurvey.co.uk/ontology/admingeo/District,Cambridgeshire,http://data.ordnancesurvey.co.uk/id/7000000000001386,http://data.ordnancesurvey.co.uk/ontology/admingeo/County,Eastern,http://data.ordnancesurvey.co.uk/id/7000000000041425,England,http://data.ordnancesurvey.co.uk/id/country/england,,,
PE132LP,http://data.ordnancesurvey.co.uk/id/postcodeunit/PE132LP,PE13 2LP,,,,other,Postcode,546490,309002,3500,18000,,,,,,,Wisbech,http://data.ordnancesurvey.co.uk/id/4000000074551318,http://www.ordnancesurvey.co.uk/xml/codelists/localtype.xml#town,Fenland,http://data.ordnancesurvey.co.uk/id/7000000000001357,http://data.ordnancesurvey.co.uk/ontology/admingeo/District,Cambridgeshire,http://data.ordnancesurvey.co.uk/id/7000000000001386,http://data.ordnancesurvey.co.uk/ontology/admingeo/County,Eastern,http://data.ordnancesurvey.co.uk/id/7000000000041425,England,http://data.ordnancesurvey.co.uk/id/country/england,,,
PE134UF,http://data.ordnancesurvey.co.uk/id/postcodeunit/PE134UF,PE13 4UF,,,,other,Postcode,540827,305740,3500,18000,,,,,,,,,,Fenland,http://data.ordnancesurvey.co.uk/id/7000000000001357,http://data.ordnancesurvey.co.uk/ontology/admingeo/District,Cambridgeshire,http://data.ordnancesurvey.co.uk/id/7000000000001386,http://data.ordnancesurvey.co.uk/ontology/admingeo/County,Eastern,http://data.ordnancesurvey.co.uk/id/7000000000041425,England,http://data.ordnancesurvey.co.uk/id/country/england,,,
PE140DT,http://data.ordnancesurvey.co.uk/id/postcodeunit/PE140DT,PE14 0DT,,,,other,Postcode,546949,307967,3500,18000,,,,,,,Wisbech,http://data.ordnancesurvey.co.uk/id/4000000074551318,http://www.ordnancesurvey.co.uk/xml/codelists/localtype.xml#town,Fenland,http://data.ordnancesurvey.co.uk/id/7000000000001357,http://data.ordnancesurvey.co.uk/ontology/admingeo/District,Cambridgeshire,http://data.ordnancesurvey.co.uk/id/7000000000001386,http://data.ordnancesurvey.co.uk/ontology/admingeo/County,Eastern,http://data.ordnancesurvey.co.uk/id/7000000000041425,England,http://data.ordnancesurvey.co.uk/id/country/england,,,
PE134SA,http://data.ordnancesurvey.co.uk/id/postcodeunit/PE134SA,PE13 4SA,,,,other,Postcode,540259,308397,3500,18000,,,,,,,Wisbech St Mary,http://data.ordnancesurvey.co.uk/id/4000000074551315,http://www.ordnancesurvey.co.uk/xml/codelists/localtype.xml#village,Fenland,http://data.ordnancesurvey.co.uk/id/7000000000001357,http://data.ordnancesurvey.co.uk/ontology/admingeo/District,Cambridgeshire,http://data.ordnancesurvey.co.uk/id/7000000000001386,http://data.ordnancesurvey.co.uk/ontology/admingeo/County,Eastern,http://data.ordnancesurvey.co.uk/id/7000000000041425,England,http://data.ordnancesurvey.co.uk/id/country/england,,,
PE132QQ,http://data.ordnancesurvey.co.uk/id/postcodeunit/PE132QQ,PE13 2QQ,,,,other,Postcode,546254,308026,3500,18000,,,,,,,Wisbech,http://data.ordnancesurvey.co.uk/id/4000000074551318,http://www.ordnancesurvey.co.uk/xml/codelists/localtype.xml#town,Fenland,http://data.ordnancesurvey.co.uk/id/7000000000001357,http://data.ordnancesurvey.co.uk/ontology/admingeo/District,Cambridgeshire,http://data.ordnancesurvey.co.uk/id/7000000000001386,http://data.ordnancesurvey.co.uk/ontology/admingeo/County,Eastern,http://data.ordnancesurvey.co.uk/id/7000000000041425,England,http://data.ordnancesurvey.co.uk/id/country/england,,,
PE140HX,http://data.ordnancesurvey.co.uk/id/postcodeunit/PE140HX,PE14 0HX,,,,other,Postcode,546929,305238,3500,18000,,,,,,,Friday Bridge,http://data.ordnancesurvey.co.uk/id/4000000074550225,http://www.ordnancesurvey.co.uk/xml/codelists/localtype.xml#village,Fenland,http://data.ordnancesurvey.co.uk/id/7000000000001357,http://data.ordnancesurvey.co.uk/ontology/admingeo/District,Cambridgeshire,http://data.ordnancesurvey.co.uk/id/7000000000001386,http://data.ordnancesurvey.co.uk/ontology/admingeo/County,Eastern,http://data.ordnancesurvey.co.uk/id/7000000000041425,England,http://data.ordnancesurvey.co.uk/id/country/england,,,
PE135JD,http://data.ordnancesurvey.co.uk/id/postcodeunit/PE135JD,PE13 5JD,,,,other,Postcode,543749,314573,3500,18000,,,,,,,Newton-in-the-Isle,http://data.ordnancesurvey.co.uk/id/4000000074548769,http://www.ordnancesurvey.co.uk/xml/codelists/localtype.xml#village,Fenland,http://data.ordnancesurvey.co.uk/id/7000000000001357,http://data.ordnancesurvey.co.uk/ontology/admingeo/District,Cambridgeshire,http://data.ordnancesurvey.co.uk/id/7000000000001386,http://data.ordnancesurvey.co.uk/ontology/admingeo/County,Eastern,http://data.ordnancesurvey.co.uk/id/7000000000041425,England,http://data.ordnancesurvey.co.uk/id/country/england,,,
PE135RR,http://data.ordnancesurvey.co.uk/id/postcodeunit/PE135RR,PE13 5RR,,,,other,Postcode,543273,316619,3500,18000,,,,,,,Tydd St Giles,http://data.ordnancesurvey.co.uk/id/4000000074548770,http://www.ordnancesurvey.co.uk/xml/codelists/localtype.xml#village,Fenland,http://data.ordnancesurvey.co.uk/id/7000000000001357,http://data.ordnancesurvey.co.uk/ontology/admingeo/District,Cambridgeshire,http://data.ordnancesurvey.co.uk/id/7000000000001386,http://data.ordnancesurvey.co.uk/ontology/admingeo/County,Eastern,http://data.ordnancesurvey.co.uk/id/7000000000041425,England,http://data.ordnancesurvey.co.uk/id/country/england,,,
PE135LP,http://data.ordnancesurvey.co.uk/id/postcodeunit/PE135LP,PE13 5LP,,,,other,Postcode,542331,316214,3500,18000,,,,,,,Tydd St Giles,http://data.ordnancesurvey.co.uk/id/4000000074548770,http://www.ordnancesurvey.co.uk/xml/codelists/localtype.xml#village,Fenland,http://data.ordnancesurvey.co.uk/id/7000000000001357,http://data.ordnancesurvey.co.uk/ontology/admingeo/District,Cambridgeshire,http://data.ordnancesurvey.co.uk/id/7000000000001386,http://data.ordnancesurvey.co.uk/ontology/admingeo/County,Eastern,http://data.ordnancesurvey.co.uk/id/7000000000041425,England,http://data.ordnancesurvey.co.uk/id/country/england,,,
PE134RU,http://data.ordnancesurvey.co.uk/id/postcodeunit/PE134RU,PE13 4RU,,,,other,Postcode,542238,308430,3500,18000,,,,,,,Wisbech St Mary,http://data.ordnancesurvey.co.uk/id/4000000074551315,http://www.ordnancesurvey.co.uk/xml/codelists/localtype.xml#village,Fenland,http://data.ordnancesurvey.co.uk/id/7000000000001357,http://data.ordnancesurvey.co.uk/ontology/admingeo/District,Cambridgeshire,http://data.ordnancesurvey.co.uk/id/7000000000001386,http://data.ordnancesurvey.co.uk/ontology/admingeo/County,Eastern,http://data.ordnancesurvey.co.uk/id/7000000000041425,England,http://data.ordnancesurvey.co.uk/id/country/england,,,
PE148DR,http://data.ordnancesurvey.co.uk/id/postcodeunit/PE148DR,PE14 8DR,,,,other,Postcode,551610,309241,3500,18000,,,,,,,,,,King's Lynn and West Norfolk,http://data.ordnancesurvey.co.uk/id/7000000000007016,http://data.ordnancesurvey.co.uk/ontology/admingeo/District,Norfolk,http://data.ordnancesurvey.co.uk/id/7000000000007238,http://data.ordnancesurvey.co.uk/ontology/admingeo/County,Eastern,http://data.ordnancesurvey.co.uk/id/7000000000041425,England,http://data.ordnancesurvey.co.uk/id/country/england,,,
PE343NU,http://data.ordnancesurvey.co.uk/id/postcodeunit/PE343NU,PE34 3NU,,,,other,Postcode,556015,305071,3500,18000,,,,,,,,,,King's Lynn and West Norfolk,http://data.ordnancesurvey.co.uk/id/7000000000007016,http://data.ordnancesurvey.co.uk/ontology/admingeo/District,Norfolk,http://data.ordnancesurvey.co.uk/id/7000000000007238,http://data.ordnancesurvey.co.uk/ontology/admingeo/County,Eastern,http://data.ordnancesurvey.co.uk/id/7000000000041425,England,http://data.ordnancesurvey.co.uk/id/country/england,,,
PE134TL,http://data.ordnancesurvey.co.uk/id/postcodeunit/PE134TL,PE13 4TL,,,,other,Postcode,543761,309113,3500,18000,,,,,,,,,,Fenland,http://data.ordnancesurvey.co.uk/id/7000000000001357,http://data.ordnancesurvey.co.uk/ontology/admingeo/District,Cambridgeshire,http://data.ordnancesurvey.co.uk/id/7000000000001386,http://data.ordnancesurvey.co.uk/ontology/admingeo/County,Eastern,http://data.ordnancesurvey.co.uk/id/7000000000041425,England,http://data.ordnancesurvey.co.uk/id/country/england,,,
PE131AE,http://data.ordnancesurvey.co.uk/id/postcodeunit/PE131AE,PE13 1AE,,,,other,Postcode,546088,309637,3500,18000,,,,,,,Wisbech,http://data.ordnancesurvey.co.uk/id/4000000074551318,http://www.ordnancesurvey.co.uk/xml/codelists/localtype.xml#town,Fenland,http://data.ordnancesurvey.co.uk/id/7000000000001357,http://data.ordnancesurvey.co.uk/ontology/admingeo/District,Cambridgeshire,http://data.ordnancesurvey.co.uk/id/7000000000001386,http://data.ordnancesurvey.co.uk/ontology/admingeo/County,Eastern,http://data.ordnancesurvey.co.uk/id/7000000000041425,England,http://data.ordnancesurvey.co.uk/id/country/england,,,
PE132RD,http://data.ordnancesurvey.co.uk/id/postcodeunit/PE132RD,PE13 2RD,,,,other,Postcode,546205,308323,3500,18000,,,,,,,Wisbech,http://data.ordnancesurvey.co.uk/id/4000000074551318,http://www.ordnancesurvey.co.uk/xml/codelists/localtype.xml#town,Fenland,http://data.ordnancesurvey.co.uk/id/7000000000001357,http://data.ordnancesurvey.co.uk/ontology/admingeo/District,Cambridgeshire,http://data.ordnancesurvey.co.uk/id/7000000000001386,http://data.ordnancesurvey.co.uk/ontology/admingeo/County,Eastern,http://data.ordnancesurvey.co.uk/id/7000000000041425,England,http://data.ordnancesurvey.co.uk/id/country/england,,,
PE140RT,http://data.ordnancesurvey.co.uk/id/postcodeunit/PE140RT,PE14 0RT,,,,other,Postcode,544211,306854,3500,18000,,,,,,,,,,Fenland,http://data.ordnancesurvey.co.uk/id/7000000000001357,http://data.ordnancesurvey.co.uk/ontology/admingeo/District,Cambridgeshire,http://data.ordnancesurvey.co.uk/id/7000000000001386,http://data.ordnancesurvey.co.uk/ontology/admingeo/County,Eastern,http://data.ordnancesurvey.co.uk/id/7000000000041425,England,http://data.ordnancesurvey.co.uk/id/country/england,,,
PE132TA,http://data.ordnancesurvey.co.uk/id/postcodeunit/PE132TA,PE13 2TA,,,,other,Postcode,546693,308791,3500,18000,,,,,,,Wisbech,http://data.ordnancesurvey.co.uk/id/4000000074551318,http://www.ordnancesurvey.co.uk/xml/codelists/localtype.xml#town,Fenland,http://data.ordnancesurvey.co.uk/id/7000000000001357,http://data.ordnancesurvey.co.uk/ontology/admingeo/District,Cambridgeshire,http://data.ordnancesurvey.co.uk/id/7000000000001386,http://data.ordnancesurvey.co.uk/ontology/admingeo/County,Eastern,http://data.ordnancesurvey.co.uk/id/7000000000041425,England,http://data.ordnancesurvey.co.uk/id/country/england,,,
PE134QB,http://data.ordnancesurvey.co.uk/id/postcodeunit/PE134QB,PE13 4QB,,,,other,Postcode,541449,312013,3500,18000,,,,,,,Gorefield,http://data.ordnancesurvey.co.uk/id/4000000074551667,http://www.ordnancesurvey.co.uk/xml/codelists/localtype.xml#village,Fenland,http://data.ordnancesurvey.co.uk/id/7000000000001357,http://data.ordnancesurvey.co.uk/ontology/admingeo/District,Cambridgeshire,http://data.ordnancesurvey.co.uk/id/7000000000001386,http://data.ordnancesurvey.co.uk/ontology/admingeo/County,Eastern,http://data.ordnancesurvey.co.uk/id/7000000000041425,England,http://data.ordnancesurvey.co.uk/id/country/england,,,
PE135LD,http://data.ordnancesurvey.co.uk/id/postcodeunit/PE135LD,PE13 5LD,,,,other,Postcode,542841,316508,3500,18000,,,,,,,Tydd St Giles,http://data.ordnancesurvey.co.uk/id/4000000074548770,http://www.ordnancesurvey.co.uk/xml/codelists/localtype.xml#village,Fenland,http://data.ordnancesurvey.co.uk/id/7000000000001357,http://data.ordnancesurvey.co.uk/ontology/admingeo/District,Cambridgeshire,http://data.ordnancesurvey.co.uk/id/7000000000001386,http://data.ordnancesurvey.co.uk/ontology/admingeo/County,Eastern,http://data.ordnancesurvey.co.uk/id/7000000000041425,England,http://data.ordnancesurvey.co.uk/id/country/england,,,
PE134PE,http://data.ordnancesurvey.co.uk/id/postcodeunit/PE134PE,PE13 4PE,,,,other,Postcode,541950,311812,3500,18000,,,,,,,Gorefield,http://data.ordnancesurvey.co.uk/id/4000000074551667,http://www.ordnancesurvey.co.uk/xml/codelists/localtype.xml#village,Fenland,http://data.ordnancesurvey.co.uk/id/7000000000001357,http://data.ordnancesurvey.co.uk/ontology/admingeo/District,Cambridgeshire,http://data.ordnancesurvey.co.uk/id/7000000000001386,http://data.ordnancesurvey.co.uk/ontology/admingeo/County,Eastern,http://data.ordnancesurvey.co.uk/id/7000000000041425,England,http://data.ordnancesurvey.co.uk/id/country/england,,,
PE131JA,http://data.ordnancesurvey.co.uk/id/postcodeunit/PE131JA,PE13 1JA,,,,other,Postcode,545999,309613,3500,18000,,,,,,,Wisbech,http://data.ordnancesurvey.co.uk/id/4000000074551318,http://www.ordnancesurvey.co.uk/xml/codelists/localtype.xml#town,Fenland,http://data.ordnancesurvey.co.uk/id/7000000000001357,http://data.ordnancesurvey.co.uk/ontology/admingeo/District,Cambridgeshire,http://data.ordnancesurvey.co.uk/id/7000000000001386,http://data.ordnancesurvey.co.uk/ontology/admingeo/County,Eastern,http://data.ordnancesurvey.co.uk/id/7000000000041425,England,http://data.ordnancesurvey.co.uk/id/country/england,,,
PE148LA,http://data.ordnancesurvey.co.uk/id/postcodeunit/PE148LA,PE14 8LA,,,,other,Postcode,553334,310924,3500,18000,,,,,,,St John's Fen End,http://data.ordnancesurvey.co.uk/id/4000000074548752,http://www.ordnancesurvey.co.uk/xml/codelists/localtype.xml#village,King's Lynn and West Norfolk,http://data.ordnancesurvey.co.uk/id/7000000000007016,http://data.ordnancesurvey.co.uk/ontology/admingeo/District,Norfolk,http://data.ordnancesurvey.co.uk/id/7000000000007238,http://data.ordnancesurvey.co.uk/ontology/admingeo/County,Eastern,http://data.ordnancesurvey.co.uk/id/7000000000041425,England,http://data.ordnancesurvey.co.uk/id/country/england,,,
PE344RB,http://data.ordnancesurvey.co.uk/id/postcodeunit/PE344RB,PE34 4RB,,,,other,Postcode,554658,311893,3500,18000,,,,,,,Tilney St Lawrence,http://data.ordnancesurvey.co.uk/id/4000000074550579,http://www.ordnancesurvey.co.uk/xml/codelists/localtype.xml#village,King's Lynn and West Norfolk,http://data.ordnancesurvey.co.uk/id/7000000000007016,http://data.ordnancesurvey.co.uk/ontology/admingeo/District,Norfolk,http://data.ordnancesurvey.co.uk/id/7000000000007238,http://data.ordnancesurvey.co.uk/ontology/admingeo/County,Eastern,http://data.ordnancesurvey.co.uk/id/7000000000041425,England,http://data.ordnancesurvey.co.uk/id/country/england,,,
PE148EJ,http://data.ordnancesurvey.co.uk/id/postcodeunit/PE148EJ,PE14 8EJ,,,,other,Postcode,551532,307325,3500,18000,,,,,,,Emneth Hungate,http://data.ordnancesurvey.co.uk/id/4000000074548394,http://www.ordnancesurvey.co.uk/xml/codelists/localtype.xml#hamlet,King's Lynn and West Norfolk,http://data.ordnancesurvey.co.uk/id/7000000000007016,http://data.ordnancesurvey.co.uk/ontology/admingeo/District,Norfolk,http://data.ordnancesurvey.co.uk/id/7000000000007238,http://data.ordnancesurvey.co.uk/ontology/admingeo/County,Eastern,http://data.ordnancesurvey.co.uk/id/7000000000041425,England,http://data.ordnancesurvey.co.uk/id/country/england,,,
PE135QU,http://data.ordnancesurvey.co.uk/id/postcodeunit/PE135QU,PE13 5QU,,,,other,Postcode,542689,319562,3500,18000,,,,,,,,,,South Holland,http://data.ordnancesurvey.co.uk/id/7000000000005599,http://data.ordnancesurvey.co.uk/ontology/admingeo/District,Lincolnshire,http://data.ordnancesurvey.co.uk/id/7000000000005942,http://data.ordnancesurvey.co.uk/ontology/admingeo/County,East Midlands,http://data.ordnancesurvey.co.uk/id/7000000000041423,England,http://data.ordnancesurvey.co.uk/id/country/england,,,
PE148JZ,http://data.ordnancesurvey.co.uk/id/postcodeunit/PE148JZ,PE14 8JZ,,,,other,Postcode,555371,308935,3500,18000,,,,,,,,,,King's Lynn and West Norfolk,http://data.ordnancesurvey.co.uk/id/7000000000007016,http://data.ordnancesurvey.co.uk/ontology/admingeo/District,Norfolk,http://data.ordnancesurvey.co.uk/id/7000000000007238,http://data.ordnancesurvey.co.uk/ontology/admingeo/County,Eastern,http://data.ordnancesurvey.co.uk/id/7000000000041425,England,http://data.ordnancesurvey.co.uk/id/country/england,,,
PE148EY,http://data.ordnancesurvey.co.uk/id/postcodeunit/PE148EY,PE14 8EY,,,,other,Postcode,552615,309780,3500,18000,,,,,,,,,,King's Lynn and West Norfolk,http://data.ordnancesurvey.co.uk/id/7000000000007016,http://data.ordnancesurvey.co.uk/ontology/admingeo/District,Norfolk,http://data.ordnancesurvey.co.uk/id/7000000000007238,http://data.ordnancesurvey.co.uk/ontology/admingeo/County,Eastern,http://data.ordnancesurvey.co.uk/id/7000000000041425,England,http://data.ordnancesurvey.co.uk/id/country/england,,,
PE133PU,http://data.ordnancesurvey.co.uk/id/postcodeunit/PE133PU,PE13 3PU,,,,other,Postcode,546804,311131,3500,18000,,,,,,,Wisbech,http://data.ordnancesurvey.co.uk/id/4000000074551318,http://www.ordnancesurvey.co.uk/xml/codelists/localtype.xml#town,Fenland,http://data.ordnancesurvey.co.uk/id/7000000000001357,http://data.ordnancesurvey.co.uk/ontology/admingeo/District,Cambridgeshire,http://data.ordnancesurvey.co.uk/id/7000000000001386,http://data.ordnancesurvey.co.uk/ontology/admingeo/County,Eastern,http://data.ordnancesurvey.co.uk/id/7000000000041425,England,http://data.ordnancesurvey.co.uk/id/country/england,,,
PE133DN,http://data.ordnancesurvey.co.uk/id/postcodeunit/PE133DN,PE13 3DN,,,,other,Postcode,546633,310043,3500,18000,,,,,,,Wisbech,http://data.ordnancesurvey.co.uk/id/4000000074551318,http://www.ordnancesurvey.co.uk/xml/codelists/localtype.xml#town,Fenland,http://data.ordnancesurvey.co.uk/id/7000000000001357,http://data.ordnancesurvey.co.uk/ontology/admingeo/District,Cambridgeshire,http://data.ordnancesurvey.co.uk/id/7000000000001386,http://data.ordnancesurvey.co.uk/ontology/admingeo/County,Eastern,http://data.ordnancesurvey.co.uk/id/7000000000041425,England,http://data.ordnancesurvey.co.uk/id/country/england,,,
PE147JT,http://data.ordnancesurvey.co.uk/id/postcodeunit/PE147JT,PE14 7JT,,,,other,Postcode,549414,319368,3500,18000,,,,,,,,,,South Holland,http://data.ordnancesurvey.co.uk/id/7000000000005599,http://data.ordnancesurvey.co.uk/ontology/admingeo/District,Lincolnshire,http://data.ordnancesurvey.co.uk/id/7000000000005942,http://data.ordnancesurvey.co.uk/ontology/admingeo/County,East Midlands,http://data.ordnancesurvey.co.uk/id/7000000000041423,England,http://data.ordnancesurvey.co.uk/id/country/england,,,
PE147RG,http://data.ordnancesurvey.co.uk/id/postcodeunit/PE147RG,PE14 7RG,,,,other,Postcode,551253,315151,3500,18000,,,,,,,,,,King's Lynn and West Norfolk,http://data.ordnancesurvey.co.uk/id/7000000000007016,http://data.ordnancesurvey.co.uk/ontology/admingeo/District,Norfolk,http://data.ordnancesurvey.co.uk/id/7000000000007238,http://data.ordnancesurvey.co.uk/ontology/admingeo/County,Eastern,http://data.ordnancesurvey.co.uk/id/7000000000041425,England,http://data.ordnancesurvey.co.uk/id/country/england,,,
PE132UG,http://data.ordnancesurvey.co.uk/id/postcodeunit/PE132UG,PE13 2UG,,,,other,Postcode,547232,308352,3500,18000,,,,,,,Wisbech,http://data.ordnancesurvey.co.uk/id/4000000074551318,http://www.ordnancesurvey.co.uk/xml/codelists/localtype.xml#town,Fenland,http://data.ordnancesurvey.co.uk/id/7000000000001357,http://data.ordnancesurvey.co.uk/ontology/admingeo/District,Cambridgeshire,http://data.ordnancesurvey.co.uk/id/7000000000001386,http://data.ordnancesurvey.co.uk/ontology/admingeo/County,Eastern,http://data.ordnancesurvey.co.uk/id/7000000000041425,England,http://data.ordnancesurvey.co.uk/id/country/england,,,
PE133QE,http://data.ordnancesurvey.co.uk/id/postcodeunit/PE133QE,PE13 3QE,,,,other,Postcode,547204,310643,3500,18000,,,,,,,Wisbech,http://data.ordnancesurvey.co.uk/id/4000000074551318,http://www.ordnancesurvey.co.uk/xml/codelists/localtype.xml#town,Fenland,http://data.ordnancesurvey.co.uk/id/7000000000001357,http://data.ordnancesurvey.co.uk/ontology/admingeo/District,Cambridgeshire,http://data.ordnancesurvey.co.uk/id/7000000000001386,http://data.ordnancesurvey.co.uk/ontology/admingeo/County,Eastern,http://data.ordnancesurvey.co.uk/id/7000000000041425,England,http://data.ordnancesurvey.co.uk/id/country/england,,,
PE133XD,http://data.ordnancesurvey.co.uk/id/postcodeunit/PE133XD,PE13 3XD,,,,other,Postcode,547999,310668,3500,18000,,,,,,,Wisbech,http://data.ordnancesurvey.co.uk/id/4000000074551318,http://www.ordnancesurvey.co.uk/xml/codelists/localtype.xml#town,King's Lynn and West Norfolk,http://data.ordnancesurvey.co.uk/id/7000000000007016,http://data.ordnancesurvey.co.uk/ontology/admingeo/District,Norfolk,http://data.ordnancesurvey.co.uk/id/7000000000007238,http://data.ordnancesurvey.co.uk/ontology/admingeo/County,Eastern,http://data.ordnancesurvey.co.uk/id/7000000000041425,England,http://data.ordnancesurvey.co.uk/id/country/england,,,
PE134PF,http://data.ordnancesurvey.co.uk/id/postcodeunit/PE134PF,PE13 4PF,,,,other,Postcode,541811,311880,3500,18000,,,,,,,Gorefield,http://data.ordnancesurvey.co.uk/id/4000000074551667,http://www.ordnancesurvey.co.uk/xml/codelists/localtype.xml#village,Fenland,http://data.ordnancesurvey.co.uk/id/7000000000001357,http://data.ordnancesurvey.co.uk/ontology/admingeo/District,Cambridgeshire,http://data.ordnancesurvey.co.uk/id/7000000000001386,http://data.ordnancesurvey.co.uk/ontology/admingeo/County,Eastern,http://data.ordnancesurvey.co.uk/id/7000000000041425,England,http://data.ordnancesurvey.co.uk/id/country/england,,,
PE133QB,http://data.ordnancesurvey.co.uk/id/postcodeunit/PE133QB,PE13 3QB,,,,other,Postcode,547176,310459,3500,18000,,,,,,,Wisbech,http://data.ordnancesurvey.co.uk/id/4000000074551318,http://www.ordnancesurvey.co.uk/xml/codelists/localtype.xml#town,Fenland,http://data.ordnancesurvey.co.uk/id/7000000000001357,http://data.ordnancesurvey.co.uk/ontology/admingeo/District,Cambridgeshire,http://data.ordnancesurvey.co.uk/id/7000000000001386,http://data.ordnancesurvey.co.uk/ontology/admingeo/County,Eastern,http://data.ordnancesurvey.co.uk/id/7000000000041425,England,http://data.ordnancesurvey.co.uk/id/country/england,,,
PE343DX,http://data.ordnancesurvey.co.uk/id/postcodeunit/PE343DX,PE34 3DX,,,,other,Postcode,559160,314557,3500,18000,,,,,,,Wiggenhall St Germans,http://data.ordnancesurvey.co.uk/id/4000000074550213,http://www.ordnancesurvey.co.uk/xml/codelists/localtype.xml#village,King's Lynn and West Norfolk,http://data.ordnancesurvey.co.uk/id/7000000000007016,http://data.ordnancesurvey.co.uk/ontology/admingeo/District,Norfolk,http://data.ordnancesurvey.co.uk/id/7000000000007238,http://data.ordnancesurvey.co.uk/ontology/admingeo/County,Eastern,http://data.ordnancesurvey.co.uk/id/7000000000041425,England,http://data.ordnancesurvey.co.uk/id/country/england,,,
PE133GA,http://data.ordnancesurvey.co.uk/id/postcodeunit/PE133GA,PE13 3GA,,,,other,Postcode,547373,310050,3500,18000,,,,,,,Wisbech,http://data.ordnancesurvey.co.uk/id/4000000074551318,http://www.ordnancesurvey.co.uk/xml/codelists/localtype.xml#town,Fenland,http://data.ordnancesurvey.co.uk/id/7000000000001357,http://data.ordnancesurvey.co.uk/ontology/admingeo/District,Cambridgeshire,http://data.ordnancesurvey.co.uk/id/7000000000001386,http://data.ordnancesurvey.co.uk/ontology/admingeo/County,Eastern,http://data.ordnancesurvey.co.uk/id/7000000000041425,England,http://data.ordnancesurvey.co.uk/id/country/england,,,
PE148HG,http://data.ordnancesurvey.co.uk/id/postcodeunit/PE148HG,PE14 8HG,,,,other,Postcode,553227,307653,3500,18000,,,,,,,,,,King's Lynn and West Norfolk,http://data.ordnancesurvey.co.uk/id/7000000000007016,http://data.ordnancesurvey.co.uk/ontology/admingeo/District,Norfolk,http://data.ordnancesurvey.co.uk/id/7000000000007238,http://data.ordnancesurvey.co.uk/ontology/admingeo/County,Eastern,http://data.ordnancesurvey.co.uk/id/7000000000041425,England,http://data.ordnancesurvey.co.uk/id/country/england,,,
PE147LW,http://data.ordnancesurvey.co.uk/id/postcodeunit/PE147LW,PE14 7LW,,,,other,Postcode,550451,317711,3500,18000,,,,,,,Walpole St Andrew,http://data.ordnancesurvey.co.uk/id/4000000074550944,http://www.ordnancesurvey.co.uk/xml/codelists/localtype.xml#village,King's Lynn and West Norfolk,http://data.ordnancesurvey.co.uk/id/7000000000007016,http://data.ordnancesurvey.co.uk/ontology/admingeo/District,Norfolk,http://data.ordnancesurvey.co.uk/id/7000000000007238,http://data.ordnancesurvey.co.uk/ontology/admingeo/County,Eastern,http://data.ordnancesurvey.co.uk/id/7000000000041425,England,http://data.ordnancesurvey.co.uk/id/country/england,,,
PE343BW,http://data.ordnancesurvey.co.uk/id/postcodeunit/PE343BW,PE34 3BW,,,,other,Postcode,557173,312417,3500,18000,,,,,,,Tilney cum Islington,http://data.ordnancesurvey.co.uk/id/4000000074550575,http://www.ordnancesurvey.co.uk/xml/codelists/localtype.xml#village,King's Lynn and West Norfolk,http://data.ordnancesurvey.co.uk/id/7000000000007016,http://data.ordnancesurvey.co.uk/ontology/admingeo/District,Norfolk,http://data.ordnancesurvey.co.uk/id/7000000000007238,http://data.ordnancesurvey.co.uk/ontology/admingeo/County,Eastern,http://data.ordnancesurvey.co.uk/id/7000000000041425,England,http://data.ordnancesurvey.co.uk/id/country/england,,,
PE132HR,http://data.ordnancesurvey.co.uk/id/postcodeunit/PE132HR,PE13 2HR,,,,other,Postcode,547069,308994,3500,18000,,,,,,,Wisbech,http://data.ordnancesurvey.co.uk/id/4000000074551318,http://www.ordnancesurvey.co.uk/xml/codelists/localtype.xml#town,Fenland,http://data.ordnancesurvey.co.uk/id/7000000000001357,http://data.ordnancesurvey.co.uk/ontology/admingeo/District,Cambridgeshire,http://data.ordnancesurvey.co.uk/id/7000000000001386,http://data.ordnancesurvey.co.uk/ontology/admingeo/County,Eastern,http://data.ordnancesurvey.co.uk/id/7000000000041425,England,http://data.ordnancesurvey.co.uk/id/country/england,,,
PE148JL,http://data.ordnancesurvey.co.uk/id/postcodeunit/PE148JL,PE14 8JL,,,,other,Postcode,554209,311336,3500,18000,,,,,,,Tilney Fen End,http://data.ordnancesurvey.co.uk/id/4000000074548751,http://www.ordnancesurvey.co.uk/xml/codelists/localtype.xml#hamlet,King's Lynn and West Norfolk,http://data.ordnancesurvey.co.uk/id/7000000000007016,http://data.ordnancesurvey.co.uk/ontology/admingeo/District,Norfolk,http://data.ordnancesurvey.co.uk/id/7000000000007238,http://data.ordnancesurvey.co.uk/ontology/admingeo/County,Eastern,http://data.ordnancesurvey.co.uk/id/7000000000041425,England,http://data.ordnancesurvey.co.uk/id/country/england,,,
PE147BJ,http://data.ordnancesurvey.co.uk/id/postcodeunit/PE147BJ,PE14 7BJ,,,,other,Postcode,548156,308880,3500,18000,,,,,,,,,,King's Lynn and West Norfolk,http://data.ordnancesurvey.co.uk/id/7000000000007016,http://data.ordnancesurvey.co.uk/ontology/admingeo/District,Norfolk,http://data.ordnancesurvey.co.uk/id/7000000000007238,http://data.ordnancesurvey.co.uk/ontology/admingeo/County,Eastern,http://data.ordnancesurvey.co.uk/id/7000000000041425,England,http://data.ordnancesurvey.co.uk/id/country/england,,,
PE133GE,http://data.ordnancesurvey.co.uk/id/postcodeunit/PE133GE,PE13 3GE,,,,other,Postcode,546407,309908,3500,18000,,,,,,,Wisbech,http://data.ordnancesurvey.co.uk/id/4000000074551318,http://www.ordnancesurvey.co.uk/xml/codelists/localtype.xml#town,Fenland,http://data.ordnancesurvey.co.uk/id/7000000000001357,http://data.ordnancesurvey.co.uk/ontology/admingeo/District,Cambridgeshire,http://data.ordnancesurvey.co.uk/id/7000000000001386,http://data.ordnancesurvey.co.uk/ontology/admingeo/County,Eastern,http://data.ordnancesurvey.co.uk/id/7000000000041425,England,http://data.ordnancesurvey.co.uk/id/country/england,,,
PE135AX,http://data.ordnancesurvey.co.uk/id/postcodeunit/PE135AX,PE13 5AX,,,,other,Postcode,544371,311329,3500,18000,,,,,,,Leverington,http://data.ordnancesurvey.co.uk/id/4000000074551313,http://www.ordnancesurvey.co.uk/xml/codelists/localtype.xml#village,Fenland,http://data.ordnancesurvey.co.uk/id/7000000000001357,http://data.ordnancesurvey.co.uk/ontology/admingeo/District,Cambridgeshire,http://data.ordnancesurvey.co.uk/id/7000000000001386,http://data.ordnancesurvey.co.uk/ontology/admingeo/County,Eastern,http://data.ordnancesurvey.co.uk/id/7000000000041425,England,http://data.ordnancesurvey.co.uk/id/country/england,,,
PE133LD,http://data.ordnancesurvey.co.uk/id/postcodeunit/PE133LD,PE13 3LD,,,,other,Postcode,546048,310754,3500,18000,,,,,,,Wisbech,http://data.ordnancesurvey.co.uk/id/4000000074551318,http://www.ordnancesurvey.co.uk/xml/codelists/localtype.xml#town,Fenland,http://data.ordnancesurvey.co.uk/id/7000000000001357,http://data.ordnancesurvey.co.uk/ontology/admingeo/District,Cambridgeshire,http://data.ordnancesurvey.co.uk/id/7000000000001386,http://data.ordnancesurvey.co.uk/ontology/admingeo/County,Eastern,http://data.ordnancesurvey.co.uk/id/7000000000041425,England,http://data.ordnancesurvey.co.uk/id/country/england,,,
PE140LY,http://data.ordnancesurvey.co.uk/id/postcodeunit/PE140LY,PE14 0LY,,,,other,Postcode,542797,301242,3500,18000,,,,,,,,,,Fenland,http://data.ordnancesurvey.co.uk/id/7000000000001357,http://data.ordnancesurvey.co.uk/ontology/admingeo/District,Cambridgeshire,http://data.ordnancesurvey.co.uk/id/7000000000001386,http://data.ordnancesurvey.co.uk/ontology/admingeo/County,Eastern,http://data.ordnancesurvey.co.uk/id/7000000000041425,England,http://data.ordnancesurvey.co.uk/id/country/england,,,
PE135BH,http://data.ordnancesurvey.co.uk/id/postcodeunit/PE135BH,PE13 5BH,,,,other,Postcode,544113,310696,3500,18000,,,,,,,Leverington,http://data.ordnancesurvey.co.uk/id/4000000074551313,http://www.ordnancesurvey.co.uk/xml/codelists/localtype.xml#village,Fenland,http://data.ordnancesurvey.co.uk/id/7000000000001357,http://data.ordnancesurvey.co.uk/ontology/admingeo/District,Cambridgeshire,http://data.ordnancesurvey.co.uk/id/7000000000001386,http://data.ordnancesurvey.co.uk/ontology/admingeo/County,Eastern,http://data.ordnancesurvey.co.uk/id/7000000000041425,England,http://data.ordnancesurvey.co.uk/id/country/england,,,
PE120HU,http://data.ordnancesurvey.co.uk/id/postcodeunit/PE120HU,PE12 0HU,,,,other,Postcode,540782,319741,3500,18000,,,,,,,,,,South Holland,http://data.ordnancesurvey.co.uk/id/7000000000005599,http://data.ordnancesurvey.co.uk/ontology/admingeo/District,Lincolnshire,http://data.ordnancesurvey.co.uk/id/7000000000005942,http://data.ordnancesurvey.co.uk/ontology/admingeo/County,East Midlands,http://data.ordnancesurvey.co.uk/id/7000000000041423,England,http://data.ordnancesurvey.co.uk/id/country/england,,,
PE132UE,http://data.ordnancesurvey.co.uk/id/postcodeunit/PE132UE,PE13 2UE,,,,other,Postcode,547173,308342,3500,18000,,,,,,,Wisbech,http://data.ordnancesurvey.co.uk/id/4000000074551318,http://www.ordnancesurvey.co.uk/xml/codelists/localtype.xml#town,Fenland,http://data.ordnancesurvey.co.uk/id/7000000000001357,http://data.ordnancesurvey.co.uk/ontology/admingeo/District,Cambridgeshire,http://data.ordnancesurvey.co.uk/id/7000000000001386,http://data.ordnancesurvey.co.uk/ontology/admingeo/County,Eastern,http://data.ordnancesurvey.co.uk/id/7000000000041425,England,http://data.ordnancesurvey.co.uk/id/country/england,,,
PE133QR,http://data.ordnancesurvey.co.uk/id/postcodeunit/PE133QR,PE13 3QR,,,,other,Postcode,547524,310427,3500,18000,,,,,,,Wisbech,http://data.ordnancesurvey.co.uk/id/4000000074551318,http://www.ordnancesurvey.co.uk/xml/codelists/localtype.xml#town,Fenland,http://data.ordnancesurvey.co.uk/id/7000000000001357,http://data.ordnancesurvey.co.uk/ontology/admingeo/District,Cambridgeshire,http://data.ordnancesurvey.co.uk/id/7000000000001386,http://data.ordnancesurvey.co.uk/ontology/admingeo/County,Eastern,http://data.ordnancesurvey.co.uk/id/7000000000041425,England,http://data.ordnancesurvey.co.uk/id/country/england,,,
PE133TY,http://data.ordnancesurvey.co.uk/id/postcodeunit/PE133TY,PE13 3TY,,,,other,Postcode,547879,310292,3500,18000,,,,,,,Wisbech,http://data.ordnancesurvey.co.uk/id/4000000074551318,http://www.ordnancesurvey.co.uk/xml/codelists/localtype.xml#town,King's Lynn and West Norfolk,http://data.ordnancesurvey.co.uk/id/7000000000007016,http://data.ordnancesurvey.co.uk/ontology/admingeo/District,Norfolk,http://data.ordnancesurvey.co.uk/id/7000000000007238,http://data.ordnancesurvey.co.uk/ontology/admingeo/County,Eastern,http://data.ordnancesurvey.co.uk/id/7000000000041425,England,http://data.ordnancesurvey.co.uk/id/country/england,,,
PE132GA,http://data.ordnancesurvey.co.uk/id/postcodeunit/PE132GA,PE13 2GA,,,,other,Postcode,546134,308702,3500,18000,,,,,,,Wisbech,http://data.ordnancesurvey.co.uk/id/4000000074551318,http://www.ordnancesurvey.co.uk/xml/codelists/localtype.xml#town,Fenland,http://data.ordnancesurvey.co.uk/id/7000000000001357,http://data.ordnancesurvey.co.uk/ontology/admingeo/District,Cambridgeshire,http://data.ordnancesurvey.co.uk/id/7000000000001386,http://data.ordnancesurvey.co.uk/ontology/admingeo/County,Eastern,http://data.ordnancesurvey.co.uk/id/7000000000041425,England,http://data.ordnancesurvey.co.uk/id/country/england,,,
PE140DS,http://data.ordnancesurvey.co.uk/id/postcodeunit/PE140DS,PE14 0DS,,,,other,Postcode,547769,307614,3500,18000,,,,,,,Elm,http://data.ordnancesurvey.co.uk/id/4000000074341528,http://www.ordnancesurvey.co.uk/xml/codelists/localtype.xml#village,King's Lynn and West Norfolk,http://data.ordnancesurvey.co.uk/id/7000000000007016,http://data.ordnancesurvey.co.uk/ontology/admingeo/District,Norfolk,http://data.ordnancesurvey.co.uk/id/7000000000007238,http://data.ordnancesurvey.co.uk/ontology/admingeo/County,Eastern,http://data.ordnancesurvey.co.uk/id/7000000000041425,England,http://data.ordnancesurvey.co.uk/id/country/england,,,
PE132AP,http://data.ordnancesurvey.co.uk/id/postcodeunit/PE132AP,PE13 2AP,,,,other,Postcode,546537,309435,3500,18000,,,,,,,Wisbech,http://data.ordnancesurvey.co.uk/id/4000000074551318,http://www.ordnancesurvey.co.uk/xml/codelists/localtype.xml#town,Fenland,http://data.ordnancesurvey.co.uk/id/7000000000001357,http://data.ordnancesurvey.co.uk/ontology/admingeo/District,Cambridgeshire,http://data.ordnancesurvey.co.uk/id/7000000000001386,http://data.ordnancesurvey.co.uk/ontology/admingeo/County,Eastern,http://data.ordnancesurvey.co.uk/id/7000000000041425,England,http://data.ordnancesurvey.co.uk/id/country/england,,,
PE147LN,http://data.ordnancesurvey.co.uk/id/postcodeunit/PE147LN,PE14 7LN,,,,other,Postcode,550249,317611,3500,18000,,,,,,,Walpole St Andrew,http://data.ordnancesurvey.co.uk/id/4000000074550944,http://www.ordnancesurvey.co.uk/xml/codelists/localtype.xml#village,King's Lynn and West Norfolk,http://data.ordnancesurvey.co.uk/id/7000000000007016,http://data.ordnancesurvey.co.uk/ontology/admingeo/District,Norfolk,http://data.ordnancesurvey.co.uk/id/7000000000007238,http://data.ordnancesurvey.co.uk/ontology/admingeo/County,Eastern,http://data.ordnancesurvey.co.uk/id/7000000000041425,England,http://data.ordnancesurvey.co.uk/id/country/england,,,
PE343DH,http://data.ordnancesurvey.co.uk/id/postcodeunit/PE343DH,PE34 3DH,,,,other,Postcode,559830,311160,3500,18000,,,,,,,Wiggenhall St Mary Magdalen,http://data.ordnancesurvey.co.uk/id/4000000074548392,http://www.ordnancesurvey.co.uk/xml/codelists/localtype.xml#village,King's Lynn and West Norfolk,http://data.ordnancesurvey.co.uk/id/7000000000007016,http://data.ordnancesurvey.co.uk/ontology/admingeo/District,Norfolk,http://data.ordnancesurvey.co.uk/id/7000000000007238,http://data.ordnancesurvey.co.uk/ontology/admingeo/County,Eastern,http://data.ordnancesurvey.co.uk/id/7000000000041425,England,http://data.ordnancesurvey.co.uk/id/country/england,,,
PE134QX,http://data.ordnancesurvey.co.uk/id/postcodeunit/PE134QX,PE13 4QX,,,,other,Postcode,543035,309678,3500,18000,,,,,,,,,,Fenland,http://data.ordnancesurvey.co.uk/id/7000000000001357,http://data.ordnancesurvey.co.uk/ontology/admingeo/District,Cambridgeshire,http://data.ordnancesurvey.co.uk/id/7000000000001386,http://data.ordnancesurvey.co.uk/ontology/admingeo/County,Eastern,http://data.ordnancesurvey.co.uk/id/7000000000041425,England,http://data.ordnancesurvey.co.uk/id/country/england,,,
PE135QW,http://data.ordnancesurvey.co.uk/id/postcodeunit/PE135QW,PE13 5QW,,,,other,Postcode,543800,318301,3500,18000,,,,,,,Tydd St Mary,http://data.ordnancesurvey.co.uk/id/4000000074548410,http://www.ordnancesurvey.co.uk/xml/codelists/localtype.xml#village,South Holland,http://data.ordnancesurvey.co.uk/id/7000000000005599,http://data.ordnancesurvey.co.uk/ontology/admingeo/District,Lincolnshire,http://data.ordnancesurvey.co.uk/id/7000000000005942,http://data.ordnancesurvey.co.uk/ontology/admingeo/County,East Midlands,http://data.ordnancesurvey.co.uk/id/7000000000041423,England,http://data.ordnancesurvey.co.uk/id/country/england,,,
PE140AZ,http://data.ordnancesurvey.co.uk/id/postcodeunit/PE140AZ,PE14 0AZ,,,,other,Postcode,545671,306298,3500,18000,,,,,,,Begdale,http://data.ordnancesurvey.co.uk/id/4000000074550949,http://www.ordnancesurvey.co.uk/xml/codelists/localtype.xml#hamlet,Fenland,http://data.ordnancesurvey.co.uk/id/7000000000001357,http://data.ordnancesurvey.co.uk/ontology/admingeo/District,Cambridgeshire,http://data.ordnancesurvey.co.uk/id/7000000000001386,http://data.ordnancesurvey.co.uk/ontology/admingeo/County,Eastern,http://data.ordnancesurvey.co.uk/id/7000000000041425,England,http://data.ordnancesurvey.co.uk/id/country/england,,,
PE131AZ,http://data.ordnancesurvey.co.uk/id/postcodeunit/PE131AZ,PE13 1AZ,,,,other,Postcode,545954,310081,3500,18000,,,,,,,Wisbech,http://data.ordnancesurvey.co.uk/id/4000000074551318,http://www.ordnancesurvey.co.uk/xml/codelists/localtype.xml#town,Fenland,http://data.ordnancesurvey.co.uk/id/7000000000001357,http://data.ordnancesurvey.co.uk/ontology/admingeo/District,Cambridgeshire,http://data.ordnancesurvey.co.uk/id/7000000000001386,http://data.ordnancesurvey.co.uk/ontology/admingeo/County,Eastern,http://data.ordnancesurvey.co.uk/id/7000000000041425,England,http://data.ordnancesurvey.co.uk/id/country/england,,,
PE140TA,http://data.ordnancesurvey.co.uk/id/postcodeunit/PE140TA,PE14 0TA,,,,other,Postcode,545367,308643,3500,18000,,,,,,,Wisbech,http://data.ordnancesurvey.co.uk/id/4000000074551318,http://www.ordnancesurvey.co.uk/xml/codelists/localtype.xml#town,Fenland,http://data.ordnancesurvey.co.uk/id/7000000000001357,http://data.ordnancesurvey.co.uk/ontology/admingeo/District,Cambridgeshire,http://data.ordnancesurvey.co.uk/id/7000000000001386,http://data.ordnancesurvey.co.uk/ontology/admingeo/County,Eastern,http://data.ordnancesurvey.co.uk/id/7000000000041425,England,http://data.ordnancesurvey.co.uk/id/country/england,,,
PE132LE,http://data.ordnancesurvey.co.uk/id/postcodeunit/PE132LE,PE13 2LE,,,,other,Postcode,546435,309389,3500,18000,,,,,,,Wisbech,http://data.ordnancesurvey.co.uk/id/4000000074551318,http://www.ordnancesurvey.co.uk/xml/codelists/localtype.xml#town,Fenland,http://data.ordnancesurvey.co.uk/id/7000000000001357,http://data.ordnancesurvey.co.uk/ontology/admingeo/District,Cambridgeshire,http://data.ordnancesurvey.co.uk/id/7000000000001386,http://data.ordnancesurvey.co.uk/ontology/admingeo/County,Eastern,http://data.ordnancesurvey.co.uk/id/7000000000041425,England,http://data.ordnancesurvey.co.uk/id/country/england,,,
PE135EH,http://data.ordnancesurvey.co.uk/id/postcodeunit/PE135EH,PE13 5EH,,,,other,Postcode,543284,312170,3500,18000,,,,,,,,,,Fenland,http://data.ordnancesurvey.co.uk/id/7000000000001357,http://data.ordnancesurvey.co.uk/ontology/admingeo/District,Cambridgeshire,http://data.ordnancesurvey.co.uk/id/7000000000001386,http://data.ordnancesurvey.co.uk/ontology/admingeo/County,Eastern,http://data.ordnancesurvey.co.uk/id/7000000000041425,England,http://data.ordnancesurvey.co.uk/id/country/england,,,
PE132DR,http://data.ordnancesurvey.co.uk/id/postcodeunit/PE132DR,PE13 2DR,,,,other,Postcode,546536,309563,3500,18000,,,,,,,Wisbech,http://data.ordnancesurvey.co.uk/id/4000000074551318,http://www.ordnancesurvey.co.uk/xml/codelists/localtype.xml#town,Fenland,http://data.ordnancesurvey.co.uk/id/7000000000001357,http://data.ordnancesurvey.co.uk/ontology/admingeo/District,Cambridgeshire,http://data.ordnancesurvey.co.uk/id/7000000000001386,http://data.ordnancesurvey.co.uk/ontology/admingeo/County,Eastern,http://data.ordnancesurvey.co.uk/id/7000000000041425,England,http://data.ordnancesurvey.co.uk/id/country/england,,,
PE135NA,http://data.ordnancesurvey.co.uk/id/postcodeunit/PE135NA,PE13 5NA,,,,other,Postcode,544947,317863,3500,18000,,,,,,,Tydd Gote,http://data.ordnancesurvey.co.uk/id/4000000074548409,http://www.ordnancesurvey.co.uk/xml/codelists/localtype.xml#village,Fenland,http://data.ordnancesurvey.co.uk/id/7000000000001357,http://data.ordnancesurvey.co.uk/ontology/admingeo/District,Cambridgeshire,http://data.ordnancesurvey.co.uk/id/7000000000001386,http://data.ordnancesurvey.co.uk/ontology/admingeo/County,Eastern,http://data.ordnancesurvey.co.uk/id/7000000000041425,England,http://data.ordnancesurvey.co.uk/id/country/england,,,
PE147ET,http://data.ordnancesurvey.co.uk/id/postcodeunit/PE147ET,PE14 7ET,,,,other,Postcode,547110,313271,3500,18000,,,,,,,West Walton,http://data.ordnancesurvey.co.uk/id/4000000074552041,http://www.ordnancesurvey.co.uk/xml/codelists/localtype.xml#village,King's Lynn and West Norfolk,http://data.ordnancesurvey.co.uk/id/7000000000007016,http://data.ordnancesurvey.co.uk/ontology/admingeo/District,Norfolk,http://data.ordnancesurvey.co.uk/id/7000000000007238,http://data.ordnancesurvey.co.uk/ontology/admingeo/County,Eastern,http://data.ordnancesurvey.co.uk/id/7000000000041425,England,http://data.ordnancesurvey.co.uk/id/country/england,,,
PE135AP,http://data.ordnancesurvey.co.uk/id/postcodeunit/PE135AP,PE13 5AP,,,,other,Postcode,544610,312010,3500,18000,,,,,,,Leverington,http://data.ordnancesurvey.co.uk/id/4000000074551313,http://www.ordnancesurvey.co.uk/xml/codelists/localtype.xml#village,Fenland,http://data.ordnancesurvey.co.uk/id/7000000000001357,http://data.ordnancesurvey.co.uk/ontology/admingeo/District,Cambridgeshire,http://data.ordnancesurvey.co.uk/id/7000000000001386,http://data.ordnancesurvey.co.uk/ontology/admingeo/County,Eastern,http://data.ordnancesurvey.co.uk/id/7000000000041425,England,http://data.ordnancesurvey.co.uk/id/country/england,,,
PE120HS,http://data.ordnancesurvey.co.uk/id/postcodeunit/PE120HS,PE12 0HS,,,,other,Postcode,540307,319510,3500,18000,,,,,,,,,,South Holland,http://data.ordnancesurvey.co.uk/id/7000000000005599,http://data.ordnancesurvey.co.uk/ontology/admingeo/District,Lincolnshire,http://data.ordnancesurvey.co.uk/id/7000000000005942,http://data.ordnancesurvey.co.uk/ontology/admingeo/County,East Midlands,http://data.ordnancesurvey.co.uk/id/7000000000041423,England,http://data.ordnancesurvey.co.uk/id/country/england,,,
PE132RE,http://data.ordnancesurvey.co.uk/id/postcodeunit/PE132RE,PE13 2RE,,,,other,Postcode,546185,308063,3500,18000,,,,,,,Wisbech,http://data.ordnancesurvey.co.uk/id/4000000074551318,http://www.ordnancesurvey.co.uk/xml/codelists/localtype.xml#town,Fenland,http://data.ordnancesurvey.co.uk/id/7000000000001357,http://data.ordnancesurvey.co.uk/ontology/admingeo/District,Cambridgeshire,http://data.ordnancesurvey.co.uk/id/7000000000001386,http://data.ordnancesurvey.co.uk/ontology/admingeo/County,Eastern,http://data.ordnancesurvey.co.uk/id/7000000000041425,England,http://data.ordnancesurvey.co.uk/id/country/england,,,
PE133BJ,http://data.ordnancesurvey.co.uk/id/postcodeunit/PE133BJ,PE13 3BJ,,,,other,Postcode,546367,309825,3500,18000,,,,,,,Wisbech,http://data.ordnancesurvey.co.uk/id/4000000074551318,http://www.ordnancesurvey.co.uk/xml/codelists/localtype.xml#town,Fenland,http://data.ordnancesurvey.co.uk/id/7000000000001357,http://data.ordnancesurvey.co.uk/ontology/admingeo/District,Cambridgeshire,http://data.ordnancesurvey.co.uk/id/7000000000001386,http://data.ordnancesurvey.co.uk/ontology/admingeo/County,Eastern,http://data.ordnancesurvey.co.uk/id/7000000000041425,England,http://data.ordnancesurvey.co.uk/id/country/england,,,
PE135JE,http://data.ordnancesurvey.co.uk/id/postcodeunit/PE135JE,PE13 5JE,,,,other,Postcode,542714,310745,3500,18000,,,,,,,,,,Fenland,http://data.ordnancesurvey.co.uk/id/7000000000001357,http://data.ordnancesurvey.co.uk/ontology/admingeo/District,Cambridgeshire,http://data.ordnancesurvey.co.uk/id/7000000000001386,http://data.ordnancesurvey.co.uk/ontology/admingeo/County,Eastern,http://data.ordnancesurvey.co.uk/id/7000000000041425,England,http://data.ordnancesurvey.co.uk/id/country/england,,,
PE140SP,http://data.ordnancesurvey.co.uk/id/postcodeunit/PE140SP,PE14 0SP,,,,other,Postcode,545532,308967,3500,18000,,,,,,,Wisbech,http://data.ordnancesurvey.co.uk/id/4000000074551318,http://www.ordnancesurvey.co.uk/xml/codelists/localtype.xml#town,Fenland,http://data.ordnancesurvey.co.uk/id/7000000000001357,http://data.ordnancesurvey.co.uk/ontology/admingeo/District,Cambridgeshire,http://data.ordnancesurvey.co.uk/id/7000000000001386,http://data.ordnancesurvey.co.uk/ontology/admingeo/County,Eastern,http://data.ordnancesurvey.co.uk/id/7000000000041425,England,http://data.ordnancesurvey.co.uk/id/country/england,,,
PE132HE,http://data.ordnancesurvey.co.uk/id/postcodeunit/PE132HE,PE13 2HE,,,,other,Postcode,546524,309510,3500,18000,,,,,,,Wisbech,http://data.ordnancesurvey.co.uk/id/4000000074551318,http://www.ordnancesurvey.co.uk/xml/codelists/localtype.xml#town,Fenland,http://data.ordnancesurvey.co.uk/id/7000000000001357,http://data.ordnancesurvey.co.uk/ontology/admingeo/District,Cambridgeshire,http://data.ordnancesurvey.co.uk/id/7000000000001386,http://data.ordnancesurvey.co.uk/ontology/admingeo/County,Eastern,http://data.ordnancesurvey.co.uk/id/7000000000041425,England,http://data.ordnancesurvey.co.uk/id/country/england,,,
PE147PE,http://data.ordnancesurvey.co.uk/id/postcodeunit/PE147PE,PE14 7PE,,,,other,Postcode,550602,316464,3500,18000,,,,,,,Walpole St Peter,http://data.ordnancesurvey.co.uk/id/4000000074550943,http://www.ordnancesurvey.co.uk/xml/codelists/localtype.xml#village,King's Lynn and West Norfolk,http://data.ordnancesurvey.co.uk/id/7000000000007016,http://data.ordnancesurvey.co.uk/ontology/admingeo/District,Norfolk,http://data.ordnancesurvey.co.uk/id/7000000000007238,http://data.ordnancesurvey.co.uk/ontology/admingeo/County,Eastern,http://data.ordnancesurvey.co.uk/id/7000000000041425,England,http://data.ordnancesurvey.co.uk/id/country/england,,,
PE149DR,http://data.ordnancesurvey.co.uk/id/postcodeunit/PE149DR,PE14 9DR,,,,other,Postcode,549309,302325,3500,18000,,,,,,,Upwell,http://data.ordnancesurvey.co.uk/id/4000000074550938,http://www.ordnancesurvey.co.uk/xml/codelists/localtype.xml#village,King's Lynn and West Norfolk,http://data.ordnancesurvey.co.uk/id/7000000000007016,http://data.ordnancesurvey.co.uk/ontology/admingeo/District,Norfolk,http://data.ordnancesurvey.co.uk/id/7000000000007238,http://data.ordnancesurvey.co.uk/ontology/admingeo/County,Eastern,http://data.ordnancesurvey.co.uk/id/7000000000041425,England,http://data.ordnancesurvey.co.uk/id/country/england,,,
PE140RJ,http://data.ordnancesurvey.co.uk/id/postcodeunit/PE140RJ,PE14 0RJ,,,,other,Postcode,544789,307867,3500,18000,,,,,,,Wisbech,http://data.ordnancesurvey.co.uk/id/4000000074551318,http://www.ordnancesurvey.co.uk/xml/codelists/localtype.xml#town,Fenland,http://data.ordnancesurvey.co.uk/id/7000000000001357,http://data.ordnancesurvey.co.uk/ontology/admingeo/District,Cambridgeshire,http://data.ordnancesurvey.co.uk/id/7000000000001386,http://data.ordnancesurvey.co.uk/ontology/admingeo/County,Eastern,http://data.ordnancesurvey.co.uk/id/7000000000041425,England,http://data.ordnancesurvey.co.uk/id/country/england,,,
PE133UQ,http://data.ordnancesurvey.co.uk/id/postcodeunit/PE133UQ,PE13 3UQ,,,,other,Postcode,547459,310238,3500,18000,,,,,,,Wisbech,http://data.ordnancesurvey.co.uk/id/4000000074551318,http://www.ordnancesurvey.co.uk/xml/codelists/localtype.xml#town,Fenland,http://data.ordnancesurvey.co.uk/id/7000000000001357,http://data.ordnancesurvey.co.uk/ontology/admingeo/District,Cambridgeshire,http://data.ordnancesurvey.co.uk/id/7000000000001386,http://data.ordnancesurvey.co.uk/ontology/admingeo/County,Eastern,http://data.ordnancesurvey.co.uk/id/7000000000041425,England,http://data.ordnancesurvey.co.uk/id/country/england,,,
PE134RQ,http://data.ordnancesurvey.co.uk/id/postcodeunit/PE134RQ,PE13 4RQ,,,,other,Postcode,541902,307978,3500,18000,,,,,,,Wisbech St Mary,http://data.ordnancesurvey.co.uk/id/4000000074551315,http://www.ordnancesurvey.co.uk/xml/codelists/localtype.xml#village,Fenland,http://data.ordnancesurvey.co.uk/id/7000000000001357,http://data.ordnancesurvey.co.uk/ontology/admingeo/District,Cambridgeshire,http://data.ordnancesurvey.co.uk/id/7000000000001386,http://data.ordnancesurvey.co.uk/ontology/admingeo/County,Eastern,http://data.ordnancesurvey.co.uk/id/7000000000041425,England,http://data.ordnancesurvey.co.uk/id/country/england,,,
PE131PS,http://data.ordnancesurvey.co.uk/id/postcodeunit/PE131PS,PE13 1PS,,,,other,Postcode,545472,310833,3500,18000,,,,,,,Wisbech,http://data.ordnancesurvey.co.uk/id/4000000074551318,http://www.ordnancesurvey.co.uk/xml/codelists/localtype.xml#town,Fenland,http://data.ordnancesurvey.co.uk/id/7000000000001357,http://data.ordnancesurvey.co.uk/ontology/admingeo/District,Cambridgeshire,http://data.ordnancesurvey.co.uk/id/7000000000001386,http://data.ordnancesurvey.co.uk/ontology/admingeo/County,Eastern,http://data.ordnancesurvey.co.uk/id/7000000000041425,England,http://data.ordnancesurvey.co.uk/id/country/england,,,
PE134UH,http://data.ordnancesurvey.co.uk/id/postcodeunit/PE134UH,PE13 4UH,,,,other,Postcode,542084,305682,3500,18000,,,,,,,,,,Fenland,http://data.ordnancesurvey.co.uk/id/7000000000001357,http://data.ordnancesurvey.co.uk/ontology/admingeo/District,Cambridgeshire,http://data.ordnancesurvey.co.uk/id/7000000000001386,http://data.ordnancesurvey.co.uk/ontology/admingeo/County,Eastern,http://data.ordnancesurvey.co.uk/id/7000000000041425,England,http://data.ordnancesurvey.co.uk/id/country/england,,,
PE132LF,http://data.ordnancesurvey.co.uk/id/postcodeunit/PE132LF,PE13 2LF,,,,other,Postcode,546438,309343,3500,18000,,,,,,,Wisbech,http://data.ordnancesurvey.co.uk/id/4000000074551318,http://www.ordnancesurvey.co.uk/xml/codelists/localtype.xml#town,Fenland,http://data.ordnancesurvey.co.uk/id/7000000000001357,http://data.ordnancesurvey.co.uk/ontology/admingeo/District,Cambridgeshire,http://data.ordnancesurvey.co.uk/id/7000000000001386,http://data.ordnancesurvey.co.uk/ontology/admingeo/County,Eastern,http://data.ordnancesurvey.co.uk/id/7000000000041425,England,http://data.ordnancesurvey.co.uk/id/country/england,,,
PE131LQ,http://data.ordnancesurvey.co.uk/id/postcodeunit/PE131LQ,PE13 1LQ,,,,other,Postcode,544849,309074,3500,18000,,,,,,,Wisbech,http://data.ordnancesurvey.co.uk/id/4000000074551318,http://www.ordnancesurvey.co.uk/xml/codelists/localtype.xml#town,Fenland,http://data.ordnancesurvey.co.uk/id/7000000000001357,http://data.ordnancesurvey.co.uk/ontology/admingeo/District,Cambridgeshire,http://data.ordnancesurvey.co.uk/id/7000000000001386,http://data.ordnancesurvey.co.uk/ontology/admingeo/County,Eastern,http://data.ordnancesurvey.co.uk/id/7000000000041425,England,http://data.ordnancesurvey.co.uk/id/country/england,,,
PE133EY,http://data.ordnancesurvey.co.uk/id/postcodeunit/PE133EY,PE13 3EY,,,,other,Postcode,546981,310885,3500,18000,,,,,,,Wisbech,http://data.ordnancesurvey.co.uk/id/4000000074551318,http://www.ordnancesurvey.co.uk/xml/codelists/localtype.xml#town,Fenland,http://data.ordnancesurvey.co.uk/id/7000000000001357,http://data.ordnancesurvey.co.uk/ontology/admingeo/District,Cambridgeshire,http://data.ordnancesurvey.co.uk/id/7000000000001386,http://data.ordnancesurvey.co.uk/ontology/admingeo/County,Eastern,http://data.ordnancesurvey.co.uk/id/7000000000041425,England,http://data.ordnancesurvey.co.uk/id/country/england,,,
PE131DR,http://data.ordnancesurvey.co.uk/id/postcodeunit/PE131DR,PE13 1DR,,,,other,Postcode,546142,309754,3500,18000,,,,,,,Wisbech,http://data.ordnancesurvey.co.uk/id/4000000074551318,http://www.ordnancesurvey.co.uk/xml/codelists/localtype.xml#town,Fenland,http://data.ordnancesurvey.co.uk/id/7000000000001357,http://data.ordnancesurvey.co.uk/ontology/admingeo/District,Cambridgeshire,http://data.ordnancesurvey.co.uk/id/7000000000001386,http://data.ordnancesurvey.co.uk/ontology/admingeo/County,Eastern,http://data.ordnancesurvey.co.uk/id/7000000000041425,England,http://data.ordnancesurvey.co.uk/id/country/england,,,
PE343AS,http://data.ordnancesurvey.co.uk/id/postcodeunit/PE343AS,PE34 3AS,,,,other,Postcode,559373,315624,3500,18000,,,,,,,,,,King's Lynn and West Norfolk,http://data.ordnancesurvey.co.uk/id/7000000000007016,http://data.ordnancesurvey.co.uk/ontology/admingeo/District,Norfolk,http://data.ordnancesurvey.co.uk/id/7000000000007238,http://data.ordnancesurvey.co.uk/ontology/admingeo/County,Eastern,http://data.ordnancesurvey.co.uk/id/7000000000041425,England,http://data.ordnancesurvey.co.uk/id/country/england,,,
PE133US,http://data.ordnancesurvey.co.uk/id/postcodeunit/PE133US,PE13 3US,,,,other,Postcode,547289,309982,3500,18000,,,,,,,Wisbech,http://data.ordnancesurvey.co.uk/id/4000000074551318,http://www.ordnancesurvey.co.uk/xml/codelists/localtype.xml#town,Fenland,http://data.ordnancesurvey.co.uk/id/7000000000001357,http://data.ordnancesurvey.co.uk/ontology/admingeo/District,Cambridgeshire,http://data.ordnancesurvey.co.uk/id/7000000000001386,http://data.ordnancesurvey.co.uk/ontology/admingeo/County,Eastern,http://data.ordnancesurvey.co.uk/id/7000000000041425,England,http://data.ordnancesurvey.co.uk/id/country/england,,,
PE133AU,http://data.ordnancesurvey.co.uk/id/postcodeunit/PE133AU,PE13 3AU,,,,other,Postcode,546186,310260,3500,18000,,,,,,,Wisbech,http://data.ordnancesurvey.co.uk/id/4000000074551318,http://www.ordnancesurvey.co.uk/xml/codelists/localtype.xml#town,Fenland,http://data.ordnancesurvey.co.uk/id/7000000000001357,http://data.ordnancesurvey.co.uk/ontology/admingeo/District,Cambridgeshire,http://data.ordnancesurvey.co.uk/id/7000000000001386,http://data.ordnancesurvey.co.uk/ontology/admingeo/County,Eastern,http://data.ordnancesurvey.co.uk/id/7000000000041425,England,http://data.ordnancesurvey.co.uk/id/country/england,,,
PE133DD,http://data.ordnancesurvey.co.uk/id/postcodeunit/PE133DD,PE13 3DD,,,,other,Postcode,546277,310002,3500,18000,,,,,,,Wisbech,http://data.ordnancesurvey.co.uk/id/4000000074551318,http://www.ordnancesurvey.co.uk/xml/codelists/localtype.xml#town,Fenland,http://data.ordnancesurvey.co.uk/id/7000000000001357,http://data.ordnancesurvey.co.uk/ontology/admingeo/District,Cambridgeshire,http://data.ordnancesurvey.co.uk/id/7000000000001386,http://data.ordnancesurvey.co.uk/ontology/admingeo/County,Eastern,http://data.ordnancesurvey.co.uk/id/7000000000041425,England,http://data.ordnancesurvey.co.uk/id/country/england,,,
PE133PS,http://data.ordnancesurvey.co.uk/id/postcodeunit/PE133PS,PE13 3PS,,,,other,Postcode,546436,311140,3500,18000,,,,,,,Wisbech,http://data.ordnancesurvey.co.uk/id/4000000074551318,http://www.ordnancesurvey.co.uk/xml/codelists/localtype.xml#town,Fenland,http://data.ordnancesurvey.co.uk/id/7000000000001357,http://data.ordnancesurvey.co.uk/ontology/admingeo/District,Cambridgeshire,http://data.ordnancesurvey.co.uk/id/7000000000001386,http://data.ordnancesurvey.co.uk/ontology/admingeo/County,Eastern,http://data.ordnancesurvey.co.uk/id/7000000000041425,England,http://data.ordnancesurvey.co.uk/id/country/england,,,
PE132JP,http://data.ordnancesurvey.co.uk/id/postcodeunit/PE132JP,PE13 2JP,,,,other,Postcode,547248,309548,3500,18000,,,,,,,Wisbech,http://data.ordnancesurvey.co.uk/id/4000000074551318,http://www.ordnancesurvey.co.uk/xml/codelists/localtype.xml#town,Fenland,http://data.ordnancesurvey.co.uk/id/7000000000001357,http://data.ordnancesurvey.co.uk/ontology/admingeo/District,Cambridgeshire,http://data.ordnancesurvey.co.uk/id/7000000000001386,http://data.ordnancesurvey.co.uk/ontology/admingeo/County,Eastern,http://data.ordnancesurvey.co.uk/id/7000000000041425,England,http://data.ordnancesurvey.co.uk/id/country/england,,,
PE147QN,http://data.ordnancesurvey.co.uk/id/postcodeunit/PE147QN,PE14 7QN,,,,other,Postcode,551175,315139,3500,18000,,,,,,,,,,King's Lynn and West Norfolk,http://data.ordnancesurvey.co.uk/id/7000000000007016,http://data.ordnancesurvey.co.uk/ontology/admingeo/District,Norfolk,http://data.ordnancesurvey.co.uk/id/7000000000007238,http://data.ordnancesurvey.co.uk/ontology/admingeo/County,Eastern,http://data.ordnancesurvey.co.uk/id/7000000000041425,England,http://data.ordnancesurvey.co.uk/id/country/england,,,
PE140LU,http://data.ordnancesurvey.co.uk/id/postcodeunit/PE140LU,PE14 0LU,,,,other,Postcode,544413,302116,3500,18000,,,,,,,,,,Fenland,http://data.ordnancesurvey.co.uk/id/7000000000001357,http://data.ordnancesurvey.co.uk/ontology/admingeo/District,Cambridgeshire,http://data.ordnancesurvey.co.uk/id/7000000000001386,http://data.ordnancesurvey.co.uk/ontology/admingeo/County,Eastern,http://data.ordnancesurvey.co.uk/id/7000000000041425,England,http://data.ordnancesurvey.co.uk/id/country/england,,,
PE344NR,http://data.ordnancesurvey.co.uk/id/postcodeunit/PE344NR,PE34 4NR,,,,other,Postcode,554283,319955,3500,18000,,,,,,,Terrington St Clement,http://data.ordnancesurvey.co.uk/id/4000000074548395,http://www.ordnancesurvey.co.uk/xml/codelists/localtype.xml#otherSettlement,King's Lynn and West Norfolk,http://data.ordnancesurvey.co.uk/id/7000000000007016,http://data.ordnancesurvey.co.uk/ontology/admingeo/District,Norfolk,http://data.ordnancesurvey.co.uk/id/7000000000007238,http://data.ordnancesurvey.co.uk/ontology/admingeo/County,Eastern,http://data.ordnancesurvey.co.uk/id/7000000000041425,England,http://data.ordnancesurvey.co.uk/id/country/england,,,
PE134NT,http://data.ordnancesurvey.co.uk/id/postcodeunit/PE134NT,PE13 4NT,,,,other,Postcode,541226,310197,3500,18000,,,,,,,,,,Fenland,http://data.ordnancesurvey.co.uk/id/7000000000001357,http://data.ordnancesurvey.co.uk/ontology/admingeo/District,Cambridgeshire,http://data.ordnancesurvey.co.uk/id/7000000000001386,http://data.ordnancesurvey.co.uk/ontology/admingeo/County,Eastern,http://data.ordnancesurvey.co.uk/id/7000000000041425,England,http://data.ordnancesurvey.co.uk/id/country/england,,,
PE147QY,http://data.ordnancesurvey.co.uk/id/postcodeunit/PE147QY,PE14 7QY,,,,other,Postcode,550104,313393,3500,18000,,,,,,,,,,King's Lynn and West Norfolk,http://data.ordnancesurvey.co.uk/id/7000000000007016,http://data.ordnancesurvey.co.uk/ontology/admingeo/District,Norfolk,http://data.ordnancesurvey.co.uk/id/7000000000007238,http://data.ordnancesurvey.co.uk/ontology/admingeo/County,Eastern,http://data.ordnancesurvey.co.uk/id/7000000000041425,England,http://data.ordnancesurvey.co.uk/id/country/england,,,
PE132JH,http://data.ordnancesurvey.co.uk/id/postcodeunit/PE132JH,PE13 2JH,,,,other,Postcode,547208,308923,3500,18000,,,,,,,Wisbech,http://data.ordnancesurvey.co.uk/id/4000000074551318,http://www.ordnancesurvey.co.uk/xml/codelists/localtype.xml#town,Fenland,http://data.ordnancesurvey.co.uk/id/7000000000001357,http://data.ordnancesurvey.co.uk/ontology/admingeo/District,Cambridgeshire,http://data.ordnancesurvey.co.uk/id/7000000000001386,http://data.ordnancesurvey.co.uk/ontology/admingeo/County,Eastern,http://data.ordnancesurvey.co.uk/id/7000000000041425,England,http://data.ordnancesurvey.co.uk/id/country/england,,,
PE148AA,http://data.ordnancesurvey.co.uk/id/postcodeunit/PE148AA,PE14 8AA,,,,other,Postcode,549162,307314,3500,18000,,,,,,,Emneth,http://data.ordnancesurvey.co.uk/id/4000000074550948,http://www.ordnancesurvey.co.uk/xml/codelists/localtype.xml#village,King's Lynn and West Norfolk,http://data.ordnancesurvey.co.uk/id/7000000000007016,http://data.ordnancesurvey.co.uk/ontology/admingeo/District,Norfolk,http://data.ordnancesurvey.co.uk/id/7000000000007238,http://data.ordnancesurvey.co.uk/ontology/admingeo/County,Eastern,http://data.ordnancesurvey.co.uk/id/7000000000041425,England,http://data.ordnancesurvey.co.uk/id/country/england,,,
PE133TE,http://data.ordnancesurvey.co.uk/id/postcodeunit/PE133TE,PE13 3TE,,,,other,Postcode,547217,309899,3500,18000,,,,,,,Wisbech,http://data.ordnancesurvey.co.uk/id/4000000074551318,http://www.ordnancesurvey.co.uk/xml/codelists/localtype.xml#town,Fenland,http://data.ordnancesurvey.co.uk/id/7000000000001357,http://data.ordnancesurvey.co.uk/ontology/admingeo/District,Cambridgeshire,http://data.ordnancesurvey.co.uk/id/7000000000001386,http://data.ordnancesurvey.co.uk/ontology/admingeo/County,Eastern,http://data.ordnancesurvey.co.uk/id/7000000000041425,England,http://data.ordnancesurvey.co.uk/id/country/england,,,
PE131DY,http://data.ordnancesurvey.co.uk/id/postcodeunit/PE131DY,PE13 1DY,,,,other,Postcode,546218,309654,3500,18000,,,,,,,Wisbech,http://data.ordnancesurvey.co.uk/id/4000000074551318,http://www.ordnancesurvey.co.uk/xml/codelists/localtype.xml#town,Fenland,http://data.ordnancesurvey.co.uk/id/7000000000001357,http://data.ordnancesurvey.co.uk/ontology/admingeo/District,Cambridgeshire,http://data.ordnancesurvey.co.uk/id/7000000000001386,http://data.ordnancesurvey.co.uk/ontology/admingeo/County,Eastern,http://data.ordnancesurvey.co.uk/id/7000000000041425,England,http://data.ordnancesurvey.co.uk/id/country/england,,,
PE131RA,http://data.ordnancesurvey.co.uk/id/postcodeunit/PE131RA,PE13 1RA,,,,other,Postcode,545962,309730,3500,18000,,,,,,,Wisbech,http://data.ordnancesurvey.co.uk/id/4000000074551318,http://www.ordnancesurvey.co.uk/xml/codelists/localtype.xml#town,Fenland,http://data.ordnancesurvey.co.uk/id/7000000000001357,http://data.ordnancesurvey.co.uk/ontology/admingeo/District,Cambridgeshire,http://data.ordnancesurvey.co.uk/id/7000000000001386,http://data.ordnancesurvey.co.uk/ontology/admingeo/County,Eastern,http://data.ordnancesurvey.co.uk/id/7000000000041425,England,http://data.ordnancesurvey.co.uk/id/country/england,,,
PE343DU,http://data.ordnancesurvey.co.uk/id/postcodeunit/PE343DU,PE34 3DU,,,,other,Postcode,559354,314098,3500,18000,,,,,,,Wiggenhall St Germans,http://data.ordnancesurvey.co.uk/id/4000000074550213,http://www.ordnancesurvey.co.uk/xml/codelists/localtype.xml#village,King's Lynn and West Norfolk,http://data.ordnancesurvey.co.uk/id/7000000000007016,http://data.ordnancesurvey.co.uk/ontology/admingeo/District,Norfolk,http://data.ordnancesurvey.co.uk/id/7000000000007238,http://data.ordnancesurvey.co.uk/ontology/admingeo/County,Eastern,http://data.ordnancesurvey.co.uk/id/7000000000041425,England,http://data.ordnancesurvey.co.uk/id/country/england,,,
PE135BN,http://data.ordnancesurvey.co.uk/id/postcodeunit/PE135BN,PE13 5BN,,,,other,Postcode,543917,310741,3500,18000,,,,,,,Leverington,http://data.ordnancesurvey.co.uk/id/4000000074551313,http://www.ordnancesurvey.co.uk/xml/codelists/localtype.xml#village,Fenland,http://data.ordnancesurvey.co.uk/id/7000000000001357,http://data.ordnancesurvey.co.uk/ontology/admingeo/District,Cambridgeshire,http://data.ordnancesurvey.co.uk/id/7000000000001386,http://data.ordnancesurvey.co.uk/ontology/admingeo/County,Eastern,http://data.ordnancesurvey.co.uk/id/7000000000041425,England,http://data.ordnancesurvey.co.uk/id/country/england,,,
PE132ED,http://data.ordnancesurvey.co.uk/id/postcodeunit/PE132ED,PE13 2ED,,,,other,Postcode,546784,310311,3500,18000,,,,,,,Wisbech,http://data.ordnancesurvey.co.uk/id/4000000074551318,http://www.ordnancesurvey.co.uk/xml/codelists/localtype.xml#town,Fenland,http://data.ordnancesurvey.co.uk/id/7000000000001357,http://data.ordnancesurvey.co.uk/ontology/admingeo/District,Cambridgeshire,http://data.ordnancesurvey.co.uk/id/7000000000001386,http://data.ordnancesurvey.co.uk/ontology/admingeo/County,Eastern,http://data.ordnancesurvey.co.uk/id/7000000000041425,England,http://data.ordnancesurvey.co.uk/id/country/england,,,
PE133UX,http://data.ordnancesurvey.co.uk/id/postcodeunit/PE133UX,PE13 3UX,,,,other,Postcode,546560,309497,3500,18000,,,,,,,Wisbech,http://data.ordnancesurvey.co.uk/id/4000000074551318,http://www.ordnancesurvey.co.uk/xml/codelists/localtype.xml#town,Fenland,http://data.ordnancesurvey.co.uk/id/7000000000001357,http://data.ordnancesurvey.co.uk/ontology/admingeo/District,Cambridgeshire,http://data.ordnancesurvey.co.uk/id/7000000000001386,http://data.ordnancesurvey.co.uk/ontology/admingeo/County,Eastern,http://data.ordnancesurvey.co.uk/id/7000000000041425,England,http://data.ordnancesurvey.co.uk/id/country/england,,,
PE134SE,http://data.ordnancesurvey.co.uk/id/postcodeunit/PE134SE,PE13 4SE,,,,other,Postcode,540909,307794,3500,18000,,,,,,,Wisbech St Mary,http://data.ordnancesurvey.co.uk/id/4000000074551315,http://www.ordnancesurvey.co.uk/xml/codelists/localtype.xml#village,Fenland,http://data.ordnancesurvey.co.uk/id/7000000000001357,http://data.ordnancesurvey.co.uk/ontology/admingeo/District,Cambridgeshire,http://data.ordnancesurvey.co.uk/id/7000000000001386,http://data.ordnancesurvey.co.uk/ontology/admingeo/County,Eastern,http://data.ordnancesurvey.co.uk/id/7000000000041425,England,http://data.ordnancesurvey.co.uk/id/country/england,,,
PE135LW,http://data.ordnancesurvey.co.uk/id/postcodeunit/PE135LW,PE13 5LW,,,,other,Postcode,541424,315588,3500,18000,,,,,,,,,,Fenland,http://data.ordnancesurvey.co.uk/id/7000000000001357,http://data.ordnancesurvey.co.uk/ontology/admingeo/District,Cambridgeshire,http://data.ordnancesurvey.co.uk/id/7000000000001386,http://data.ordnancesurvey.co.uk/ontology/admingeo/County,Eastern,http://data.ordnancesurvey.co.uk/id/7000000000041425,England,http://data.ordnancesurvey.co.uk/id/country/england,,,
PE132AG,http://data.ordnancesurvey.co.uk/id/postcodeunit/PE132AG,PE13 2AG,,,,other,Postcode,546599,309248,3500,18000,,,,,,,Wisbech,http://data.ordnancesurvey.co.uk/id/4000000074551318,http://www.ordnancesurvey.co.uk/xml/codelists/localtype.xml#town,Fenland,http://data.ordnancesurvey.co.uk/id/7000000000001357,http://data.ordnancesurvey.co.uk/ontology/admingeo/District,Cambridgeshire,http://data.ordnancesurvey.co.uk/id/7000000000001386,http://data.ordnancesurvey.co.uk/ontology/admingeo/County,Eastern,http://data.ordnancesurvey.co.uk/id/7000000000041425,England,http://data.ordnancesurvey.co.uk/id/country/england,,,
PE131JQ,http://data.ordnancesurvey.co.uk/id/postcodeunit/PE131JQ,PE13 1JQ,,,,other,Postcode,545867,309565,3500,18000,,,,,,,Wisbech,http://data.ordnancesurvey.co.uk/id/4000000074551318,http://www.ordnancesurvey.co.uk/xml/codelists/localtype.xml#town,Fenland,http://data.ordnancesurvey.co.uk/id/7000000000001357,http://data.ordnancesurvey.co.uk/ontology/admingeo/District,Cambridgeshire,http://data.ordnancesurvey.co.uk/id/7000000000001386,http://data.ordnancesurvey.co.uk/ontology/admingeo/County,Eastern,http://data.ordnancesurvey.co.uk/id/7000000000041425,England,http://data.ordnancesurvey.co.uk/id/country/england,,,
PE149BU,http://data.ordnancesurvey.co.uk/id/postcodeunit/PE149BU,PE14 9BU,,,,other,Postcode,551850,302346,3500,18000,,,,,,,Upwell,http://data.ordnancesurvey.co.uk/id/4000000074550938,http://www.ordnancesurvey.co.uk/xml/codelists/localtype.xml#village,King's Lynn and West Norfolk,http://data.ordnancesurvey.co.uk/id/7000000000007016,http://data.ordnancesurvey.co.uk/ontology/admingeo/District,Norfolk,http://data.ordnancesurvey.co.uk/id/7000000000007238,http://data.ordnancesurvey.co.uk/ontology/admingeo/County,Eastern,http://data.ordnancesurvey.co.uk/id/7000000000041425,England,http://data.ordnancesurvey.co.uk/id/country/england,,,
PE147JL,http://data.ordnancesurvey.co.uk/id/postcodeunit/PE147JL,PE14 7JL,,,,other,Postcode,547955,317604,3500,18000,,,,,,,Walpole Marsh,http://data.ordnancesurvey.co.uk/id/4000000074548407,http://www.ordnancesurvey.co.uk/xml/codelists/localtype.xml#village,King's Lynn and West Norfolk,http://data.ordnancesurvey.co.uk/id/7000000000007016,http://data.ordnancesurvey.co.uk/ontology/admingeo/District,Norfolk,http://data.ordnancesurvey.co.uk/id/7000000000007238,http://data.ordnancesurvey.co.uk/ontology/admingeo/County,Eastern,http://data.ordnancesurvey.co.uk/id/7000000000041425,England,http://data.ordnancesurvey.co.uk/id/country/england,,,
PE135QE,http://data.ordnancesurvey.co.uk/id/postcodeunit/PE135QE,PE13 5QE,,,,other,Postcode,545008,317929,3500,18000,,,,,,,Tydd Gote,http://data.ordnancesurvey.co.uk/id/4000000074548409,http://www.ordnancesurvey.co.uk/xml/codelists/localtype.xml#village,South Holland,http://data.ordnancesurvey.co.uk/id/7000000000005599,http://data.ordnancesurvey.co.uk/ontology/admingeo/District,Lincolnshire,http://data.ordnancesurvey.co.uk/id/7000000000005942,http://data.ordnancesurvey.co.uk/ontology/admingeo/County,East Midlands,http://data.ordnancesurvey.co.uk/id/7000000000041423,England,http://data.ordnancesurvey.co.uk/id/country/england,,,
PE132LD,http://data.ordnancesurvey.co.uk/id/postcodeunit/PE132LD,PE13 2LD,,,,other,Postcode,546393,309416,3500,18000,,,,,,,Wisbech,http://data.ordnancesurvey.co.uk/id/4000000074551318,http://www.ordnancesurvey.co.uk/xml/codelists/localtype.xml#town,Fenland,http://data.ordnancesurvey.co.uk/id/7000000000001357,http://data.ordnancesurvey.co.uk/ontology/admingeo/District,Cambridgeshire,http://data.ordnancesurvey.co.uk/id/7000000000001386,http://data.ordnancesurvey.co.uk/ontology/admingeo/County,Eastern,http://data.ordnancesurvey.co.uk/id/7000000000041425,England,http://data.ordnancesurvey.co.uk/id/country/england,,,
PE135BL,http://data.ordnancesurvey.co.uk/id/postcodeunit/PE135BL,PE13 5BL,,,,other,Postcode,543978,310558,3500,18000,,,,,,,Leverington,http://data.ordnancesurvey.co.uk/id/4000000074551313,http://www.ordnancesurvey.co.uk/xml/codelists/localtype.xml#village,Fenland,http://data.ordnancesurvey.co.uk/id/7000000000001357,http://data.ordnancesurvey.co.uk/ontology/admingeo/District,Cambridgeshire,http://data.ordnancesurvey.co.uk/id/7000000000001386,http://data.ordnancesurvey.co.uk/ontology/admingeo/County,Eastern,http://data.ordnancesurvey.co.uk/id/7000000000041425,England,http://data.ordnancesurvey.co.uk/id/country/england,,,
PE131PL,http://data.ordnancesurvey.co.uk/id/postcodeunit/PE131PL,PE13 1PL,,,,other,Postcode,545678,310419,3500,18000,,,,,,,Wisbech,http://data.ordnancesurvey.co.uk/id/4000000074551318,http://www.ordnancesurvey.co.uk/xml/codelists/localtype.xml#town,Fenland,http://data.ordnancesurvey.co.uk/id/7000000000001357,http://data.ordnancesurvey.co.uk/ontology/admingeo/District,Cambridgeshire,http://data.ordnancesurvey.co.uk/id/7000000000001386,http://data.ordnancesurvey.co.uk/ontology/admingeo/County,Eastern,http://data.ordnancesurvey.co.uk/id/7000000000041425,England,http://data.ordnancesurvey.co.uk/id/country/england,,,
PE344RR,http://data.ordnancesurvey.co.uk/id/postcodeunit/PE344RR,PE34 4RR,,,,other,Postcode,555456,318270,3500,18000,,,,,,,Shepherds' Gate,http://data.ordnancesurvey.co.uk/id/4000000074543173,http://www.ordnancesurvey.co.uk/xml/codelists/localtype.xml#otherSettlement,King's Lynn and West Norfolk,http://data.ordnancesurvey.co.uk/id/7000000000007016,http://data.ordnancesurvey.co.uk/ontology/admingeo/District,Norfolk,http://data.ordnancesurvey.co.uk/id/7000000000007238,http://data.ordnancesurvey.co.uk/ontology/admingeo/County,Eastern,http://data.ordnancesurvey.co.uk/id/7000000000041425,England,http://data.ordnancesurvey.co.uk/id/country/england,,,
PE140RD,http://data.ordnancesurvey.co.uk/id/postcodeunit/PE140RD,PE14 0RD,,,,other,Postcode,545559,308835,3500,18000,,,,,,,Wisbech,http://data.ordnancesurvey.co.uk/id/4000000074551318,http://www.ordnancesurvey.co.uk/xml/codelists/localtype.xml#town,Fenland,http://data.ordnancesurvey.co.uk/id/7000000000001357,http://data.ordnancesurvey.co.uk/ontology/admingeo/District,Cambridgeshire,http://data.ordnancesurvey.co.uk/id/7000000000001386,http://data.ordnancesurvey.co.uk/ontology/admingeo/County,Eastern,http://data.ordnancesurvey.co.uk/id/7000000000041425,England,http://data.ordnancesurvey.co.uk/id/country/england,,,
PE380AE,http://data.ordnancesurvey.co.uk/id/postcodeunit/PE380AE,PE38 0AE,,,,other,Postcode,559918,303154,3500,18000,,,,,,,Downham Market,http://data.ordnancesurvey.co.uk/id/4000000074550572,http://www.ordnancesurvey.co.uk/xml/codelists/localtype.xml#town,King's Lynn and West Norfolk,http://data.ordnancesurvey.co.uk/id/7000000000007016,http://data.ordnancesurvey.co.uk/ontology/admingeo/District,Norfolk,http://data.ordnancesurvey.co.uk/id/7000000000007238,http://data.ordnancesurvey.co.uk/ontology/admingeo/County,Eastern,http://data.ordnancesurvey.co.uk/id/7000000000041425,England,http://data.ordnancesurvey.co.uk/id/country/england,,,
PE132DH,http://data.ordnancesurvey.co.uk/id/postcodeunit/PE132DH,PE13 2DH,,,,other,Postcode,546751,309653,3500,18000,,,,,,,Wisbech,http://data.ordnancesurvey.co.uk/id/4000000074551318,http://www.ordnancesurvey.co.uk/xml/codelists/localtype.xml#town,Fenland,http://data.ordnancesurvey.co.uk/id/7000000000001357,http://data.ordnancesurvey.co.uk/ontology/admingeo/District,Cambridgeshire,http://data.ordnancesurvey.co.uk/id/7000000000001386,http://data.ordnancesurvey.co.uk/ontology/admingeo/County,Eastern,http://data.ordnancesurvey.co.uk/id/7000000000041425,England,http://data.ordnancesurvey.co.uk/id/country/england,,,
PE380BN,http://data.ordnancesurvey.co.uk/id/postcodeunit/PE380BN,PE38 0BN,,,,other,Postcode,555385,300903,3500,18000,,,,,,,Nordelph,http://data.ordnancesurvey.co.uk/id/4000000074550935,http://www.ordnancesurvey.co.uk/xml/codelists/localtype.xml#village,King's Lynn and West Norfolk,http://data.ordnancesurvey.co.uk/id/7000000000007016,http://data.ordnancesurvey.co.uk/ontology/admingeo/District,Norfolk,http://data.ordnancesurvey.co.uk/id/7000000000007238,http://data.ordnancesurvey.co.uk/ontology/admingeo/County,Eastern,http://data.ordnancesurvey.co.uk/id/7000000000041425,England,http://data.ordnancesurvey.co.uk/id/country/england,,,
PE147EZ,http://data.ordnancesurvey.co.uk/id/postcodeunit/PE147EZ,PE14 7EZ,,,,other,Postcode,549019,313211,3500,18000,,,,,,,Walton Highway,http://data.ordnancesurvey.co.uk/id/4000000074552040,http://www.ordnancesurvey.co.uk/xml/codelists/localtype.xml#village,King's Lynn and West Norfolk,http://data.ordnancesurvey.co.uk/id/7000000000007016,http://data.ordnancesurvey.co.uk/ontology/admingeo/District,Norfolk,http://data.ordnancesurvey.co.uk/id/7000000000007238,http://data.ordnancesurvey.co.uk/ontology/admingeo/County,Eastern,http://data.ordnancesurvey.co.uk/id/7000000000041425,England,http://data.ordnancesurvey.co.uk/id/country/england,,,
PE133SL,http://data.ordnancesurvey.co.uk/id/postcodeunit/PE133SL,PE13 3SL,,,,other,Postcode,547440,309768,3500,18000,,,,,,,Wisbech,http://data.ordnancesurvey.co.uk/id/4000000074551318,http://www.ordnancesurvey.co.uk/xml/codelists/localtype.xml#town,Fenland,http://data.ordnancesurvey.co.uk/id/7000000000001357,http://data.ordnancesurvey.co.uk/ontology/admingeo/District,Cambridgeshire,http://data.ordnancesurvey.co.uk/id/7000000000001386,http://data.ordnancesurvey.co.uk/ontology/admingeo/County,Eastern,http://data.ordnancesurvey.co.uk/id/7000000000041425,England,http://data.ordnancesurvey.co.uk/id/country/england,,,
PE132BF,http://data.ordnancesurvey.co.uk/id/postcodeunit/PE132BF,PE13 2BF,,,,other,Postcode,546217,309158,3500,18000,,,,,,,Wisbech,http://data.ordnancesurvey.co.uk/id/4000000074551318,http://www.ordnancesurvey.co.uk/xml/codelists/localtype.xml#town,Fenland,http://data.ordnancesurvey.co.uk/id/7000000000001357,http://data.ordnancesurvey.co.uk/ontology/admingeo/District,Cambridgeshire,http://data.ordnancesurvey.co.uk/id/7000000000001386,http://data.ordnancesurvey.co.uk/ontology/admingeo/County,Eastern,http://data.ordnancesurvey.co.uk/id/7000000000041425,England,http://data.ordnancesurvey.co.uk/id/country/england,,,
PE133BE,http://data.ordnancesurvey.co.uk/id/postcodeunit/PE133BE,PE13 3BE,,,,other,Postcode,546395,309811,3500,18000,,,,,,,Wisbech,http://data.ordnancesurvey.co.uk/id/4000000074551318,http://www.ordnancesurvey.co.uk/xml/codelists/localtype.xml#town,Fenland,http://data.ordnancesurvey.co.uk/id/7000000000001357,http://data.ordnancesurvey.co.uk/ontology/admingeo/District,Cambridgeshire,http://data.ordnancesurvey.co.uk/id/7000000000001386,http://data.ordnancesurvey.co.uk/ontology/admingeo/County,Eastern,http://data.ordnancesurvey.co.uk/id/7000000000041425,England,http://data.ordnancesurvey.co.uk/id/country/england,,,
PE134TA,http://data.ordnancesurvey.co.uk/id/postcodeunit/PE134TA,PE13 4TA,,,,other,Postcode,545108,308504,3500,18000,,,,,,,Wisbech,http://data.ordnancesurvey.co.uk/id/4000000074551318,http://www.ordnancesurvey.co.uk/xml/codelists/localtype.xml#town,Fenland,http://data.ordnancesurvey.co.uk/id/7000000000001357,http://data.ordnancesurvey.co.uk/ontology/admingeo/District,Cambridgeshire,http://data.ordnancesurvey.co.uk/id/7000000000001386,http://data.ordnancesurvey.co.uk/ontology/admingeo/County,Eastern,http://data.ordnancesurvey.co.uk/id/7000000000041425,England,http://data.ordnancesurvey.co.uk/id/country/england,,,
PE140NB,http://data.ordnancesurvey.co.uk/id/postcodeunit/PE140NB,PE14 0NB,,,,other,Postcode,543471,302890,3500,18000,,,,,,,Coldham,http://data.ordnancesurvey.co.uk/id/4000000074550588,http://www.ordnancesurvey.co.uk/xml/codelists/localtype.xml#village,Fenland,http://data.ordnancesurvey.co.uk/id/7000000000001357,http://data.ordnancesurvey.co.uk/ontology/admingeo/District,Cambridgeshire,http://data.ordnancesurvey.co.uk/id/7000000000001386,http://data.ordnancesurvey.co.uk/ontology/admingeo/County,Eastern,http://data.ordnancesurvey.co.uk/id/7000000000041425,England,http://data.ordnancesurvey.co.uk/id/country/england,,,
PE380BS,http://data.ordnancesurvey.co.uk/id/postcodeunit/PE380BS,PE38 0BS,,,,other,Postcode,556300,300933,3500,18000,,,,,,,Nordelph,http://data.ordnancesurvey.co.uk/id/4000000074550935,http://www.ordnancesurvey.co.uk/xml/codelists/localtype.xml#village,King's Lynn and West Norfolk,http://data.ordnancesurvey.co.uk/id/7000000000007016,http://data.ordnancesurvey.co.uk/ontology/admingeo/District,Norfolk,http://data.ordnancesurvey.co.uk/id/7000000000007238,http://data.ordnancesurvey.co.uk/ontology/admingeo/County,Eastern,http://data.ordnancesurvey.co.uk/id/7000000000041425,England,http://data.ordnancesurvey.co.uk/id/country/england,,,
PE344PT,http://data.ordnancesurvey.co.uk/id/postcodeunit/PE344PT,PE34 4PT,,,,other,Postcode,554379,317709,3500,18000,,,,,,,,,,King's Lynn and West Norfolk,http://data.ordnancesurvey.co.uk/id/7000000000007016,http://data.ordnancesurvey.co.uk/ontology/admingeo/District,Norfolk,http://data.ordnancesurvey.co.uk/id/7000000000007238,http://data.ordnancesurvey.co.uk/ontology/admingeo/County,Eastern,http://data.ordnancesurvey.co.uk/id/7000000000041425,England,http://data.ordnancesurvey.co.uk/id/country/england,,,
PE149BL,http://data.ordnancesurvey.co.uk/id/postcodeunit/PE149BL,PE14 9BL,,,,other,Postcode,551574,302458,3500,18000,,,,,,,Upwell,http://data.ordnancesurvey.co.uk/id/4000000074550938,http://www.ordnancesurvey.co.uk/xml/codelists/localtype.xml#village,King's Lynn and West Norfolk,http://data.ordnancesurvey.co.uk/id/7000000000007016,http://data.ordnancesurvey.co.uk/ontology/admingeo/District,Norfolk,http://data.ordnancesurvey.co.uk/id/7000000000007238,http://data.ordnancesurvey.co.uk/ontology/admingeo/County,Eastern,http://data.ordnancesurvey.co.uk/id/7000000000041425,England,http://data.ordnancesurvey.co.uk/id/country/england,,,
PE149DW,http://data.ordnancesurvey.co.uk/id/postcodeunit/PE149DW,PE14 9DW,,,,other,Postcode,549783,302276,3500,18000,,,,,,,Upwell,http://data.ordnancesurvey.co.uk/id/4000000074550938,http://www.ordnancesurvey.co.uk/xml/codelists/localtype.xml#village,King's Lynn and West Norfolk,http://data.ordnancesurvey.co.uk/id/7000000000007016,http://data.ordnancesurvey.co.uk/ontology/admingeo/District,Norfolk,http://data.ordnancesurvey.co.uk/id/7000000000007238,http://data.ordnancesurvey.co.uk/ontology/admingeo/County,Eastern,http://data.ordnancesurvey.co.uk/id/7000000000041425,England,http://data.ordnancesurvey.co.uk/id/country/england,,,
PE343NJ,http://data.ordnancesurvey.co.uk/id/postcodeunit/PE343NJ,PE34 3NJ,,,,other,Postcode,557436,305704,3500,18000,,,,,,,West Head,http://data.ordnancesurvey.co.uk/id/4000000074550934,http://www.ordnancesurvey.co.uk/xml/codelists/localtype.xml#hamlet,King's Lynn and West Norfolk,http://data.ordnancesurvey.co.uk/id/7000000000007016,http://data.ordnancesurvey.co.uk/ontology/admingeo/District,Norfolk,http://data.ordnancesurvey.co.uk/id/7000000000007238,http://data.ordnancesurvey.co.uk/ontology/admingeo/County,Eastern,http://data.ordnancesurvey.co.uk/id/7000000000041425,England,http://data.ordnancesurvey.co.uk/id/country/england,,,
PE140SS,http://data.ordnancesurvey.co.uk/id/postcodeunit/PE140SS,PE14 0SS,,,,other,Postcode,545587,308881,3500,18000,,,,,,,Wisbech,http://data.ordnancesurvey.co.uk/id/4000000074551318,http://www.ordnancesurvey.co.uk/xml/codelists/localtype.xml#town,Fenland,http://data.ordnancesurvey.co.uk/id/7000000000001357,http://data.ordnancesurvey.co.uk/ontology/admingeo/District,Cambridgeshire,http://data.ordnancesurvey.co.uk/id/7000000000001386,http://data.ordnancesurvey.co.uk/ontology/admingeo/County,Eastern,http://data.ordnancesurvey.co.uk/id/7000000000041425,England,http://data.ordnancesurvey.co.uk/id/country/england,,,
PE131TH,http://data.ordnancesurvey.co.uk/id/postcodeunit/PE131TH,PE13 1TH,,,,other,Postcode,545936,310220,3500,18000,,,,,,,Wisbech,http://data.ordnancesurvey.co.uk/id/4000000074551318,http://www.ordnancesurvey.co.uk/xml/codelists/localtype.xml#town,Fenland,http://data.ordnancesurvey.co.uk/id/7000000000001357,http://data.ordnancesurvey.co.uk/ontology/admingeo/District,Cambridgeshire,http://data.ordnancesurvey.co.uk/id/7000000000001386,http://data.ordnancesurvey.co.uk/ontology/admingeo/County,Eastern,http://data.ordnancesurvey.co.uk/id/7000000000041425,England,http://data.ordnancesurvey.co.uk/id/country/england,,,
PE135DL,http://data.ordnancesurvey.co.uk/id/postcodeunit/PE135DL,PE13 5DL,,,,other,Postcode,544985,310799,3500,18000,,,,,,,Wisbech,http://data.ordnancesurvey.co.uk/id/4000000074551318,http://www.ordnancesurvey.co.uk/xml/codelists/localtype.xml#town,Fenland,http://data.ordnancesurvey.co.uk/id/7000000000001357,http://data.ordnancesurvey.co.uk/ontology/admingeo/District,Cambridgeshire,http://data.ordnancesurvey.co.uk/id/7000000000001386,http://data.ordnancesurvey.co.uk/ontology/admingeo/County,Eastern,http://data.ordnancesurvey.co.uk/id/7000000000041425,England,http://data.ordnancesurvey.co.uk/id/country/england,,,
PE140SN,http://data.ordnancesurvey.co.uk/id/postcodeunit/PE140SN,PE14 0SN,,,,other,Postcode,544821,307661,3500,18000,,,,,,,,,,Fenland,http://data.ordnancesurvey.co.uk/id/7000000000001357,http://data.ordnancesurvey.co.uk/ontology/admingeo/District,Cambridgeshire,http://data.ordnancesurvey.co.uk/id/7000000000001386,http://data.ordnancesurvey.co.uk/ontology/admingeo/County,Eastern,http://data.ordnancesurvey.co.uk/id/7000000000041425,England,http://data.ordnancesurvey.co.uk/id/country/england,,,
PE344DH,http://data.ordnancesurvey.co.uk/id/postcodeunit/PE344DH,PE34 4DH,,,,other,Postcode,557374,319290,3500,18000,,,,,,,,,,King's Lynn and West Norfolk,http://data.ordnancesurvey.co.uk/id/7000000000007016,http://data.ordnancesurvey.co.uk/ontology/admingeo/District,Norfolk,http://data.ordnancesurvey.co.uk/id/7000000000007238,http://data.ordnancesurvey.co.uk/ontology/admingeo/County,Eastern,http://data.ordnancesurvey.co.uk/id/7000000000041425,England,http://data.ordnancesurvey.co.uk/id/country/england,,,
PE149JX,http://data.ordnancesurvey.co.uk/id/postcodeunit/PE149JX,PE14 9JX,,,,other,Postcode,550549,300054,3500,18000,,,,,,,Three Holes,http://data.ordnancesurvey.co.uk/id/4000000074550936,http://www.ordnancesurvey.co.uk/xml/codelists/localtype.xml#village,King's Lynn and West Norfolk,http://data.ordnancesurvey.co.uk/id/7000000000007016,http://data.ordnancesurvey.co.uk/ontology/admingeo/District,Norfolk,http://data.ordnancesurvey.co.uk/id/7000000000007238,http://data.ordnancesurvey.co.uk/ontology/admingeo/County,Eastern,http://data.ordnancesurvey.co.uk/id/7000000000041425,England,http://data.ordnancesurvey.co.uk/id/country/england,,,
PE135FB,http://data.ordnancesurvey.co.uk/id/postcodeunit/PE135FB,PE13 5FB,,,,other,Postcode,545090,311078,3500,18000,,,,,,,Wisbech,http://data.ordnancesurvey.co.uk/id/4000000074551318,http://www.ordnancesurvey.co.uk/xml/codelists/localtype.xml#town,Fenland,http://data.ordnancesurvey.co.uk/id/7000000000001357,http://data.ordnancesurvey.co.uk/ontology/admingeo/District,Cambridgeshire,http://data.ordnancesurvey.co.uk/id/7000000000001386,http://data.ordnancesurvey.co.uk/ontology/admingeo/County,Eastern,http://data.ordnancesurvey.co.uk/id/7000000000041425,England,http://data.ordnancesurvey.co.uk/id/country/england,,,
PE132LT,http://data.ordnancesurvey.co.uk/id/postcodeunit/PE132LT,PE13 2LT,,,,other,Postcode,546438,309120,3500,18000,,,,,,,Wisbech,http://data.ordnancesurvey.co.uk/id/4000000074551318,http://www.ordnancesurvey.co.uk/xml/codelists/localtype.xml#town,Fenland,http://data.ordnancesurvey.co.uk/id/7000000000001357,http://data.ordnancesurvey.co.uk/ontology/admingeo/District,Cambridgeshire,http://data.ordnancesurvey.co.uk/id/7000000000001386,http://data.ordnancesurvey.co.uk/ontology/admingeo/County,Eastern,http://data.ordnancesurvey.co.uk/id/7000000000041425,England,http://data.ordnancesurvey.co.uk/id/country/england,,,
PE133BH,http://data.ordnancesurvey.co.uk/id/postcodeunit/PE133BH,PE13 3BH,,,,other,Postcode,546077,310191,3500,18000,,,,,,,Wisbech,http://data.ordnancesurvey.co.uk/id/4000000074551318,http://www.ordnancesurvey.co.uk/xml/codelists/localtype.xml#town,Fenland,http://data.ordnancesurvey.co.uk/id/7000000000001357,http://data.ordnancesurvey.co.uk/ontology/admingeo/District,Cambridgeshire,http://data.ordnancesurvey.co.uk/id/7000000000001386,http://data.ordnancesurvey.co.uk/ontology/admingeo/County,Eastern,http://data.ordnancesurvey.co.uk/id/7000000000041425,England,http://data.ordnancesurvey.co.uk/id/country/england,,,
PE149BX,http://data.ordnancesurvey.co.uk/id/postcodeunit/PE149BX,PE14 9BX,,,,other,Postcode,550873,303043,3500,18000,,,,,,,Upwell,http://data.ordnancesurvey.co.uk/id/4000000074550938,http://www.ordnancesurvey.co.uk/xml/codelists/localtype.xml#village,King's Lynn and West Norfolk,http://data.ordnancesurvey.co.uk/id/7000000000007016,http://data.ordnancesurvey.co.uk/ontology/admingeo/District,Norfolk,http://data.ordnancesurvey.co.uk/id/7000000000007238,http://data.ordnancesurvey.co.uk/ontology/admingeo/County,Eastern,http://data.ordnancesurvey.co.uk/id/7000000000041425,England,http://data.ordnancesurvey.co.uk/id/country/england,,,
PE131EF,http://data.ordnancesurvey.co.uk/id/postcodeunit/PE131EF,PE13 1EF,,,,other,Postcode,546095,309596,3500,18000,,,,,,,Wisbech,http://data.ordnancesurvey.co.uk/id/4000000074551318,http://www.ordnancesurvey.co.uk/xml/codelists/localtype.xml#town,Fenland,http://data.ordnancesurvey.co.uk/id/7000000000001357,http://data.ordnancesurvey.co.uk/ontology/admingeo/District,Cambridgeshire,http://data.ordnancesurvey.co.uk/id/7000000000001386,http://data.ordnancesurvey.co.uk/ontology/admingeo/County,Eastern,http://data.ordnancesurvey.co.uk/id/7000000000041425,England,http://data.ordnancesurvey.co.uk/id/country/england,,,
PE147ND,http://data.ordnancesurvey.co.uk/id/postcodeunit/PE147ND,PE14 7ND,,,,other,Postcode,550049,317512,3500,18000,,,,,,,Walpole St Andrew,http://data.ordnancesurvey.co.uk/id/4000000074550944,http://www.ordnancesurvey.co.uk/xml/codelists/localtype.xml#village,King's Lynn and West Norfolk,http://data.ordnancesurvey.co.uk/id/7000000000007016,http://data.ordnancesurvey.co.uk/ontology/admingeo/District,Norfolk,http://data.ordnancesurvey.co.uk/id/7000000000007238,http://data.ordnancesurvey.co.uk/ontology/admingeo/County,Eastern,http://data.ordnancesurvey.co.uk/id/7000000000041425,England,http://data.ordnancesurvey.co.uk/id/country/england,,,
PE133HS,http://data.ordnancesurvey.co.uk/id/postcodeunit/PE133HS,PE13 3HS,,,,other,Postcode,546827,310741,3500,18000,,,,,,,Wisbech,http://data.ordnancesurvey.co.uk/id/4000000074551318,http://www.ordnancesurvey.co.uk/xml/codelists/localtype.xml#town,Fenland,http://data.ordnancesurvey.co.uk/id/7000000000001357,http://data.ordnancesurvey.co.uk/ontology/admingeo/District,Cambridgeshire,http://data.ordnancesurvey.co.uk/id/7000000000001386,http://data.ordnancesurvey.co.uk/ontology/admingeo/County,Eastern,http://data.ordnancesurvey.co.uk/id/7000000000041425,England,http://data.ordnancesurvey.co.uk/id/country/england,,,
PE140NJ,http://data.ordnancesurvey.co.uk/id/postcodeunit/PE140NJ,PE14 0NJ,,,,other,Postcode,542779,303040,3500,18000,,,,,,,,,,Fenland,http://data.ordnancesurvey.co.uk/id/7000000000001357,http://data.ordnancesurvey.co.uk/ontology/admingeo/District,Cambridgeshire,http://data.ordnancesurvey.co.uk/id/7000000000001386,http://data.ordnancesurvey.co.uk/ontology/admingeo/County,Eastern,http://data.ordnancesurvey.co.uk/id/7000000000041425,England,http://data.ordnancesurvey.co.uk/id/country/england,,,
PE149HB,http://data.ordnancesurvey.co.uk/id/postcodeunit/PE149HB,PE14 9HB,,,,other,Postcode,549451,300955,3500,18000,,,,,,,Upwell,http://data.ordnancesurvey.co.uk/id/4000000074550938,http://www.ordnancesurvey.co.uk/xml/codelists/localtype.xml#village,King's Lynn and West Norfolk,http://data.ordnancesurvey.co.uk/id/7000000000007016,http://data.ordnancesurvey.co.uk/ontology/admingeo/District,Norfolk,http://data.ordnancesurvey.co.uk/id/7000000000007238,http://data.ordnancesurvey.co.uk/ontology/admingeo/County,Eastern,http://data.ordnancesurvey.co.uk/id/7000000000041425,England,http://data.ordnancesurvey.co.uk/id/country/england,,,
PE147DN,http://data.ordnancesurvey.co.uk/id/postcodeunit/PE147DN,PE14 7DN,,,,other,Postcode,549421,312849,3500,18000,,,,,,,Walton Highway,http://data.ordnancesurvey.co.uk/id/4000000074552040,http://www.ordnancesurvey.co.uk/xml/codelists/localtype.xml#village,King's Lynn and West Norfolk,http://data.ordnancesurvey.co.uk/id/7000000000007016,http://data.ordnancesurvey.co.uk/ontology/admingeo/District,Norfolk,http://data.ordnancesurvey.co.uk/id/7000000000007238,http://data.ordnancesurvey.co.uk/ontology/admingeo/County,Eastern,http://data.ordnancesurvey.co.uk/id/7000000000041425,England,http://data.ordnancesurvey.co.uk/id/country/england,,,
PE344RE,http://data.ordnancesurvey.co.uk/id/postcodeunit/PE344RE,PE34 4RE,,,,other,Postcode,554923,313560,3500,18000,,,,,,,Tilney St Lawrence,http://data.ordnancesurvey.co.uk/id/4000000074550579,http://www.ordnancesurvey.co.uk/xml/codelists/localtype.xml#village,King's Lynn and West Norfolk,http://data.ordnancesurvey.co.uk/id/7000000000007016,http://data.ordnancesurvey.co.uk/ontology/admingeo/District,Norfolk,http://data.ordnancesurvey.co.uk/id/7000000000007238,http://data.ordnancesurvey.co.uk/ontology/admingeo/County,Eastern,http://data.ordnancesurvey.co.uk/id/7000000000041425,England,http://data.ordnancesurvey.co.uk/id/country/england,,,
PE149ET,http://data.ordnancesurvey.co.uk/id/postcodeunit/PE149ET,PE14 9ET,,,,other,Postcode,549449,301429,3500,18000,,,,,,,Upwell,http://data.ordnancesurvey.co.uk/id/4000000074550938,http://www.ordnancesurvey.co.uk/xml/codelists/localtype.xml#village,King's Lynn and West Norfolk,http://data.ordnancesurvey.co.uk/id/7000000000007016,http://data.ordnancesurvey.co.uk/ontology/admingeo/District,Norfolk,http://data.ordnancesurvey.co.uk/id/7000000000007238,http://data.ordnancesurvey.co.uk/ontology/admingeo/County,Eastern,http://data.ordnancesurvey.co.uk/id/7000000000041425,England,http://data.ordnancesurvey.co.uk/id/country/england,,,
PE131NB,http://data.ordnancesurvey.co.uk/id/postcodeunit/PE131NB,PE13 1NB,,,,other,Postcode,546007,309741,3500,18000,,,,,,,Wisbech,http://data.ordnancesurvey.co.uk/id/4000000074551318,http://www.ordnancesurvey.co.uk/xml/codelists/localtype.xml#town,Fenland,http://data.ordnancesurvey.co.uk/id/7000000000001357,http://data.ordnancesurvey.co.uk/ontology/admingeo/District,Cambridgeshire,http://data.ordnancesurvey.co.uk/id/7000000000001386,http://data.ordnancesurvey.co.uk/ontology/admingeo/County,Eastern,http://data.ordnancesurvey.co.uk/id/7000000000041425,England,http://data.ordnancesurvey.co.uk/id/country/england,,,
PE147HX,http://data.ordnancesurvey.co.uk/id/postcodeunit/PE147HX,PE14 7HX,,,,other,Postcode,549599,315133,3500,18000,,,,,,,,,,King's Lynn and West Norfolk,http://data.ordnancesurvey.co.uk/id/7000000000007016,http://data.ordnancesurvey.co.uk/ontology/admingeo/District,Norfolk,http://data.ordnancesurvey.co.uk/id/7000000000007238,http://data.ordnancesurvey.co.uk/ontology/admingeo/County,Eastern,http://data.ordnancesurvey.co.uk/id/7000000000041425,England,http://data.ordnancesurvey.co.uk/id/country/england,,,
PE132HX,http://data.ordnancesurvey.co.uk/id/postcodeunit/PE132HX,PE13 2HX,,,,other,Postcode,547117,308590,3500,18000,,,,,,,Wisbech,http://data.ordnancesurvey.co.uk/id/4000000074551318,http://www.ordnancesurvey.co.uk/xml/codelists/localtype.xml#town,Fenland,http://data.ordnancesurvey.co.uk/id/7000000000001357,http://data.ordnancesurvey.co.uk/ontology/admingeo/District,Cambridgeshire,http://data.ordnancesurvey.co.uk/id/7000000000001386,http://data.ordnancesurvey.co.uk/ontology/admingeo/County,Eastern,http://data.ordnancesurvey.co.uk/id/7000000000041425,England,http://data.ordnancesurvey.co.uk/id/country/england,,,
PE147QJ,http://data.ordnancesurvey.co.uk/id/postcodeunit/PE147QJ,PE14 7QJ,,,,other,Postcode,551657,314008,3500,18000,,,,,,,Walpole Highway,http://data.ordnancesurvey.co.uk/id/4000000074550945,http://www.ordnancesurvey.co.uk/xml/codelists/localtype.xml#village,King's Lynn and West Norfolk,http://data.ordnancesurvey.co.uk/id/7000000000007016,http://data.ordnancesurvey.co.uk/ontology/admingeo/District,Norfolk,http://data.ordnancesurvey.co.uk/id/7000000000007238,http://data.ordnancesurvey.co.uk/ontology/admingeo/County,Eastern,http://data.ordnancesurvey.co.uk/id/7000000000041425,England,http://data.ordnancesurvey.co.uk/id/country/england,,,
PE148TR,http://data.ordnancesurvey.co.uk/id/postcodeunit/PE148TR,PE14 8TR,,,,other,Postcode,551140,304313,3500,18000,,,,,,,Outwell,http://data.ordnancesurvey.co.uk/id/4000000074548389,http://www.ordnancesurvey.co.uk/xml/codelists/localtype.xml#village,King's Lynn and West Norfolk,http://data.ordnancesurvey.co.uk/id/7000000000007016,http://data.ordnancesurvey.co.uk/ontology/admingeo/District,Norfolk,http://data.ordnancesurvey.co.uk/id/7000000000007238,http://data.ordnancesurvey.co.uk/ontology/admingeo/County,Eastern,http://data.ordnancesurvey.co.uk/id/7000000000041425,England,http://data.ordnancesurvey.co.uk/id/country/england,,,
PE140RW,http://data.ordnancesurvey.co.uk/id/postcodeunit/PE140RW,PE14 0RW,,,,other,Postcode,545282,306670,3500,18000,,,,,,,,,,Fenland,http://data.ordnancesurvey.co.uk/id/7000000000001357,http://data.ordnancesurvey.co.uk/ontology/admingeo/District,Cambridgeshire,http://data.ordnancesurvey.co.uk/id/7000000000001386,http://data.ordnancesurvey.co.uk/ontology/admingeo/County,Eastern,http://data.ordnancesurvey.co.uk/id/7000000000041425,England,http://data.ordnancesurvey.co.uk/id/country/england,,,
PE148BQ,http://data.ordnancesurvey.co.uk/id/postcodeunit/PE148BQ,PE14 8BQ,,,,other,Postcode,549805,306419,3500,18000,,,,,,,Emneth,http://data.ordnancesurvey.co.uk/id/4000000074550948,http://www.ordnancesurvey.co.uk/xml/codelists/localtype.xml#village,King's Lynn and West Norfolk,http://data.ordnancesurvey.co.uk/id/7000000000007016,http://data.ordnancesurvey.co.uk/ontology/admingeo/District,Norfolk,http://data.ordnancesurvey.co.uk/id/7000000000007238,http://data.ordnancesurvey.co.uk/ontology/admingeo/County,Eastern,http://data.ordnancesurvey.co.uk/id/7000000000041425,England,http://data.ordnancesurvey.co.uk/id/country/england,,,
PE134PG,http://data.ordnancesurvey.co.uk/id/postcodeunit/PE134PG,PE13 4PG,,,,other,Postcode,541529,312046,3500,18000,,,,,,,Gorefield,http://data.ordnancesurvey.co.uk/id/4000000074551667,http://www.ordnancesurvey.co.uk/xml/codelists/localtype.xml#village,Fenland,http://data.ordnancesurvey.co.uk/id/7000000000001357,http://data.ordnancesurvey.co.uk/ontology/admingeo/District,Cambridgeshire,http://data.ordnancesurvey.co.uk/id/7000000000001386,http://data.ordnancesurvey.co.uk/ontology/admingeo/County,Eastern,http://data.ordnancesurvey.co.uk/id/7000000000041425,England,http://data.ordnancesurvey.co.uk/id/country/england,,,
PE133UG,http://data.ordnancesurvey.co.uk/id/postcodeunit/PE133UG,PE13 3UG,,,,other,Postcode,547534,310275,3500,18000,,,,,,,Wisbech,http://data.ordnancesurvey.co.uk/id/4000000074551318,http://www.ordnancesurvey.co.uk/xml/codelists/localtype.xml#town,Fenland,http://data.ordnancesurvey.co.uk/id/7000000000001357,http://data.ordnancesurvey.co.uk/ontology/admingeo/District,Cambridgeshire,http://data.ordnancesurvey.co.uk/id/7000000000001386,http://data.ordnancesurvey.co.uk/ontology/admingeo/County,Eastern,http://data.ordnancesurvey.co.uk/id/7000000000041425,England,http://data.ordnancesurvey.co.uk/id/country/england,,,
PE134ET,http://data.ordnancesurvey.co.uk/id/postcodeunit/PE134ET,PE13 4ET,,,,other,Postcode,540249,303961,3500,18000,,,,,,,Guyhirn,http://data.ordnancesurvey.co.uk/id/4000000074550590,http://www.ordnancesurvey.co.uk/xml/codelists/localtype.xml#village,Fenland,http://data.ordnancesurvey.co.uk/id/7000000000001357,http://data.ordnancesurvey.co.uk/ontology/admingeo/District,Cambridgeshire,http://data.ordnancesurvey.co.uk/id/7000000000001386,http://data.ordnancesurvey.co.uk/ontology/admingeo/County,Eastern,http://data.ordnancesurvey.co.uk/id/7000000000041425,England,http://data.ordnancesurvey.co.uk/id/country/england,,,
PE147BA,http://data.ordnancesurvey.co.uk/id/postcodeunit/PE147BA,PE14 7BA,,,,other,Postcode,548789,310777,3500,18000,,,,,,,,,,King's Lynn and West Norfolk,http://data.ordnancesurvey.co.uk/id/7000000000007016,http://data.ordnancesurvey.co.uk/ontology/admingeo/District,Norfolk,http://data.ordnancesurvey.co.uk/id/7000000000007238,http://data.ordnancesurvey.co.uk/ontology/admingeo/County,Eastern,http://data.ordnancesurvey.co.uk/id/7000000000041425,England,http://data.ordnancesurvey.co.uk/id/country/england,,,
PE140EA,http://data.ordnancesurvey.co.uk/id/postcodeunit/PE140EA,PE14 0EA,,,,other,Postcode,548326,306491,3500,18000,,,,,,,Elm,http://data.ordnancesurvey.co.uk/id/4000000074341528,http://www.ordnancesurvey.co.uk/xml/codelists/localtype.xml#village,King's Lynn and West Norfolk,http://data.ordnancesurvey.co.uk/id/7000000000007016,http://data.ordnancesurvey.co.uk/ontology/admingeo/District,Norfolk,http://data.ordnancesurvey.co.uk/id/7000000000007238,http://data.ordnancesurvey.co.uk/ontology/admingeo/County,Eastern,http://data.ordnancesurvey.co.uk/id/7000000000041425,England,http://data.ordnancesurvey.co.uk/id/country/england,,,
PE147PA,http://data.ordnancesurvey.co.uk/id/postcodeunit/PE147PA,PE14 7PA,,,,other,Postcode,550340,316738,3500,18000,,,,,,,Walpole St Peter,http://data.ordnancesurvey.co.uk/id/4000000074550943,http://www.ordnancesurvey.co.uk/xml/codelists/localtype.xml#village,King's Lynn and West Norfolk,http://data.ordnancesurvey.co.uk/id/7000000000007016,http://data.ordnancesurvey.co.uk/ontology/admingeo/District,Norfolk,http://data.ordnancesurvey.co.uk/id/7000000000007238,http://data.ordnancesurvey.co.uk/ontology/admingeo/County,Eastern,http://data.ordnancesurvey.co.uk/id/7000000000041425,England,http://data.ordnancesurvey.co.uk/id/country/england,,,
PE133LF,http://data.ordnancesurvey.co.uk/id/postcodeunit/PE133LF,PE13 3LF,,,,other,Postcode,546086,310833,3500,18000,,,,,,,Wisbech,http://data.ordnancesurvey.co.uk/id/4000000074551318,http://www.ordnancesurvey.co.uk/xml/codelists/localtype.xml#town,Fenland,http://data.ordnancesurvey.co.uk/id/7000000000001357,http://data.ordnancesurvey.co.uk/ontology/admingeo/District,Cambridgeshire,http://data.ordnancesurvey.co.uk/id/7000000000001386,http://data.ordnancesurvey.co.uk/ontology/admingeo/County,Eastern,http://data.ordnancesurvey.co.uk/id/7000000000041425,England,http://data.ordnancesurvey.co.uk/id/country/england,,,
PE147RY,http://data.ordnancesurvey.co.uk/id/postcodeunit/PE147RY,PE14 7RY,,,,other,Postcode,553981,315323,3500,18000,,,,,,,Terrington St John,http://data.ordnancesurvey.co.uk/id/4000000074550941,http://www.ordnancesurvey.co.uk/xml/codelists/localtype.xml#village,King's Lynn and West Norfolk,http://data.ordnancesurvey.co.uk/id/7000000000007016,http://data.ordnancesurvey.co.uk/ontology/admingeo/District,Norfolk,http://data.ordnancesurvey.co.uk/id/7000000000007238,http://data.ordnancesurvey.co.uk/ontology/admingeo/County,Eastern,http://data.ordnancesurvey.co.uk/id/7000000000041425,England,http://data.ordnancesurvey.co.uk/id/country/england,,,
PE149JP,http://data.ordnancesurvey.co.uk/id/postcodeunit/PE149JP,PE14 9JP,,,,other,Postcode,550682,300499,3500,18000,,,,,,,Three Holes,http://data.ordnancesurvey.co.uk/id/4000000074550936,http://www.ordnancesurvey.co.uk/xml/codelists/localtype.xml#village,King's Lynn and West Norfolk,http://data.ordnancesurvey.co.uk/id/7000000000007016,http://data.ordnancesurvey.co.uk/ontology/admingeo/District,Norfolk,http://data.ordnancesurvey.co.uk/id/7000000000007238,http://data.ordnancesurvey.co.uk/ontology/admingeo/County,Eastern,http://data.ordnancesurvey.co.uk/id/7000000000041425,England,http://data.ordnancesurvey.co.uk/id/country/england,,,
PE133PF,http://data.ordnancesurvey.co.uk/id/postcodeunit/PE133PF,PE13 3PF,,,,other,Postcode,546756,310959,3500,18000,,,,,,,Wisbech,http://data.ordnancesurvey.co.uk/id/4000000074551318,http://www.ordnancesurvey.co.uk/xml/codelists/localtype.xml#town,Fenland,http://data.ordnancesurvey.co.uk/id/7000000000001357,http://data.ordnancesurvey.co.uk/ontology/admingeo/District,Cambridgeshire,http://data.ordnancesurvey.co.uk/id/7000000000001386,http://data.ordnancesurvey.co.uk/ontology/admingeo/County,Eastern,http://data.ordnancesurvey.co.uk/id/7000000000041425,England,http://data.ordnancesurvey.co.uk/id/country/england,,,
PE135SA,http://data.ordnancesurvey.co.uk/id/postcodeunit/PE135SA,PE13 5SA,,,,other,Postcode,543816,318683,3500,18000,,,,,,,Tydd St Mary,http://data.ordnancesurvey.co.uk/id/4000000074548410,http://www.ordnancesurvey.co.uk/xml/codelists/localtype.xml#village,South Holland,http://data.ordnancesurvey.co.uk/id/7000000000005599,http://data.ordnancesurvey.co.uk/ontology/admingeo/District,Lincolnshire,http://data.ordnancesurvey.co.uk/id/7000000000005942,http://data.ordnancesurvey.co.uk/ontology/admingeo/County,East Midlands,http://data.ordnancesurvey.co.uk/id/7000000000041423,England,http://data.ordnancesurvey.co.uk/id/country/england,,,
PE134NL,http://data.ordnancesurvey.co.uk/id/postcodeunit/PE134NL,PE13 4NL,,,,other,Postcode,541755,311919,3500,18000,,,,,,,Gorefield,http://data.ordnancesurvey.co.uk/id/4000000074551667,http://www.ordnancesurvey.co.uk/xml/codelists/localtype.xml#village,Fenland,http://data.ordnancesurvey.co.uk/id/7000000000001357,http://data.ordnancesurvey.co.uk/ontology/admingeo/District,Cambridgeshire,http://data.ordnancesurvey.co.uk/id/7000000000001386,http://data.ordnancesurvey.co.uk/ontology/admingeo/County,Eastern,http://data.ordnancesurvey.co.uk/id/7000000000041425,England,http://data.ordnancesurvey.co.uk/id/country/england,,,
PE147AH,http://data.ordnancesurvey.co.uk/id/postcodeunit/PE147AH,PE14 7AH,,,,other,Postcode,547645,311871,3500,18000,,,,,,,,,,King's Lynn and West Norfolk,http://data.ordnancesurvey.co.uk/id/7000000000007016,http://data.ordnancesurvey.co.uk/ontology/admingeo/District,Norfolk,http://data.ordnancesurvey.co.uk/id/7000000000007238,http://data.ordnancesurvey.co.uk/ontology/admingeo/County,Eastern,http://data.ordnancesurvey.co.uk/id/7000000000041425,England,http://data.ordnancesurvey.co.uk/id/country/england,,,
PE132LU,http://data.ordnancesurvey.co.uk/id/postcodeunit/PE132LU,PE13 2LU,,,,other,Postcode,546454,309130,3500,18000,,,,,,,Wisbech,http://data.ordnancesurvey.co.uk/id/4000000074551318,http://www.ordnancesurvey.co.uk/xml/codelists/localtype.xml#town,Fenland,http://data.ordnancesurvey.co.uk/id/7000000000001357,http://data.ordnancesurvey.co.uk/ontology/admingeo/District,Cambridgeshire,http://data.ordnancesurvey.co.uk/id/7000000000001386,http://data.ordnancesurvey.co.uk/ontology/admingeo/County,Eastern,http://data.ordnancesurvey.co.uk/id/7000000000041425,England,http://data.ordnancesurvey.co.uk/id/country/england,,,
PE132AA,http://data.ordnancesurvey.co.uk/id/postcodeunit/PE132AA,PE13 2AA,,,,other,Postcode,546472,309588,3500,18000,,,,,,,Wisbech,http://data.ordnancesurvey.co.uk/id/4000000074551318,http://www.ordnancesurvey.co.uk/xml/codelists/localtype.xml#town,Fenland,http://data.ordnancesurvey.co.uk/id/7000000000001357,http://data.ordnancesurvey.co.uk/ontology/admingeo/District,Cambridgeshire,http://data.ordnancesurvey.co.uk/id/7000000000001386,http://data.ordnancesurvey.co.uk/ontology/admingeo/County,Eastern,http://data.ordnancesurvey.co.uk/id/7000000000041425,England,http://data.ordnancesurvey.co.uk/id/country/england,,,
PE344QX,http://data.ordnancesurvey.co.uk/id/postcodeunit/PE344QX,PE34 4QX,,,,other,Postcode,554793,313739,3500,18000,,,,,,,Tilney St Lawrence,http://data.ordnancesurvey.co.uk/id/4000000074550579,http://www.ordnancesurvey.co.uk/xml/codelists/localtype.xml#village,King's Lynn and West Norfolk,http://data.ordnancesurvey.co.uk/id/7000000000007016,http://data.ordnancesurvey.co.uk/ontology/admingeo/District,Norfolk,http://data.ordnancesurvey.co.uk/id/7000000000007238,http://data.ordnancesurvey.co.uk/ontology/admingeo/County,Eastern,http://data.ordnancesurvey.co.uk/id/7000000000041425,England,http://data.ordnancesurvey.co.uk/id/country/england,,,
PE135RG,http://data.ordnancesurvey.co.uk/id/postcodeunit/PE135RG,PE13 5RG,,,,other,Postcode,545158,317588,3500,18000,,,,,,,,,,Fenland,http://data.ordnancesurvey.co.uk/id/7000000000001357,http://data.ordnancesurvey.co.uk/ontology/admingeo/District,Cambridgeshire,http://data.ordnancesurvey.co.uk/id/7000000000001386,http://data.ordnancesurvey.co.uk/ontology/admingeo/County,Eastern,http://data.ordnancesurvey.co.uk/id/7000000000041425,England,http://data.ordnancesurvey.co.uk/id/country/england,,,
PE343BD,http://data.ordnancesurvey.co.uk/id/postcodeunit/PE343BD,PE34 3BD,,,,other,Postcode,559824,309523,3500,18000,,,,,,,,,,King's Lynn and West Norfolk,http://data.ordnancesurvey.co.uk/id/7000000000007016,http://data.ordnancesurvey.co.uk/ontology/admingeo/District,Norfolk,http://data.ordnancesurvey.co.uk/id/7000000000007238,http://data.ordnancesurvey.co.uk/ontology/admingeo/County,Eastern,http://data.ordnancesurvey.co.uk/id/7000000000041425,England,http://data.ordnancesurvey.co.uk/id/country/england,,,
PE132AN,http://data.ordnancesurvey.co.uk/id/postcodeunit/PE132AN,PE13 2AN,,,,other,Postcode,546573,309299,3500,18000,,,,,,,Wisbech,http://data.ordnancesurvey.co.uk/id/4000000074551318,http://www.ordnancesurvey.co.uk/xml/codelists/localtype.xml#town,Fenland,http://data.ordnancesurvey.co.uk/id/7000000000001357,http://data.ordnancesurvey.co.uk/ontology/admingeo/District,Cambridgeshire,http://data.ordnancesurvey.co.uk/id/7000000000001386,http://data.ordnancesurvey.co.uk/ontology/admingeo/County,Eastern,http://data.ordnancesurvey.co.uk/id/7000000000041425,England,http://data.ordnancesurvey.co.uk/id/country/england,,,
PE148HE,http://data.ordnancesurvey.co.uk/id/postcodeunit/PE148HE,PE14 8HE,,,,other,Postcode,553815,306538,3500,18000,,,,,,,,,,King's Lynn and West Norfolk,http://data.ordnancesurvey.co.uk/id/7000000000007016,http://data.ordnancesurvey.co.uk/ontology/admingeo/District,Norfolk,http://data.ordnancesurvey.co.uk/id/7000000000007238,http://data.ordnancesurvey.co.uk/ontology/admingeo/County,Eastern,http://data.ordnancesurvey.co.uk/id/7000000000041425,England,http://data.ordnancesurvey.co.uk/id/country/england,,,
PE343BN,http://data.ordnancesurvey.co.uk/id/postcodeunit/PE343BN,PE34 3BN,,,,other,Postcode,557420,313603,3500,18000,,,,,,,Tilney cum Islington,http://data.ordnancesurvey.co.uk/id/4000000074550575,http://www.ordnancesurvey.co.uk/xml/codelists/localtype.xml#village,King's Lynn and West Norfolk,http://data.ordnancesurvey.co.uk/id/7000000000007016,http://data.ordnancesurvey.co.uk/ontology/admingeo/District,Norfolk,http://data.ordnancesurvey.co.uk/id/7000000000007238,http://data.ordnancesurvey.co.uk/ontology/admingeo/County,Eastern,http://data.ordnancesurvey.co.uk/id/7000000000041425,England,http://data.ordnancesurvey.co.uk/id/country/england,,,
PE135AD,http://data.ordnancesurvey.co.uk/id/postcodeunit/PE135AD,PE13 5AD,,,,other,Postcode,544426,311713,3500,18000,,,,,,,Leverington,http://data.ordnancesurvey.co.uk/id/4000000074551313,http://www.ordnancesurvey.co.uk/xml/codelists/localtype.xml#village,Fenland,http://data.ordnancesurvey.co.uk/id/7000000000001357,http://data.ordnancesurvey.co.uk/ontology/admingeo/District,Cambridgeshire,http://data.ordnancesurvey.co.uk/id/7000000000001386,http://data.ordnancesurvey.co.uk/ontology/admingeo/County,Eastern,http://data.ordnancesurvey.co.uk/id/7000000000041425,England,http://data.ordnancesurvey.co.uk/id/country/england,,,
PE135DG,http://data.ordnancesurvey.co.uk/id/postcodeunit/PE135DG,PE13 5DG,,,,other,Postcode,544359,310817,3500,18000,,,,,,,Leverington,http://data.ordnancesurvey.co.uk/id/4000000074551313,http://www.ordnancesurvey.co.uk/xml/codelists/localtype.xml#village,Fenland,http://data.ordnancesurvey.co.uk/id/7000000000001357,http://data.ordnancesurvey.co.uk/ontology/admingeo/District,Cambridgeshire,http://data.ordnancesurvey.co.uk/id/7000000000001386,http://data.ordnancesurvey.co.uk/ontology/admingeo/County,Eastern,http://data.ordnancesurvey.co.uk/id/7000000000041425,England,http://data.ordnancesurvey.co.uk/id/country/england,,,
PE148AQ,http://data.ordnancesurvey.co.uk/id/postcodeunit/PE148AQ,PE14 8AQ,,,,other,Postcode,548200,307213,3500,18000,,,,,,,Emneth,http://data.ordnancesurvey.co.uk/id/4000000074550948,http://www.ordnancesurvey.co.uk/xml/codelists/localtype.xml#village,King's Lynn and West Norfolk,http://data.ordnancesurvey.co.uk/id/7000000000007016,http://data.ordnancesurvey.co.uk/ontology/admingeo/District,Norfolk,http://data.ordnancesurvey.co.uk/id/7000000000007238,http://data.ordnancesurvey.co.uk/ontology/admingeo/County,Eastern,http://data.ordnancesurvey.co.uk/id/7000000000041425,England,http://data.ordnancesurvey.co.uk/id/country/england,,,
PE132FA,http://data.ordnancesurvey.co.uk/id/postcodeunit/PE132FA,PE13 2FA,,,,other,Postcode,546566,308970,3500,18000,,,,,,,Wisbech,http://data.ordnancesurvey.co.uk/id/4000000074551318,http://www.ordnancesurvey.co.uk/xml/codelists/localtype.xml#town,Fenland,http://data.ordnancesurvey.co.uk/id/7000000000001357,http://data.ordnancesurvey.co.uk/ontology/admingeo/District,Cambridgeshire,http://data.ordnancesurvey.co.uk/id/7000000000001386,http://data.ordnancesurvey.co.uk/ontology/admingeo/County,Eastern,http://data.ordnancesurvey.co.uk/id/7000000000041425,England,http://data.ordnancesurvey.co.uk/id/country/england,,,
PE131SQ,http://data.ordnancesurvey.co.uk/id/postcodeunit/PE131SQ,PE13 1SQ,,,,other,Postcode,545243,310381,3500,18000,,,,,,,Wisbech,http://data.ordnancesurvey.co.uk/id/4000000074551318,http://www.ordnancesurvey.co.uk/xml/codelists/localtype.xml#town,Fenland,http://data.ordnancesurvey.co.uk/id/7000000000001357,http://data.ordnancesurvey.co.uk/ontology/admingeo/District,Cambridgeshire,http://data.ordnancesurvey.co.uk/id/7000000000001386,http://data.ordnancesurvey.co.uk/ontology/admingeo/County,Eastern,http://data.ordnancesurvey.co.uk/id/7000000000041425,England,http://data.ordnancesurvey.co.uk/id/country/england,,,
PE148RS,http://data.ordnancesurvey.co.uk/id/postcodeunit/PE148RS,PE14 8RS,,,,other,Postcode,551002,303330,3500,18000,,,,,,,Outwell,http://data.ordnancesurvey.co.uk/id/4000000074548389,http://www.ordnancesurvey.co.uk/xml/codelists/localtype.xml#village,King's Lynn and West Norfolk,http://data.ordnancesurvey.co.uk/id/7000000000007016,http://data.ordnancesurvey.co.uk/ontology/admingeo/District,Norfolk,http://data.ordnancesurvey.co.uk/id/7000000000007238,http://data.ordnancesurvey.co.uk/ontology/admingeo/County,Eastern,http://data.ordnancesurvey.co.uk/id/7000000000041425,England,http://data.ordnancesurvey.co.uk/id/country/england,,,
PE132PE,http://data.ordnancesurvey.co.uk/id/postcodeunit/PE132PE,PE13 2PE,,,,other,Postcode,546059,309344,3500,18000,,,,,,,Wisbech,http://data.ordnancesurvey.co.uk/id/4000000074551318,http://www.ordnancesurvey.co.uk/xml/codelists/localtype.xml#town,Fenland,http://data.ordnancesurvey.co.uk/id/7000000000001357,http://data.ordnancesurvey.co.uk/ontology/admingeo/District,Cambridgeshire,http://data.ordnancesurvey.co.uk/id/7000000000001386,http://data.ordnancesurvey.co.uk/ontology/admingeo/County,Eastern,http://data.ordnancesurvey.co.uk/id/7000000000041425,England,http://data.ordnancesurvey.co.uk/id/country/england,,,
PE135LB,http://data.ordnancesurvey.co.uk/id/postcodeunit/PE135LB,PE13 5LB,,,,other,Postcode,542780,316525,3500,18000,,,,,,,Tydd St Giles,http://data.ordnancesurvey.co.uk/id/4000000074548770,http://www.ordnancesurvey.co.uk/xml/codelists/localtype.xml#village,Fenland,http://data.ordnancesurvey.co.uk/id/7000000000001357,http://data.ordnancesurvey.co.uk/ontology/admingeo/District,Cambridgeshire,http://data.ordnancesurvey.co.uk/id/7000000000001386,http://data.ordnancesurvey.co.uk/ontology/admingeo/County,Eastern,http://data.ordnancesurvey.co.uk/id/7000000000041425,England,http://data.ordnancesurvey.co.uk/id/country/england,,,
PE343NP,http://data.ordnancesurvey.co.uk/id/postcodeunit/PE343NP,PE34 3NP,,,,other,Postcode,558739,306258,3500,18000,,,,,,,,,,King's Lynn and West Norfolk,http://data.ordnancesurvey.co.uk/id/7000000000007016,http://data.ordnancesurvey.co.uk/ontology/admingeo/District,Norfolk,http://data.ordnancesurvey.co.uk/id/7000000000007238,http://data.ordnancesurvey.co.uk/ontology/admingeo/County,Eastern,http://data.ordnancesurvey.co.uk/id/7000000000041425,England,http://data.ordnancesurvey.co.uk/id/country/england,,,
PE147AB,http://data.ordnancesurvey.co.uk/id/postcodeunit/PE147AB,PE14 7AB,,,,other,Postcode,546429,312083,3500,18000,,,,,,,,,,King's Lynn and West Norfolk,http://data.ordnancesurvey.co.uk/id/7000000000007016,http://data.ordnancesurvey.co.uk/ontology/admingeo/District,Norfolk,http://data.ordnancesurvey.co.uk/id/7000000000007238,http://data.ordnancesurvey.co.uk/ontology/admingeo/County,Eastern,http://data.ordnancesurvey.co.uk/id/7000000000041425,England,http://data.ordnancesurvey.co.uk/id/country/england,,,
PE148RT,http://data.ordnancesurvey.co.uk/id/postcodeunit/PE148RT,PE14 8RT,,,,other,Postcode,550953,303366,3500,18000,,,,,,,Outwell,http://data.ordnancesurvey.co.uk/id/4000000074548389,http://www.ordnancesurvey.co.uk/xml/codelists/localtype.xml#village,King's Lynn and West Norfolk,http://data.ordnancesurvey.co.uk/id/7000000000007016,http://data.ordnancesurvey.co.uk/ontology/admingeo/District,Norfolk,http://data.ordnancesurvey.co.uk/id/7000000000007238,http://data.ordnancesurvey.co.uk/ontology/admingeo/County,Eastern,http://data.ordnancesurvey.co.uk/id/7000000000041425,England,http://data.ordnancesurvey.co.uk/id/country/england,,,
PE149EY,http://data.ordnancesurvey.co.uk/id/postcodeunit/PE149EY,PE14 9EY,,,,other,Postcode,549722,301321,3500,18000,,,,,,,Upwell,http://data.ordnancesurvey.co.uk/id/4000000074550938,http://www.ordnancesurvey.co.uk/xml/codelists/localtype.xml#village,King's Lynn and West Norfolk,http://data.ordnancesurvey.co.uk/id/7000000000007016,http://data.ordnancesurvey.co.uk/ontology/admingeo/District,Norfolk,http://data.ordnancesurvey.co.uk/id/7000000000007238,http://data.ordnancesurvey.co.uk/ontology/admingeo/County,Eastern,http://data.ordnancesurvey.co.uk/id/7000000000041425,England,http://data.ordnancesurvey.co.uk/id/country/england,,,
PE148SJ,http://data.ordnancesurvey.co.uk/id/postcodeunit/PE148SJ,PE14 8SJ,,,,other,Postcode,551325,303536,3500,18000,,,,,,,Outwell,http://data.ordnancesurvey.co.uk/id/4000000074548389,http://www.ordnancesurvey.co.uk/xml/codelists/localtype.xml#village,King's Lynn and West Norfolk,http://data.ordnancesurvey.co.uk/id/7000000000007016,http://data.ordnancesurvey.co.uk/ontology/admingeo/District,Norfolk,http://data.ordnancesurvey.co.uk/id/7000000000007238,http://data.ordnancesurvey.co.uk/ontology/admingeo/County,Eastern,http://data.ordnancesurvey.co.uk/id/7000000000041425,England,http://data.ordnancesurvey.co.uk/id/country/england,,,
PE133DZ,http://data.ordnancesurvey.co.uk/id/postcodeunit/PE133DZ,PE13 3DZ,,,,other,Postcode,546842,310497,3500,18000,,,,,,,Wisbech,http://data.ordnancesurvey.co.uk/id/4000000074551318,http://www.ordnancesurvey.co.uk/xml/codelists/localtype.xml#town,Fenland,http://data.ordnancesurvey.co.uk/id/7000000000001357,http://data.ordnancesurvey.co.uk/ontology/admingeo/District,Cambridgeshire,http://data.ordnancesurvey.co.uk/id/7000000000001386,http://data.ordnancesurvey.co.uk/ontology/admingeo/County,Eastern,http://data.ordnancesurvey.co.uk/id/7000000000041425,England,http://data.ordnancesurvey.co.uk/id/country/england,,,
PE343FH,http://data.ordnancesurvey.co.uk/id/postcodeunit/PE343FH,PE34 3FH,,,,other,Postcode,559200,313824,3500,18000,,,,,,,Wiggenhall St Germans,http://data.ordnancesurvey.co.uk/id/4000000074550213,http://www.ordnancesurvey.co.uk/xml/codelists/localtype.xml#village,King's Lynn and West Norfolk,http://data.ordnancesurvey.co.uk/id/7000000000007016,http://data.ordnancesurvey.co.uk/ontology/admingeo/District,Norfolk,http://data.ordnancesurvey.co.uk/id/7000000000007238,http://data.ordnancesurvey.co.uk/ontology/admingeo/County,Eastern,http://data.ordnancesurvey.co.uk/id/7000000000041425,England,http://data.ordnancesurvey.co.uk/id/country/england,,,
PE133UU,http://data.ordnancesurvey.co.uk/id/postcodeunit/PE133UU,PE13 3UU,,,,other,Postcode,547163,310010,3500,18000,,,,,,,Wisbech,http://data.ordnancesurvey.co.uk/id/4000000074551318,http://www.ordnancesurvey.co.uk/xml/codelists/localtype.xml#town,Fenland,http://data.ordnancesurvey.co.uk/id/7000000000001357,http://data.ordnancesurvey.co.uk/ontology/admingeo/District,Cambridgeshire,http://data.ordnancesurvey.co.uk/id/7000000000001386,http://data.ordnancesurvey.co.uk/ontology/admingeo/County,Eastern,http://data.ordnancesurvey.co.uk/id/7000000000041425,England,http://data.ordnancesurvey.co.uk/id/country/england,,,
PE133NT,http://data.ordnancesurvey.co.uk/id/postcodeunit/PE133NT,PE13 3NT,,,,other,Postcode,546618,310784,3500,18000,,,,,,,Wisbech,http://data.ordnancesurvey.co.uk/id/4000000074551318,http://www.ordnancesurvey.co.uk/xml/codelists/localtype.xml#town,Fenland,http://data.ordnancesurvey.co.uk/id/7000000000001357,http://data.ordnancesurvey.co.uk/ontology/admingeo/District,Cambridgeshire,http://data.ordnancesurvey.co.uk/id/7000000000001386,http://data.ordnancesurvey.co.uk/ontology/admingeo/County,Eastern,http://data.ordnancesurvey.co.uk/id/7000000000041425,England,http://data.ordnancesurvey.co.uk/id/country/england,,,
PE344PW,http://data.ordnancesurvey.co.uk/id/postcodeunit/PE344PW,PE34 4PW,,,,other,Postcode,554510,319785,3500,18000,,,,,,,Terrington St Clement,http://data.ordnancesurvey.co.uk/id/4000000074548395,http://www.ordnancesurvey.co.uk/xml/codelists/localtype.xml#otherSettlement,King's Lynn and West Norfolk,http://data.ordnancesurvey.co.uk/id/7000000000007016,http://data.ordnancesurvey.co.uk/ontology/admingeo/District,Norfolk,http://data.ordnancesurvey.co.uk/id/7000000000007238,http://data.ordnancesurvey.co.uk/ontology/admingeo/County,Eastern,http://data.ordnancesurvey.co.uk/id/7000000000041425,England,http://data.ordnancesurvey.co.uk/id/country/england,,,
PE131SH,http://data.ordnancesurvey.co.uk/id/postcodeunit/PE131SH,PE13 1SH,,,,other,Postcode,545109,310382,3500,18000,,,,,,,Wisbech,http://data.ordnancesurvey.co.uk/id/4000000074551318,http://www.ordnancesurvey.co.uk/xml/codelists/localtype.xml#town,Fenland,http://data.ordnancesurvey.co.uk/id/7000000000001357,http://data.ordnancesurvey.co.uk/ontology/admingeo/District,Cambridgeshire,http://data.ordnancesurvey.co.uk/id/7000000000001386,http://data.ordnancesurvey.co.uk/ontology/admingeo/County,Eastern,http://data.ordnancesurvey.co.uk/id/7000000000041425,England,http://data.ordnancesurvey.co.uk/id/country/england,,,
PE148PD,http://data.ordnancesurvey.co.uk/id/postcodeunit/PE148PD,PE14 8PD,,,,other,Postcode,551399,304554,3500,18000,,,,,,,Outwell,http://data.ordnancesurvey.co.uk/id/4000000074548389,http://www.ordnancesurvey.co.uk/xml/codelists/localtype.xml#village,King's Lynn and West Norfolk,http://data.ordnancesurvey.co.uk/id/7000000000007016,http://data.ordnancesurvey.co.uk/ontology/admingeo/District,Norfolk,http://data.ordnancesurvey.co.uk/id/7000000000007238,http://data.ordnancesurvey.co.uk/ontology/admingeo/County,Eastern,http://data.ordnancesurvey.co.uk/id/7000000000041425,England,http://data.ordnancesurvey.co.uk/id/country/england,,,
PE344SG,http://data.ordnancesurvey.co.uk/id/postcodeunit/PE344SG,PE34 4SG,,,,other,Postcode,558896,317385,3500,18000,,,,,,,,,,King's Lynn and West Norfolk,http://data.ordnancesurvey.co.uk/id/7000000000007016,http://data.ordnancesurvey.co.uk/ontology/admingeo/District,Norfolk,http://data.ordnancesurvey.co.uk/id/7000000000007238,http://data.ordnancesurvey.co.uk/ontology/admingeo/County,Eastern,http://data.ordnancesurvey.co.uk/id/7000000000041425,England,http://data.ordnancesurvey.co.uk/id/country/england,,,
PE132FG,http://data.ordnancesurvey.co.uk/id/postcodeunit/PE132FG,PE13 2FG,,,,other,Postcode,546568,308914,3500,18000,,,,,,,Wisbech,http://data.ordnancesurvey.co.uk/id/4000000074551318,http://www.ordnancesurvey.co.uk/xml/codelists/localtype.xml#town,Fenland,http://data.ordnancesurvey.co.uk/id/7000000000001357,http://data.ordnancesurvey.co.uk/ontology/admingeo/District,Cambridgeshire,http://data.ordnancesurvey.co.uk/id/7000000000001386,http://data.ordnancesurvey.co.uk/ontology/admingeo/County,Eastern,http://data.ordnancesurvey.co.uk/id/7000000000041425,England,http://data.ordnancesurvey.co.uk/id/country/england,,,
PE344HD,http://data.ordnancesurvey.co.uk/id/postcodeunit/PE344HD,PE34 4HD,,,,other,Postcode,552045,319934,3500,18000,,,,,,,Walpole Cross Keys,http://data.ordnancesurvey.co.uk/id/4000000074548396,http://www.ordnancesurvey.co.uk/xml/codelists/localtype.xml#village,King's Lynn and West Norfolk,http://data.ordnancesurvey.co.uk/id/7000000000007016,http://data.ordnancesurvey.co.uk/ontology/admingeo/District,Norfolk,http://data.ordnancesurvey.co.uk/id/7000000000007238,http://data.ordnancesurvey.co.uk/ontology/admingeo/County,Eastern,http://data.ordnancesurvey.co.uk/id/7000000000041425,England,http://data.ordnancesurvey.co.uk/id/country/england,,,
PE144EJ,http://data.ordnancesurvey.co.uk/id/postcodeunit/PE144EJ,PE14 4EJ,,,,other,Postcode,545574,308434,3500,18000,,,,,,,Wisbech,http://data.ordnancesurvey.co.uk/id/4000000074551318,http://www.ordnancesurvey.co.uk/xml/codelists/localtype.xml#town,Fenland,http://data.ordnancesurvey.co.uk/id/7000000000001357,http://data.ordnancesurvey.co.uk/ontology/admingeo/District,Cambridgeshire,http://data.ordnancesurvey.co.uk/id/7000000000001386,http://data.ordnancesurvey.co.uk/ontology/admingeo/County,Eastern,http://data.ordnancesurvey.co.uk/id/7000000000041425,England,http://data.ordnancesurvey.co.uk/id/country/england,,,
PE131LD,http://data.ordnancesurvey.co.uk/id/postcodeunit/PE131LD,PE13 1LD,,,,other,Postcode,545199,309476,3500,18000,,,,,,,Wisbech,http://data.ordnancesurvey.co.uk/id/4000000074551318,http://www.ordnancesurvey.co.uk/xml/codelists/localtype.xml#town,Fenland,http://data.ordnancesurvey.co.uk/id/7000000000001357,http://data.ordnancesurvey.co.uk/ontology/admingeo/District,Cambridgeshire,http://data.ordnancesurvey.co.uk/id/7000000000001386,http://data.ordnancesurvey.co.uk/ontology/admingeo/County,Eastern,http://data.ordnancesurvey.co.uk/id/7000000000041425,England,http://data.ordnancesurvey.co.uk/id/country/england,,,
PE134RT,http://data.ordnancesurvey.co.uk/id/postcodeunit/PE134RT,PE13 4RT,,,,other,Postcode,542265,308421,3500,18000,,,,,,,Wisbech St Mary,http://data.ordnancesurvey.co.uk/id/4000000074551315,http://www.ordnancesurvey.co.uk/xml/codelists/localtype.xml#village,Fenland,http://data.ordnancesurvey.co.uk/id/7000000000001357,http://data.ordnancesurvey.co.uk/ontology/admingeo/District,Cambridgeshire,http://data.ordnancesurvey.co.uk/id/7000000000001386,http://data.ordnancesurvey.co.uk/ontology/admingeo/County,Eastern,http://data.ordnancesurvey.co.uk/id/7000000000041425,England,http://data.ordnancesurvey.co.uk/id/country/england,,,
PE380BG,http://data.ordnancesurvey.co.uk/id/postcodeunit/PE380BG,PE38 0BG,,,,other,Postcode,555578,301021,3500,18000,,,,,,,Nordelph,http://data.ordnancesurvey.co.uk/id/4000000074550935,http://www.ordnancesurvey.co.uk/xml/codelists/localtype.xml#village,King's Lynn and West Norfolk,http://data.ordnancesurvey.co.uk/id/7000000000007016,http://data.ordnancesurvey.co.uk/ontology/admingeo/District,Norfolk,http://data.ordnancesurvey.co.uk/id/7000000000007238,http://data.ordnancesurvey.co.uk/ontology/admingeo/County,Eastern,http://data.ordnancesurvey.co.uk/id/7000000000041425,England,http://data.ordnancesurvey.co.uk/id/country/england,,,
PE135DT,http://data.ordnancesurvey.co.uk/id/postcodeunit/PE135DT,PE13 5DT,,,,other,Postcode,545107,311785,3500,18000,,,,,,,Wisbech,http://data.ordnancesurvey.co.uk/id/4000000074551318,http://www.ordnancesurvey.co.uk/xml/codelists/localtype.xml#town,Fenland,http://data.ordnancesurvey.co.uk/id/7000000000001357,http://data.ordnancesurvey.co.uk/ontology/admingeo/District,Cambridgeshire,http://data.ordnancesurvey.co.uk/id/7000000000001386,http://data.ordnancesurvey.co.uk/ontology/admingeo/County,Eastern,http://data.ordnancesurvey.co.uk/id/7000000000041425,England,http://data.ordnancesurvey.co.uk/id/country/england,,,
PE380BL,http://data.ordnancesurvey.co.uk/id/postcodeunit/PE380BL,PE38 0BL,,,,other,Postcode,555783,300952,3500,18000,,,,,,,Nordelph,http://data.ordnancesurvey.co.uk/id/4000000074550935,http://www.ordnancesurvey.co.uk/xml/codelists/localtype.xml#village,King's Lynn and West Norfolk,http://data.ordnancesurvey.co.uk/id/7000000000007016,http://data.ordnancesurvey.co.uk/ontology/admingeo/District,Norfolk,http://data.ordnancesurvey.co.uk/id/7000000000007238,http://data.ordnancesurvey.co.uk/ontology/admingeo/County,Eastern,http://data.ordnancesurvey.co.uk/id/7000000000041425,England,http://data.ordnancesurvey.co.uk/id/country/england,,,
PE133RA,http://data.ordnancesurvey.co.uk/id/postcodeunit/PE133RA,PE13 3RA,,,,other,Postcode,547641,310481,3500,18000,,,,,,,Wisbech,http://data.ordnancesurvey.co.uk/id/4000000074551318,http://www.ordnancesurvey.co.uk/xml/codelists/localtype.xml#town,Fenland,http://data.ordnancesurvey.co.uk/id/7000000000001357,http://data.ordnancesurvey.co.uk/ontology/admingeo/District,Cambridgeshire,http://data.ordnancesurvey.co.uk/id/7000000000001386,http://data.ordnancesurvey.co.uk/ontology/admingeo/County,Eastern,http://data.ordnancesurvey.co.uk/id/7000000000041425,England,http://data.ordnancesurvey.co.uk/id/country/england,,,
PE134QF,http://data.ordnancesurvey.co.uk/id/postcodeunit/PE134QF,PE13 4QF,,,,other,Postcode,540906,312378,3500,18000,,,,,,,,,,Fenland,http://data.ordnancesurvey.co.uk/id/7000000000001357,http://data.ordnancesurvey.co.uk/ontology/admingeo/District,Cambridgeshire,http://data.ordnancesurvey.co.uk/id/7000000000001386,http://data.ordnancesurvey.co.uk/ontology/admingeo/County,Eastern,http://data.ordnancesurvey.co.uk/id/7000000000041425,England,http://data.ordnancesurvey.co.uk/id/country/england,,,
PE133UF,http://data.ordnancesurvey.co.uk/id/postcodeunit/PE133UF,PE13 3UF,,,,other,Postcode,547575,310287,3500,18000,,,,,,,Wisbech,http://data.ordnancesurvey.co.uk/id/4000000074551318,http://www.ordnancesurvey.co.uk/xml/codelists/localtype.xml#town,Fenland,http://data.ordnancesurvey.co.uk/id/7000000000001357,http://data.ordnancesurvey.co.uk/ontology/admingeo/District,Cambridgeshire,http://data.ordnancesurvey.co.uk/id/7000000000001386,http://data.ordnancesurvey.co.uk/ontology/admingeo/County,Eastern,http://data.ordnancesurvey.co.uk/id/7000000000041425,England,http://data.ordnancesurvey.co.uk/id/country/england,,,
PE147HA,http://data.ordnancesurvey.co.uk/id/postcodeunit/PE147HA,PE14 7HA,,,,other,Postcode,547972,313118,3500,18000,,,,,,,West Walton,http://data.ordnancesurvey.co.uk/id/4000000074552041,http://www.ordnancesurvey.co.uk/xml/codelists/localtype.xml#village,King's Lynn and West Norfolk,http://data.ordnancesurvey.co.uk/id/7000000000007016,http://data.ordnancesurvey.co.uk/ontology/admingeo/District,Norfolk,http://data.ordnancesurvey.co.uk/id/7000000000007238,http://data.ordnancesurvey.co.uk/ontology/admingeo/County,Eastern,http://data.ordnancesurvey.co.uk/id/7000000000041425,England,http://data.ordnancesurvey.co.uk/id/country/england,,,
PE140LB,http://data.ordnancesurvey.co.uk/id/postcodeunit/PE140LB,PE14 0LB,,,,other,Postcode,547872,304195,3500,18000,,,,,,,,,,Fenland,http://data.ordnancesurvey.co.uk/id/7000000000001357,http://data.ordnancesurvey.co.uk/ontology/admingeo/District,Cambridgeshire,http://data.ordnancesurvey.co.uk/id/7000000000001386,http://data.ordnancesurvey.co.uk/ontology/admingeo/County,Eastern,http://data.ordnancesurvey.co.uk/id/7000000000041425,England,http://data.ordnancesurvey.co.uk/id/country/england,,,
PE135AQ,http://data.ordnancesurvey.co.uk/id/postcodeunit/PE135AQ,PE13 5AQ,,,,other,Postcode,545349,310853,3500,18000,,,,,,,Wisbech,http://data.ordnancesurvey.co.uk/id/4000000074551318,http://www.ordnancesurvey.co.uk/xml/codelists/localtype.xml#town,Fenland,http://data.ordnancesurvey.co.uk/id/7000000000001357,http://data.ordnancesurvey.co.uk/ontology/admingeo/District,Cambridgeshire,http://data.ordnancesurvey.co.uk/id/7000000000001386,http://data.ordnancesurvey.co.uk/ontology/admingeo/County,Eastern,http://data.ordnancesurvey.co.uk/id/7000000000041425,England,http://data.ordnancesurvey.co.uk/id/country/england,,,
PE135AR,http://data.ordnancesurvey.co.uk/id/postcodeunit/PE135AR,PE13 5AR,,,,other,Postcode,544451,312047,3500,18000,,,,,,,Leverington,http://data.ordnancesurvey.co.uk/id/4000000074551313,http://www.ordnancesurvey.co.uk/xml/codelists/localtype.xml#village,Fenland,http://data.ordnancesurvey.co.uk/id/7000000000001357,http://data.ordnancesurvey.co.uk/ontology/admingeo/District,Cambridgeshire,http://data.ordnancesurvey.co.uk/id/7000000000001386,http://data.ordnancesurvey.co.uk/ontology/admingeo/County,Eastern,http://data.ordnancesurvey.co.uk/id/7000000000041425,England,http://data.ordnancesurvey.co.uk/id/country/england,,,
PE134UE,http://data.ordnancesurvey.co.uk/id/postcodeunit/PE134UE,PE13 4UE,,,,other,Postcode,541638,306555,3500,18000,,,,,,,,,,Fenland,http://data.ordnancesurvey.co.uk/id/7000000000001357,http://data.ordnancesurvey.co.uk/ontology/admingeo/District,Cambridgeshire,http://data.ordnancesurvey.co.uk/id/7000000000001386,http://data.ordnancesurvey.co.uk/ontology/admingeo/County,Eastern,http://data.ordnancesurvey.co.uk/id/7000000000041425,England,http://data.ordnancesurvey.co.uk/id/country/england,,,
PE133NL,http://data.ordnancesurvey.co.uk/id/postcodeunit/PE133NL,PE13 3NL,,,,other,Postcode,546335,311052,3500,18000,,,,,,,Wisbech,http://data.ordnancesurvey.co.uk/id/4000000074551318,http://www.ordnancesurvey.co.uk/xml/codelists/localtype.xml#town,Fenland,http://data.ordnancesurvey.co.uk/id/7000000000001357,http://data.ordnancesurvey.co.uk/ontology/admingeo/District,Cambridgeshire,http://data.ordnancesurvey.co.uk/id/7000000000001386,http://data.ordnancesurvey.co.uk/ontology/admingeo/County,Eastern,http://data.ordnancesurvey.co.uk/id/7000000000041425,England,http://data.ordnancesurvey.co.uk/id/country/england,,,
PE131LS,http://data.ordnancesurvey.co.uk/id/postcodeunit/PE131LS,PE13 1LS,,,,other,Postcode,545266,309162,3500,18000,,,,,,,Wisbech,http://data.ordnancesurvey.co.uk/id/4000000074551318,http://www.ordnancesurvey.co.uk/xml/codelists/localtype.xml#town,Fenland,http://data.ordnancesurvey.co.uk/id/7000000000001357,http://data.ordnancesurvey.co.uk/ontology/admingeo/District,Cambridgeshire,http://data.ordnancesurvey.co.uk/id/7000000000001386,http://data.ordnancesurvey.co.uk/ontology/admingeo/County,Eastern,http://data.ordnancesurvey.co.uk/id/7000000000041425,England,http://data.ordnancesurvey.co.uk/id/country/england,,,
PE135BJ,http://data.ordnancesurvey.co.uk/id/postcodeunit/PE135BJ,PE13 5BJ,,,,other,Postcode,544027,310643,3500,18000,,,,,,,Leverington,http://data.ordnancesurvey.co.uk/id/4000000074551313,http://www.ordnancesurvey.co.uk/xml/codelists/localtype.xml#village,Fenland,http://data.ordnancesurvey.co.uk/id/7000000000001357,http://data.ordnancesurvey.co.uk/ontology/admingeo/District,Cambridgeshire,http://data.ordnancesurvey.co.uk/id/7000000000001386,http://data.ordnancesurvey.co.uk/ontology/admingeo/County,Eastern,http://data.ordnancesurvey.co.uk/id/7000000000041425,England,http://data.ordnancesurvey.co.uk/id/country/england,,,
PE132HB,http://data.ordnancesurvey.co.uk/id/postcodeunit/PE132HB,PE13 2HB,,,,other,Postcode,546502,309496,3500,18000,,,,,,,Wisbech,http://data.ordnancesurvey.co.uk/id/4000000074551318,http://www.ordnancesurvey.co.uk/xml/codelists/localtype.xml#town,Fenland,http://data.ordnancesurvey.co.uk/id/7000000000001357,http://data.ordnancesurvey.co.uk/ontology/admingeo/District,Cambridgeshire,http://data.ordnancesurvey.co.uk/id/7000000000001386,http://data.ordnancesurvey.co.uk/ontology/admingeo/County,Eastern,http://data.ordnancesurvey.co.uk/id/7000000000041425,England,http://data.ordnancesurvey.co.uk/id/country/england,,,
PE132LQ,http://data.ordnancesurvey.co.uk/id/postcodeunit/PE132LQ,PE13 2LQ,,,,other,Postcode,546358,309098,3500,18000,,,,,,,Wisbech,http://data.ordnancesurvey.co.uk/id/4000000074551318,http://www.ordnancesurvey.co.uk/xml/codelists/localtype.xml#town,Fenland,http://data.ordnancesurvey.co.uk/id/7000000000001357,http://data.ordnancesurvey.co.uk/ontology/admingeo/District,Cambridgeshire,http://data.ordnancesurvey.co.uk/id/7000000000001386,http://data.ordnancesurvey.co.uk/ontology/admingeo/County,Eastern,http://data.ordnancesurvey.co.uk/id/7000000000041425,England,http://data.ordnancesurvey.co.uk/id/country/england,,,
PE133LT,http://data.ordnancesurvey.co.uk/id/postcodeunit/PE133LT,PE13 3LT,,,,other,Postcode,546304,310564,3500,18000,,,,,,,Wisbech,http://data.ordnancesurvey.co.uk/id/4000000074551318,http://www.ordnancesurvey.co.uk/xml/codelists/localtype.xml#town,Fenland,http://data.ordnancesurvey.co.uk/id/7000000000001357,http://data.ordnancesurvey.co.uk/ontology/admingeo/District,Cambridgeshire,http://data.ordnancesurvey.co.uk/id/7000000000001386,http://data.ordnancesurvey.co.uk/ontology/admingeo/County,Eastern,http://data.ordnancesurvey.co.uk/id/7000000000041425,England,http://data.ordnancesurvey.co.uk/id/country/england,,,
PE134RG,http://data.ordnancesurvey.co.uk/id/postcodeunit/PE134RG,PE13 4RG,,,,other,Postcode,541766,307894,3500,18000,,,,,,,Wisbech St Mary,http://data.ordnancesurvey.co.uk/id/4000000074551315,http://www.ordnancesurvey.co.uk/xml/codelists/localtype.xml#village,Fenland,http://data.ordnancesurvey.co.uk/id/7000000000001357,http://data.ordnancesurvey.co.uk/ontology/admingeo/District,Cambridgeshire,http://data.ordnancesurvey.co.uk/id/7000000000001386,http://data.ordnancesurvey.co.uk/ontology/admingeo/County,Eastern,http://data.ordnancesurvey.co.uk/id/7000000000041425,England,http://data.ordnancesurvey.co.uk/id/country/england,,,
PE135TB,http://data.ordnancesurvey.co.uk/id/postcodeunit/PE135TB,PE13 5TB,,,,other,Postcode,543035,311907,3500,18000,,,,,,,,,,Fenland,http://data.ordnancesurvey.co.uk/id/7000000000001357,http://data.ordnancesurvey.co.uk/ontology/admingeo/District,Cambridgeshire,http://data.ordnancesurvey.co.uk/id/7000000000001386,http://data.ordnancesurvey.co.uk/ontology/admingeo/County,Eastern,http://data.ordnancesurvey.co.uk/id/7000000000041425,England,http://data.ordnancesurvey.co.uk/id/country/england,,,
PE343FG,http://data.ordnancesurvey.co.uk/id/postcodeunit/PE343FG,PE34 3FG,,,,other,Postcode,559219,313915,3500,18000,,,,,,,Wiggenhall St Germans,http://data.ordnancesurvey.co.uk/id/4000000074550213,http://www.ordnancesurvey.co.uk/xml/codelists/localtype.xml#village,King's Lynn and West Norfolk,http://data.ordnancesurvey.co.uk/id/7000000000007016,http://data.ordnancesurvey.co.uk/ontology/admingeo/District,Norfolk,http://data.ordnancesurvey.co.uk/id/7000000000007238,http://data.ordnancesurvey.co.uk/ontology/admingeo/County,Eastern,http://data.ordnancesurvey.co.uk/id/7000000000041425,England,http://data.ordnancesurvey.co.uk/id/country/england,,,
PE135TQ,http://data.ordnancesurvey.co.uk/id/postcodeunit/PE135TQ,PE13 5TQ,,,,other,Postcode,543727,310675,3500,18000,,,,,,,Leverington,http://data.ordnancesurvey.co.uk/id/4000000074551313,http://www.ordnancesurvey.co.uk/xml/codelists/localtype.xml#village,Fenland,http://data.ordnancesurvey.co.uk/id/7000000000001357,http://data.ordnancesurvey.co.uk/ontology/admingeo/District,Cambridgeshire,http://data.ordnancesurvey.co.uk/id/7000000000001386,http://data.ordnancesurvey.co.uk/ontology/admingeo/County,Eastern,http://data.ordnancesurvey.co.uk/id/7000000000041425,England,http://data.ordnancesurvey.co.uk/id/country/england,,,
PE344RU,http://data.ordnancesurvey.co.uk/id/postcodeunit/PE344RU,PE34 4RU,,,,other,Postcode,555423,316116,3500,18000,,,,,,,,,,King's Lynn and West Norfolk,http://data.ordnancesurvey.co.uk/id/7000000000007016,http://data.ordnancesurvey.co.uk/ontology/admingeo/District,Norfolk,http://data.ordnancesurvey.co.uk/id/7000000000007238,http://data.ordnancesurvey.co.uk/ontology/admingeo/County,Eastern,http://data.ordnancesurvey.co.uk/id/7000000000041425,England,http://data.ordnancesurvey.co.uk/id/country/england,,,
PE147QS,http://data.ordnancesurvey.co.uk/id/postcodeunit/PE147QS,PE14 7QS,,,,other,Postcode,552603,315375,3500,18000,,,,,,,,,,King's Lynn and West Norfolk,http://data.ordnancesurvey.co.uk/id/7000000000007016,http://data.ordnancesurvey.co.uk/ontology/admingeo/District,Norfolk,http://data.ordnancesurvey.co.uk/id/7000000000007238,http://data.ordnancesurvey.co.uk/ontology/admingeo/County,Eastern,http://data.ordnancesurvey.co.uk/id/7000000000041425,England,http://data.ordnancesurvey.co.uk/id/country/england,,,
PE135HW,http://data.ordnancesurvey.co.uk/id/postcodeunit/PE135HW,PE13 5HW,,,,other,Postcode,543567,314587,3500,18000,,,,,,,Newton-in-the-Isle,http://data.ordnancesurvey.co.uk/id/4000000074548769,http://www.ordnancesurvey.co.uk/xml/codelists/localtype.xml#village,Fenland,http://data.ordnancesurvey.co.uk/id/7000000000001357,http://data.ordnancesurvey.co.uk/ontology/admingeo/District,Cambridgeshire,http://data.ordnancesurvey.co.uk/id/7000000000001386,http://data.ordnancesurvey.co.uk/ontology/admingeo/County,Eastern,http://data.ordnancesurvey.co.uk/id/7000000000041425,England,http://data.ordnancesurvey.co.uk/id/country/england,,,
PE344EQ,http://data.ordnancesurvey.co.uk/id/postcodeunit/PE344EQ,PE34 4EQ,,,,other,Postcode,559300,319955,3500,18000,,,,,,,Clenchwarton,http://data.ordnancesurvey.co.uk/id/4000000074548398,http://www.ordnancesurvey.co.uk/xml/codelists/localtype.xml#village,King's Lynn and West Norfolk,http://data.ordnancesurvey.co.uk/id/7000000000007016,http://data.ordnancesurvey.co.uk/ontology/admingeo/District,Norfolk,http://data.ordnancesurvey.co.uk/id/7000000000007238,http://data.ordnancesurvey.co.uk/ontology/admingeo/County,Eastern,http://data.ordnancesurvey.co.uk/id/7000000000041425,England,http://data.ordnancesurvey.co.uk/id/country/england,,,
PE147JU,http://data.ordnancesurvey.co.uk/id/postcodeunit/PE147JU,PE14 7JU,,,,other,Postcode,549997,319961,3500,18000,,,,,,,,,,South Holland,http://data.ordnancesurvey.co.uk/id/7000000000005599,http://data.ordnancesurvey.co.uk/ontology/admingeo/District,Lincolnshire,http://data.ordnancesurvey.co.uk/id/7000000000005942,http://data.ordnancesurvey.co.uk/ontology/admingeo/County,East Midlands,http://data.ordnancesurvey.co.uk/id/7000000000041423,England,http://data.ordnancesurvey.co.uk/id/country/england,,,
PE140BD,http://data.ordnancesurvey.co.uk/id/postcodeunit/PE140BD,PE14 0BD,,,,other,Postcode,545523,306034,3500,18000,,,,,,,,,,Fenland,http://data.ordnancesurvey.co.uk/id/7000000000001357,http://data.ordnancesurvey.co.uk/ontology/admingeo/District,Cambridgeshire,http://data.ordnancesurvey.co.uk/id/7000000000001386,http://data.ordnancesurvey.co.uk/ontology/admingeo/County,Eastern,http://data.ordnancesurvey.co.uk/id/7000000000041425,England,http://data.ordnancesurvey.co.uk/id/country/england,,,
PE132UF,http://data.ordnancesurvey.co.uk/id/postcodeunit/PE132UF,PE13 2UF,,,,other,Postcode,547209,308443,3500,18000,,,,,,,Wisbech,http://data.ordnancesurvey.co.uk/id/4000000074551318,http://www.ordnancesurvey.co.uk/xml/codelists/localtype.xml#town,Fenland,http://data.ordnancesurvey.co.uk/id/7000000000001357,http://data.ordnancesurvey.co.uk/ontology/admingeo/District,Cambridgeshire,http://data.ordnancesurvey.co.uk/id/7000000000001386,http://data.ordnancesurvey.co.uk/ontology/admingeo/County,Eastern,http://data.ordnancesurvey.co.uk/id/7000000000041425,England,http://data.ordnancesurvey.co.uk/id/country/england,,,
PE344EX,http://data.ordnancesurvey.co.uk/id/postcodeunit/PE344EX,PE34 4EX,,,,other,Postcode,553195,319790,3500,18000,,,,,,,,,,King's Lynn and West Norfolk,http://data.ordnancesurvey.co.uk/id/7000000000007016,http://data.ordnancesurvey.co.uk/ontology/admingeo/District,Norfolk,http://data.ordnancesurvey.co.uk/id/7000000000007238,http://data.ordnancesurvey.co.uk/ontology/admingeo/County,Eastern,http://data.ordnancesurvey.co.uk/id/7000000000041425,England,http://data.ordnancesurvey.co.uk/id/country/england,,,
PE147NY,http://data.ordnancesurvey.co.uk/id/postcodeunit/PE147NY,PE14 7NY,,,,other,Postcode,550698,316987,3500,18000,,,,,,,Walpole St Peter,http://data.ordnancesurvey.co.uk/id/4000000074550943,http://www.ordnancesurvey.co.uk/xml/codelists/localtype.xml#village,King's Lynn and West Norfolk,http://data.ordnancesurvey.co.uk/id/7000000000007016,http://data.ordnancesurvey.co.uk/ontology/admingeo/District,Norfolk,http://data.ordnancesurvey.co.uk/id/7000000000007238,http://data.ordnancesurvey.co.uk/ontology/admingeo/County,Eastern,http://data.ordnancesurvey.co.uk/id/7000000000041425,England,http://data.ordnancesurvey.co.uk/id/country/england,,,
PE132QH,http://data.ordnancesurvey.co.uk/id/postcodeunit/PE132QH,PE13 2QH,,,,other,Postcode,546331,308931,3500,18000,,,,,,,Wisbech,http://data.ordnancesurvey.co.uk/id/4000000074551318,http://www.ordnancesurvey.co.uk/xml/codelists/localtype.xml#town,Fenland,http://data.ordnancesurvey.co.uk/id/7000000000001357,http://data.ordnancesurvey.co.uk/ontology/admingeo/District,Cambridgeshire,http://data.ordnancesurvey.co.uk/id/7000000000001386,http://data.ordnancesurvey.co.uk/ontology/admingeo/County,Eastern,http://data.ordnancesurvey.co.uk/id/7000000000041425,England,http://data.ordnancesurvey.co.uk/id/country/england,,,
PE380AJ,http://data.ordnancesurvey.co.uk/id/postcodeunit/PE380AJ,PE38 0AJ,,,,other,Postcode,557684,304133,3500,18000,,,,,,,Barroway Drove,http://data.ordnancesurvey.co.uk/id/4000000074327856,http://www.ordnancesurvey.co.uk/xml/codelists/localtype.xml#village,King's Lynn and West Norfolk,http://data.ordnancesurvey.co.uk/id/7000000000007016,http://data.ordnancesurvey.co.uk/ontology/admingeo/District,Norfolk,http://data.ordnancesurvey.co.uk/id/7000000000007238,http://data.ordnancesurvey.co.uk/ontology/admingeo/County,Eastern,http://data.ordnancesurvey.co.uk/id/7000000000041425,England,http://data.ordnancesurvey.co.uk/id/country/england,,,
PE140NP,http://data.ordnancesurvey.co.uk/id/postcodeunit/PE140NP,PE14 0NP,,,,other,Postcode,543346,304069,3500,18000,,,,,,,,,,Fenland,http://data.ordnancesurvey.co.uk/id/7000000000001357,http://data.ordnancesurvey.co.uk/ontology/admingeo/District,Cambridgeshire,http://data.ordnancesurvey.co.uk/id/7000000000001386,http://data.ordnancesurvey.co.uk/ontology/admingeo/County,Eastern,http://data.ordnancesurvey.co.uk/id/7000000000041425,England,http://data.ordnancesurvey.co.uk/id/country/england,,,
PE134NX,http://data.ordnancesurvey.co.uk/id/postcodeunit/PE134NX,PE13 4NX,,,,other,Postcode,540879,309854,3500,18000,,,,,,,,,,Fenland,http://data.ordnancesurvey.co.uk/id/7000000000001357,http://data.ordnancesurvey.co.uk/ontology/admingeo/District,Cambridgeshire,http://data.ordnancesurvey.co.uk/id/7000000000001386,http://data.ordnancesurvey.co.uk/ontology/admingeo/County,Eastern,http://data.ordnancesurvey.co.uk/id/7000000000041425,England,http://data.ordnancesurvey.co.uk/id/country/england,,,
PE148JE,http://data.ordnancesurvey.co.uk/id/postcodeunit/PE148JE,PE14 8JE,,,,other,Postcode,553248,310259,3500,18000,,,,,,,St John's Fen End,http://data.ordnancesurvey.co.uk/id/4000000074548752,http://www.ordnancesurvey.co.uk/xml/codelists/localtype.xml#village,King's Lynn and West Norfolk,http://data.ordnancesurvey.co.uk/id/7000000000007016,http://data.ordnancesurvey.co.uk/ontology/admingeo/District,Norfolk,http://data.ordnancesurvey.co.uk/id/7000000000007238,http://data.ordnancesurvey.co.uk/ontology/admingeo/County,Eastern,http://data.ordnancesurvey.co.uk/id/7000000000041425,England,http://data.ordnancesurvey.co.uk/id/country/england,,,
PE149AA,http://data.ordnancesurvey.co.uk/id/postcodeunit/PE149AA,PE14 9AA,,,,other,Postcode,550544,302760,3500,18000,,,,,,,Upwell,http://data.ordnancesurvey.co.uk/id/4000000074550938,http://www.ordnancesurvey.co.uk/xml/codelists/localtype.xml#village,King's Lynn and West Norfolk,http://data.ordnancesurvey.co.uk/id/7000000000007016,http://data.ordnancesurvey.co.uk/ontology/admingeo/District,Norfolk,http://data.ordnancesurvey.co.uk/id/7000000000007238,http://data.ordnancesurvey.co.uk/ontology/admingeo/County,Eastern,http://data.ordnancesurvey.co.uk/id/7000000000041425,England,http://data.ordnancesurvey.co.uk/id/country/england,,,
PE135QS,http://data.ordnancesurvey.co.uk/id/postcodeunit/PE135QS,PE13 5QS,,,,other,Postcode,543598,318694,3500,18000,,,,,,,Tydd St Mary,http://data.ordnancesurvey.co.uk/id/4000000074548410,http://www.ordnancesurvey.co.uk/xml/codelists/localtype.xml#village,South Holland,http://data.ordnancesurvey.co.uk/id/7000000000005599,http://data.ordnancesurvey.co.uk/ontology/admingeo/District,Lincolnshire,http://data.ordnancesurvey.co.uk/id/7000000000005942,http://data.ordnancesurvey.co.uk/ontology/admingeo/County,East Midlands,http://data.ordnancesurvey.co.uk/id/7000000000041423,England,http://data.ordnancesurvey.co.uk/id/country/england,,,
PE140EB,http://data.ordnancesurvey.co.uk/id/postcodeunit/PE140EB,PE14 0EB,,,,other,Postcode,547631,308079,3500,18000,,,,,,,,,,King's Lynn and West Norfolk,http://data.ordnancesurvey.co.uk/id/7000000000007016,http://data.ordnancesurvey.co.uk/ontology/admingeo/District,Norfolk,http://data.ordnancesurvey.co.uk/id/7000000000007238,http://data.ordnancesurvey.co.uk/ontology/admingeo/County,Eastern,http://data.ordnancesurvey.co.uk/id/7000000000041425,England,http://data.ordnancesurvey.co.uk/id/country/england,,,
PE135BE,http://data.ordnancesurvey.co.uk/id/postcodeunit/PE135BE,PE13 5BE,,,,other,Postcode,543564,311988,3500,18000,,,,,,,,,,Fenland,http://data.ordnancesurvey.co.uk/id/7000000000001357,http://data.ordnancesurvey.co.uk/ontology/admingeo/District,Cambridgeshire,http://data.ordnancesurvey.co.uk/id/7000000000001386,http://data.ordnancesurvey.co.uk/ontology/admingeo/County,Eastern,http://data.ordnancesurvey.co.uk/id/7000000000041425,England,http://data.ordnancesurvey.co.uk/id/country/england,,,
PE132EN,http://data.ordnancesurvey.co.uk/id/postcodeunit/PE132EN,PE13 2EN,,,,other,Postcode,546877,310093,3500,18000,,,,,,,Wisbech,http://data.ordnancesurvey.co.uk/id/4000000074551318,http://www.ordnancesurvey.co.uk/xml/codelists/localtype.xml#town,Fenland,http://data.ordnancesurvey.co.uk/id/7000000000001357,http://data.ordnancesurvey.co.uk/ontology/admingeo/District,Cambridgeshire,http://data.ordnancesurvey.co.uk/id/7000000000001386,http://data.ordnancesurvey.co.uk/ontology/admingeo/County,Eastern,http://data.ordnancesurvey.co.uk/id/7000000000041425,England,http://data.ordnancesurvey.co.uk/id/country/england,,,
PE343FL,http://data.ordnancesurvey.co.uk/id/postcodeunit/PE343FL,PE34 3FL,,,,other,Postcode,559167,313801,3500,18000,,,,,,,Wiggenhall St Germans,http://data.ordnancesurvey.co.uk/id/4000000074550213,http://www.ordnancesurvey.co.uk/xml/codelists/localtype.xml#village,King's Lynn and West Norfolk,http://data.ordnancesurvey.co.uk/id/7000000000007016,http://data.ordnancesurvey.co.uk/ontology/admingeo/District,Norfolk,http://data.ordnancesurvey.co.uk/id/7000000000007238,http://data.ordnancesurvey.co.uk/ontology/admingeo/County,Eastern,http://data.ordnancesurvey.co.uk/id/7000000000041425,England,http://data.ordnancesurvey.co.uk/id/country/england,,,
PE134SX,http://data.ordnancesurvey.co.uk/id/postcodeunit/PE134SX,PE13 4SX,,,,other,Postcode,541920,308252,3500,18000,,,,,,,Wisbech St Mary,http://data.ordnancesurvey.co.uk/id/4000000074551315,http://www.ordnancesurvey.co.uk/xml/codelists/localtype.xml#village,Fenland,http://data.ordnancesurvey.co.uk/id/7000000000001357,http://data.ordnancesurvey.co.uk/ontology/admingeo/District,Cambridgeshire,http://data.ordnancesurvey.co.uk/id/7000000000001386,http://data.ordnancesurvey.co.uk/ontology/admingeo/County,Eastern,http://data.ordnancesurvey.co.uk/id/7000000000041425,England,http://data.ordnancesurvey.co.uk/id/country/england,,,
PE147DS,http://data.ordnancesurvey.co.uk/id/postcodeunit/PE147DS,PE14 7DS,,,,other,Postcode,548808,313142,3500,18000,,,,,,,Walton Highway,http://data.ordnancesurvey.co.uk/id/4000000074552040,http://www.ordnancesurvey.co.uk/xml/codelists/localtype.xml#village,King's Lynn and West Norfolk,http://data.ordnancesurvey.co.uk/id/7000000000007016,http://data.ordnancesurvey.co.uk/ontology/admingeo/District,Norfolk,http://data.ordnancesurvey.co.uk/id/7000000000007238,http://data.ordnancesurvey.co.uk/ontology/admingeo/County,Eastern,http://data.ordnancesurvey.co.uk/id/7000000000041425,England,http://data.ordnancesurvey.co.uk/id/country/england,,,
PE135LU,http://data.ordnancesurvey.co.uk/id/postcodeunit/PE135LU,PE13 5LU,,,,other,Postcode,542907,317024,3500,18000,,,,,,,Tydd St Giles,http://data.ordnancesurvey.co.uk/id/4000000074548770,http://www.ordnancesurvey.co.uk/xml/codelists/localtype.xml#village,Fenland,http://data.ordnancesurvey.co.uk/id/7000000000001357,http://data.ordnancesurvey.co.uk/ontology/admingeo/District,Cambridgeshire,http://data.ordnancesurvey.co.uk/id/7000000000001386,http://data.ordnancesurvey.co.uk/ontology/admingeo/County,Eastern,http://data.ordnancesurvey.co.uk/id/7000000000041425,England,http://data.ordnancesurvey.co.uk/id/country/england,,,
PE147DA,http://data.ordnancesurvey.co.uk/id/postcodeunit/PE147DA,PE14 7DA,,,,other,Postcode,548762,312182,3500,18000,,,,,,,,,,King's Lynn and West Norfolk,http://data.ordnancesurvey.co.uk/id/7000000000007016,http://data.ordnancesurvey.co.uk/ontology/admingeo/District,Norfolk,http://data.ordnancesurvey.co.uk/id/7000000000007238,http://data.ordnancesurvey.co.uk/ontology/admingeo/County,Eastern,http://data.ordnancesurvey.co.uk/id/7000000000041425,England,http://data.ordnancesurvey.co.uk/id/country/england,,,
PE133NW,http://data.ordnancesurvey.co.uk/id/postcodeunit/PE133NW,PE13 3NW,,,,other,Postcode,546430,310978,3500,18000,,,,,,,Wisbech,http://data.ordnancesurvey.co.uk/id/4000000074551318,http://www.ordnancesurvey.co.uk/xml/codelists/localtype.xml#town,Fenland,http://data.ordnancesurvey.co.uk/id/7000000000001357,http://data.ordnancesurvey.co.uk/ontology/admingeo/District,Cambridgeshire,http://data.ordnancesurvey.co.uk/id/7000000000001386,http://data.ordnancesurvey.co.uk/ontology/admingeo/County,Eastern,http://data.ordnancesurvey.co.uk/id/7000000000041425,England,http://data.ordnancesurvey.co.uk/id/country/england,,,
PE147DG,http://data.ordnancesurvey.co.uk/id/postcodeunit/PE147DG,PE14 7DG,,,,other,Postcode,549248,312700,3500,18000,,,,,,,Walton Highway,http://data.ordnancesurvey.co.uk/id/4000000074552040,http://www.ordnancesurvey.co.uk/xml/codelists/localtype.xml#village,King's Lynn and West Norfolk,http://data.ordnancesurvey.co.uk/id/7000000000007016,http://data.ordnancesurvey.co.uk/ontology/admingeo/District,Norfolk,http://data.ordnancesurvey.co.uk/id/7000000000007238,http://data.ordnancesurvey.co.uk/ontology/admingeo/County,Eastern,http://data.ordnancesurvey.co.uk/id/7000000000041425,England,http://data.ordnancesurvey.co.uk/id/country/england,,,
PE147JJ,http://data.ordnancesurvey.co.uk/id/postcodeunit/PE147JJ,PE14 7JJ,,,,other,Postcode,547094,318290,3500,18000,,,,,,,,,,South Holland,http://data.ordnancesurvey.co.uk/id/7000000000005599,http://data.ordnancesurvey.co.uk/ontology/admingeo/District,Lincolnshire,http://data.ordnancesurvey.co.uk/id/7000000000005942,http://data.ordnancesurvey.co.uk/ontology/admingeo/County,East Midlands,http://data.ordnancesurvey.co.uk/id/7000000000041423,England,http://data.ordnancesurvey.co.uk/id/country/england,,,
PE344PN,http://data.ordnancesurvey.co.uk/id/postcodeunit/PE344PN,PE34 4PN,,,,other,Postcode,554905,318611,3500,18000,,,,,,,,,,King's Lynn and West Norfolk,http://data.ordnancesurvey.co.uk/id/7000000000007016,http://data.ordnancesurvey.co.uk/ontology/admingeo/District,Norfolk,http://data.ordnancesurvey.co.uk/id/7000000000007238,http://data.ordnancesurvey.co.uk/ontology/admingeo/County,Eastern,http://data.ordnancesurvey.co.uk/id/7000000000041425,England,http://data.ordnancesurvey.co.uk/id/country/england,,,
PE133LG,http://data.ordnancesurvey.co.uk/id/postcodeunit/PE133LG,PE13 3LG,,,,other,Postcode,546067,311033,3500,18000,,,,,,,Wisbech,http://data.ordnancesurvey.co.uk/id/4000000074551318,http://www.ordnancesurvey.co.uk/xml/codelists/localtype.xml#town,Fenland,http://data.ordnancesurvey.co.uk/id/7000000000001357,http://data.ordnancesurvey.co.uk/ontology/admingeo/District,Cambridgeshire,http://data.ordnancesurvey.co.uk/id/7000000000001386,http://data.ordnancesurvey.co.uk/ontology/admingeo/County,Eastern,http://data.ordnancesurvey.co.uk/id/7000000000041425,England,http://data.ordnancesurvey.co.uk/id/country/england,,,
PE148EW,http://data.ordnancesurvey.co.uk/id/postcodeunit/PE148EW,PE14 8EW,,,,other,Postcode,551600,307769,3500,18000,,,,,,,,,,King's Lynn and West Norfolk,http://data.ordnancesurvey.co.uk/id/7000000000007016,http://data.ordnancesurvey.co.uk/ontology/admingeo/District,Norfolk,http://data.ordnancesurvey.co.uk/id/7000000000007238,http://data.ordnancesurvey.co.uk/ontology/admingeo/County,Eastern,http://data.ordnancesurvey.co.uk/id/7000000000041425,England,http://data.ordnancesurvey.co.uk/id/country/england,,,
PE343EW,http://data.ordnancesurvey.co.uk/id/postcodeunit/PE343EW,PE34 3EW,,,,other,Postcode,557838,312711,3500,18000,,,,,,,Wiggenhall St Mary the Virgin,http://data.ordnancesurvey.co.uk/id/4000000074550574,http://www.ordnancesurvey.co.uk/xml/codelists/localtype.xml#village,King's Lynn and West Norfolk,http://data.ordnancesurvey.co.uk/id/7000000000007016,http://data.ordnancesurvey.co.uk/ontology/admingeo/District,Norfolk,http://data.ordnancesurvey.co.uk/id/7000000000007238,http://data.ordnancesurvey.co.uk/ontology/admingeo/County,Eastern,http://data.ordnancesurvey.co.uk/id/7000000000041425,England,http://data.ordnancesurvey.co.uk/id/country/england,,,
PE140SW,http://data.ordnancesurvey.co.uk/id/postcodeunit/PE140SW,PE14 0SW,,,,other,Postcode,545498,308440,3500,18000,,,,,,,Wisbech,http://data.ordnancesurvey.co.uk/id/4000000074551318,http://www.ordnancesurvey.co.uk/xml/codelists/localtype.xml#town,Fenland,http://data.ordnancesurvey.co.uk/id/7000000000001357,http://data.ordnancesurvey.co.uk/ontology/admingeo/District,Cambridgeshire,http://data.ordnancesurvey.co.uk/id/7000000000001386,http://data.ordnancesurvey.co.uk/ontology/admingeo/County,Eastern,http://data.ordnancesurvey.co.uk/id/7000000000041425,England,http://data.ordnancesurvey.co.uk/id/country/england,,,
PE133ET,http://data.ordnancesurvey.co.uk/id/postcodeunit/PE133ET,PE13 3ET,,,,other,Postcode,547131,311038,3500,18000,,,,,,,Wisbech,http://data.ordnancesurvey.co.uk/id/4000000074551318,http://www.ordnancesurvey.co.uk/xml/codelists/localtype.xml#town,Fenland,http://data.ordnancesurvey.co.uk/id/7000000000001357,http://data.ordnancesurvey.co.uk/ontology/admingeo/District,Cambridgeshire,http://data.ordnancesurvey.co.uk/id/7000000000001386,http://data.ordnancesurvey.co.uk/ontology/admingeo/County,Eastern,http://data.ordnancesurvey.co.uk/id/7000000000041425,England,http://data.ordnancesurvey.co.uk/id/country/england,,,
PE140ND,http://data.ordnancesurvey.co.uk/id/postcodeunit/PE140ND,PE14 0ND,,,,other,Postcode,543548,302900,3500,18000,,,,,,,Coldham,http://data.ordnancesurvey.co.uk/id/4000000074550588,http://www.ordnancesurvey.co.uk/xml/codelists/localtype.xml#village,Fenland,http://data.ordnancesurvey.co.uk/id/7000000000001357,http://data.ordnancesurvey.co.uk/ontology/admingeo/District,Cambridgeshire,http://data.ordnancesurvey.co.uk/id/7000000000001386,http://data.ordnancesurvey.co.uk/ontology/admingeo/County,Eastern,http://data.ordnancesurvey.co.uk/id/7000000000041425,England,http://data.ordnancesurvey.co.uk/id/country/england,,,
PE131EW,http://data.ordnancesurvey.co.uk/id/postcodeunit/PE131EW,PE13 1EW,,,,other,Postcode,546072,309600,3500,18000,,,,,,,Wisbech,http://data.ordnancesurvey.co.uk/id/4000000074551318,http://www.ordnancesurvey.co.uk/xml/codelists/localtype.xml#town,Fenland,http://data.ordnancesurvey.co.uk/id/7000000000001357,http://data.ordnancesurvey.co.uk/ontology/admingeo/District,Cambridgeshire,http://data.ordnancesurvey.co.uk/id/7000000000001386,http://data.ordnancesurvey.co.uk/ontology/admingeo/County,Eastern,http://data.ordnancesurvey.co.uk/id/7000000000041425,England,http://data.ordnancesurvey.co.uk/id/country/england,,,
PE147NP,http://data.ordnancesurvey.co.uk/id/postcodeunit/PE147NP,PE14 7NP,,,,other,Postcode,549919,316600,3500,18000,,,,,,,Walpole St Peter,http://data.ordnancesurvey.co.uk/id/4000000074550943,http://www.ordnancesurvey.co.uk/xml/codelists/localtype.xml#village,King's Lynn and West Norfolk,http://data.ordnancesurvey.co.uk/id/7000000000007016,http://data.ordnancesurvey.co.uk/ontology/admingeo/District,Norfolk,http://data.ordnancesurvey.co.uk/id/7000000000007238,http://data.ordnancesurvey.co.uk/ontology/admingeo/County,Eastern,http://data.ordnancesurvey.co.uk/id/7000000000041425,England,http://data.ordnancesurvey.co.uk/id/country/england,,,
PE148EP,http://data.ordnancesurvey.co.uk/id/postcodeunit/PE148EP,PE14 8EP,,,,other,Postcode,551781,308939,3500,18000,,,,,,,Marshland St James,http://data.ordnancesurvey.co.uk/id/4000000074548753,http://www.ordnancesurvey.co.uk/xml/codelists/localtype.xml#village,King's Lynn and West Norfolk,http://data.ordnancesurvey.co.uk/id/7000000000007016,http://data.ordnancesurvey.co.uk/ontology/admingeo/District,Norfolk,http://data.ordnancesurvey.co.uk/id/7000000000007238,http://data.ordnancesurvey.co.uk/ontology/admingeo/County,Eastern,http://data.ordnancesurvey.co.uk/id/7000000000041425,England,http://data.ordnancesurvey.co.uk/id/country/england,,,
PE140JP,http://data.ordnancesurvey.co.uk/id/postcodeunit/PE140JP,PE14 0JP,,,,other,Postcode,546880,306641,3500,18000,,,,,,,Elm,http://data.ordnancesurvey.co.uk/id/4000000074341528,http://www.ordnancesurvey.co.uk/xml/codelists/localtype.xml#village,Fenland,http://data.ordnancesurvey.co.uk/id/7000000000001357,http://data.ordnancesurvey.co.uk/ontology/admingeo/District,Cambridgeshire,http://data.ordnancesurvey.co.uk/id/7000000000001386,http://data.ordnancesurvey.co.uk/ontology/admingeo/County,Eastern,http://data.ordnancesurvey.co.uk/id/7000000000041425,England,http://data.ordnancesurvey.co.uk/id/country/england,,,
PE147LZ,http://data.ordnancesurvey.co.uk/id/postcodeunit/PE147LZ,PE14 7LZ,,,,other,Postcode,552078,318806,3500,18000,,,,,,,Walpole Cross Keys,http://data.ordnancesurvey.co.uk/id/4000000074548396,http://www.ordnancesurvey.co.uk/xml/codelists/localtype.xml#village,King's Lynn and West Norfolk,http://data.ordnancesurvey.co.uk/id/7000000000007016,http://data.ordnancesurvey.co.uk/ontology/admingeo/District,Norfolk,http://data.ordnancesurvey.co.uk/id/7000000000007238,http://data.ordnancesurvey.co.uk/ontology/admingeo/County,Eastern,http://data.ordnancesurvey.co.uk/id/7000000000041425,England,http://data.ordnancesurvey.co.uk/id/country/england,,,
PE148JS,http://data.ordnancesurvey.co.uk/id/postcodeunit/PE148JS,PE14 8JS,,,,other,Postcode,554200,308579,3500,18000,,,,,,,,,,King's Lynn and West Norfolk,http://data.ordnancesurvey.co.uk/id/7000000000007016,http://data.ordnancesurvey.co.uk/ontology/admingeo/District,Norfolk,http://data.ordnancesurvey.co.uk/id/7000000000007238,http://data.ordnancesurvey.co.uk/ontology/admingeo/County,Eastern,http://data.ordnancesurvey.co.uk/id/7000000000041425,England,http://data.ordnancesurvey.co.uk/id/country/england,,,
PE135BD,http://data.ordnancesurvey.co.uk/id/postcodeunit/PE135BD,PE13 5BD,,,,other,Postcode,543866,311745,3500,18000,,,,,,,Leverington,http://data.ordnancesurvey.co.uk/id/4000000074551313,http://www.ordnancesurvey.co.uk/xml/codelists/localtype.xml#village,Fenland,http://data.ordnancesurvey.co.uk/id/7000000000001357,http://data.ordnancesurvey.co.uk/ontology/admingeo/District,Cambridgeshire,http://data.ordnancesurvey.co.uk/id/7000000000001386,http://data.ordnancesurvey.co.uk/ontology/admingeo/County,Eastern,http://data.ordnancesurvey.co.uk/id/7000000000041425,England,http://data.ordnancesurvey.co.uk/id/country/england,,,
PE134EL,http://data.ordnancesurvey.co.uk/id/postcodeunit/PE134EL,PE13 4EL,,,,other,Postcode,540125,305699,3500,18000,,,,,,,,,,Fenland,http://data.ordnancesurvey.co.uk/id/7000000000001357,http://data.ordnancesurvey.co.uk/ontology/admingeo/District,Cambridgeshire,http://data.ordnancesurvey.co.uk/id/7000000000001386,http://data.ordnancesurvey.co.uk/ontology/admingeo/County,Eastern,http://data.ordnancesurvey.co.uk/id/7000000000041425,England,http://data.ordnancesurvey.co.uk/id/country/england,,,
PE343HA,http://data.ordnancesurvey.co.uk/id/postcodeunit/PE343HA,PE34 3HA,,,,other,Postcode,559874,314261,3500,18000,,,,,,,Wiggenhall St Germans,http://data.ordnancesurvey.co.uk/id/4000000074550213,http://www.ordnancesurvey.co.uk/xml/codelists/localtype.xml#village,King's Lynn and West Norfolk,http://data.ordnancesurvey.co.uk/id/7000000000007016,http://data.ordnancesurvey.co.uk/ontology/admingeo/District,Norfolk,http://data.ordnancesurvey.co.uk/id/7000000000007238,http://data.ordnancesurvey.co.uk/ontology/admingeo/County,Eastern,http://data.ordnancesurvey.co.uk/id/7000000000041425,England,http://data.ordnancesurvey.co.uk/id/country/england,,,
PE140AA,http://data.ordnancesurvey.co.uk/id/postcodeunit/PE140AA,PE14 0AA,,,,other,Postcode,547212,307343,3500,18000,,,,,,,Elm,http://data.ordnancesurvey.co.uk/id/4000000074341528,http://www.ordnancesurvey.co.uk/xml/codelists/localtype.xml#village,Fenland,http://data.ordnancesurvey.co.uk/id/7000000000001357,http://data.ordnancesurvey.co.uk/ontology/admingeo/District,Cambridgeshire,http://data.ordnancesurvey.co.uk/id/7000000000001386,http://data.ordnancesurvey.co.uk/ontology/admingeo/County,Eastern,http://data.ordnancesurvey.co.uk/id/7000000000041425,England,http://data.ordnancesurvey.co.uk/id/country/england,,,
PE133DS,http://data.ordnancesurvey.co.uk/id/postcodeunit/PE133DS,PE13 3DS,,,,other,Postcode,546611,310277,3500,18000,,,,,,,Wisbech,http://data.ordnancesurvey.co.uk/id/4000000074551318,http://www.ordnancesurvey.co.uk/xml/codelists/localtype.xml#town,Fenland,http://data.ordnancesurvey.co.uk/id/7000000000001357,http://data.ordnancesurvey.co.uk/ontology/admingeo/District,Cambridgeshire,http://data.ordnancesurvey.co.uk/id/7000000000001386,http://data.ordnancesurvey.co.uk/ontology/admingeo/County,Eastern,http://data.ordnancesurvey.co.uk/id/7000000000041425,England,http://data.ordnancesurvey.co.uk/id/country/england,,,
PE131AR,http://data.ordnancesurvey.co.uk/id/postcodeunit/PE131AR,PE13 1AR,,,,other,Postcode,546286,309773,3500,18000,,,,,,,Wisbech,http://data.ordnancesurvey.co.uk/id/4000000074551318,http://www.ordnancesurvey.co.uk/xml/codelists/localtype.xml#town,Fenland,http://data.ordnancesurvey.co.uk/id/7000000000001357,http://data.ordnancesurvey.co.uk/ontology/admingeo/District,Cambridgeshire,http://data.ordnancesurvey.co.uk/id/7000000000001386,http://data.ordnancesurvey.co.uk/ontology/admingeo/County,Eastern,http://data.ordnancesurvey.co.uk/id/7000000000041425,England,http://data.ordnancesurvey.co.uk/id/country/england,,,
PE131HU,http://data.ordnancesurvey.co.uk/id/postcodeunit/PE131HU,PE13 1HU,,,,other,Postcode,546344,309426,3500,18000,,,,,,,Wisbech,http://data.ordnancesurvey.co.uk/id/4000000074551318,http://www.ordnancesurvey.co.uk/xml/codelists/localtype.xml#town,Fenland,http://data.ordnancesurvey.co.uk/id/7000000000001357,http://data.ordnancesurvey.co.uk/ontology/admingeo/District,Cambridgeshire,http://data.ordnancesurvey.co.uk/id/7000000000001386,http://data.ordnancesurvey.co.uk/ontology/admingeo/County,Eastern,http://data.ordnancesurvey.co.uk/id/7000000000041425,England,http://data.ordnancesurvey.co.uk/id/country/england,,,
PE132FP,http://data.ordnancesurvey.co.uk/id/postcodeunit/PE132FP,PE13 2FP,,,,other,Postcode,545799,309450,3500,18000,,,,,,,Wisbech,http://data.ordnancesurvey.co.uk/id/4000000074551318,http://www.ordnancesurvey.co.uk/xml/codelists/localtype.xml#town,Fenland,http://data.ordnancesurvey.co.uk/id/7000000000001357,http://data.ordnancesurvey.co.uk/ontology/admingeo/District,Cambridgeshire,http://data.ordnancesurvey.co.uk/id/7000000000001386,http://data.ordnancesurvey.co.uk/ontology/admingeo/County,Eastern,http://data.ordnancesurvey.co.uk/id/7000000000041425,England,http://data.ordnancesurvey.co.uk/id/country/england,,,
PE148SB,http://data.ordnancesurvey.co.uk/id/postcodeunit/PE148SB,PE14 8SB,,,,other,Postcode,552057,303348,3500,18000,,,,,,,,,,King's Lynn and West Norfolk,http://data.ordnancesurvey.co.uk/id/7000000000007016,http://data.ordnancesurvey.co.uk/ontology/admingeo/District,Norfolk,http://data.ordnancesurvey.co.uk/id/7000000000007238,http://data.ordnancesurvey.co.uk/ontology/admingeo/County,Eastern,http://data.ordnancesurvey.co.uk/id/7000000000041425,England,http://data.ordnancesurvey.co.uk/id/country/england,,,
PE148DT,http://data.ordnancesurvey.co.uk/id/postcodeunit/PE148DT,PE14 8DT,,,,other,Postcode,551674,308985,3500,18000,,,,,,,,,,King's Lynn and West Norfolk,http://data.ordnancesurvey.co.uk/id/7000000000007016,http://data.ordnancesurvey.co.uk/ontology/admingeo/District,Norfolk,http://data.ordnancesurvey.co.uk/id/7000000000007238,http://data.ordnancesurvey.co.uk/ontology/admingeo/County,Eastern,http://data.ordnancesurvey.co.uk/id/7000000000041425,England,http://data.ordnancesurvey.co.uk/id/country/england,,,
PE344GA,http://data.ordnancesurvey.co.uk/id/postcodeunit/PE344GA,PE34 4GA,,,,other,Postcode,556887,317162,3500,18000,,,,,,,Tilney High End,http://data.ordnancesurvey.co.uk/id/4000000074550940,http://www.ordnancesurvey.co.uk/xml/codelists/localtype.xml#village,King's Lynn and West Norfolk,http://data.ordnancesurvey.co.uk/id/7000000000007016,http://data.ordnancesurvey.co.uk/ontology/admingeo/District,Norfolk,http://data.ordnancesurvey.co.uk/id/7000000000007238,http://data.ordnancesurvey.co.uk/ontology/admingeo/County,Eastern,http://data.ordnancesurvey.co.uk/id/7000000000041425,England,http://data.ordnancesurvey.co.uk/id/country/england,,,
PE344QP,http://data.ordnancesurvey.co.uk/id/postcodeunit/PE344QP,PE34 4QP,,,,other,Postcode,554218,313988,3500,18000,,,,,,,Tilney St Lawrence,http://data.ordnancesurvey.co.uk/id/4000000074550579,http://www.ordnancesurvey.co.uk/xml/codelists/localtype.xml#village,King's Lynn and West Norfolk,http://data.ordnancesurvey.co.uk/id/7000000000007016,http://data.ordnancesurvey.co.uk/ontology/admingeo/District,Norfolk,http://data.ordnancesurvey.co.uk/id/7000000000007238,http://data.ordnancesurvey.co.uk/ontology/admingeo/County,Eastern,http://data.ordnancesurvey.co.uk/id/7000000000041425,England,http://data.ordnancesurvey.co.uk/id/country/england,,,
PE147EG,http://data.ordnancesurvey.co.uk/id/postcodeunit/PE147EG,PE14 7EG,,,,other,Postcode,549071,313253,3500,18000,,,,,,,Walton Highway,http://data.ordnancesurvey.co.uk/id/4000000074552040,http://www.ordnancesurvey.co.uk/xml/codelists/localtype.xml#village,King's Lynn and West Norfolk,http://data.ordnancesurvey.co.uk/id/7000000000007016,http://data.ordnancesurvey.co.uk/ontology/admingeo/District,Norfolk,http://data.ordnancesurvey.co.uk/id/7000000000007238,http://data.ordnancesurvey.co.uk/ontology/admingeo/County,Eastern,http://data.ordnancesurvey.co.uk/id/7000000000041425,England,http://data.ordnancesurvey.co.uk/id/country/england,,,
PE140LD,http://data.ordnancesurvey.co.uk/id/postcodeunit/PE140LD,PE14 0LD,,,,other,Postcode,543665,302831,3500,18000,,,,,,,Coldham,http://data.ordnancesurvey.co.uk/id/4000000074550588,http://www.ordnancesurvey.co.uk/xml/codelists/localtype.xml#village,Fenland,http://data.ordnancesurvey.co.uk/id/7000000000001357,http://data.ordnancesurvey.co.uk/ontology/admingeo/District,Cambridgeshire,http://data.ordnancesurvey.co.uk/id/7000000000001386,http://data.ordnancesurvey.co.uk/ontology/admingeo/County,Eastern,http://data.ordnancesurvey.co.uk/id/7000000000041425,England,http://data.ordnancesurvey.co.uk/id/country/england,,,
PE147HZ,http://data.ordnancesurvey.co.uk/id/postcodeunit/PE147HZ,PE14 7HZ,,,,other,Postcode,549405,316217,3500,18000,,,,,,,,,,King's Lynn and West Norfolk,http://data.ordnancesurvey.co.uk/id/7000000000007016,http://data.ordnancesurvey.co.uk/ontology/admingeo/District,Norfolk,http://data.ordnancesurvey.co.uk/id/7000000000007238,http://data.ordnancesurvey.co.uk/ontology/admingeo/County,Eastern,http://data.ordnancesurvey.co.uk/id/7000000000041425,England,http://data.ordnancesurvey.co.uk/id/country/england,,,
PE134RE,http://data.ordnancesurvey.co.uk/id/postcodeunit/PE134RE,PE13 4RE,,,,other,Postcode,541716,307898,3500,18000,,,,,,,Wisbech St Mary,http://data.ordnancesurvey.co.uk/id/4000000074551315,http://www.ordnancesurvey.co.uk/xml/codelists/localtype.xml#village,Fenland,http://data.ordnancesurvey.co.uk/id/7000000000001357,http://data.ordnancesurvey.co.uk/ontology/admingeo/District,Cambridgeshire,http://data.ordnancesurvey.co.uk/id/7000000000001386,http://data.ordnancesurvey.co.uk/ontology/admingeo/County,Eastern,http://data.ordnancesurvey.co.uk/id/7000000000041425,England,http://data.ordnancesurvey.co.uk/id/country/england,,,
PE148EA,http://data.ordnancesurvey.co.uk/id/postcodeunit/PE148EA,PE14 8EA,,,,other,Postcode,551290,307857,3500,18000,,,,,,,,,,King's Lynn and West Norfolk,http://data.ordnancesurvey.co.uk/id/7000000000007016,http://data.ordnancesurvey.co.uk/ontology/admingeo/District,Norfolk,http://data.ordnancesurvey.co.uk/id/7000000000007238,http://data.ordnancesurvey.co.uk/ontology/admingeo/County,Eastern,http://data.ordnancesurvey.co.uk/id/7000000000041425,England,http://data.ordnancesurvey.co.uk/id/country/england,,,
PE135EA,http://data.ordnancesurvey.co.uk/id/postcodeunit/PE135EA,PE13 5EA,,,,other,Postcode,545497,313087,3500,18000,,,,,,,,,,Fenland,http://data.ordnancesurvey.co.uk/id/7000000000001357,http://data.ordnancesurvey.co.uk/ontology/admingeo/District,Cambridgeshire,http://data.ordnancesurvey.co.uk/id/7000000000001386,http://data.ordnancesurvey.co.uk/ontology/admingeo/County,Eastern,http://data.ordnancesurvey.co.uk/id/7000000000041425,England,http://data.ordnancesurvey.co.uk/id/country/england,,,
PE134RD,http://data.ordnancesurvey.co.uk/id/postcodeunit/PE134RD,PE13 4RD,,,,other,Postcode,541709,308019,3500,18000,,,,,,,Wisbech St Mary,http://data.ordnancesurvey.co.uk/id/4000000074551315,http://www.ordnancesurvey.co.uk/xml/codelists/localtype.xml#village,Fenland,http://data.ordnancesurvey.co.uk/id/7000000000001357,http://data.ordnancesurvey.co.uk/ontology/admingeo/District,Cambridgeshire,http://data.ordnancesurvey.co.uk/id/7000000000001386,http://data.ordnancesurvey.co.uk/ontology/admingeo/County,Eastern,http://data.ordnancesurvey.co.uk/id/7000000000041425,England,http://data.ordnancesurvey.co.uk/id/country/england,,,
PE131HS,http://data.ordnancesurvey.co.uk/id/postcodeunit/PE131HS,PE13 1HS,,,,other,Postcode,546188,309370,3500,18000,,,,,,,Wisbech,http://data.ordnancesurvey.co.uk/id/4000000074551318,http://www.ordnancesurvey.co.uk/xml/codelists/localtype.xml#town,Fenland,http://data.ordnancesurvey.co.uk/id/7000000000001357,http://data.ordnancesurvey.co.uk/ontology/admingeo/District,Cambridgeshire,http://data.ordnancesurvey.co.uk/id/7000000000001386,http://data.ordnancesurvey.co.uk/ontology/admingeo/County,Eastern,http://data.ordnancesurvey.co.uk/id/7000000000041425,England,http://data.ordnancesurvey.co.uk/id/country/england,,,
PE133RN,http://data.ordnancesurvey.co.uk/id/postcodeunit/PE133RN,PE13 3RN,,,,other,Postcode,547538,310633,3500,18000,,,,,,,Wisbech,http://data.ordnancesurvey.co.uk/id/4000000074551318,http://www.ordnancesurvey.co.uk/xml/codelists/localtype.xml#town,Fenland,http://data.ordnancesurvey.co.uk/id/7000000000001357,http://data.ordnancesurvey.co.uk/ontology/admingeo/District,Cambridgeshire,http://data.ordnancesurvey.co.uk/id/7000000000001386,http://data.ordnancesurvey.co.uk/ontology/admingeo/County,Eastern,http://data.ordnancesurvey.co.uk/id/7000000000041425,England,http://data.ordnancesurvey.co.uk/id/country/england,,,
PE134RS,http://data.ordnancesurvey.co.uk/id/postcodeunit/PE134RS,PE13 4RS,,,,other,Postcode,542272,308079,3500,18000,,,,,,,Wisbech St Mary,http://data.ordnancesurvey.co.uk/id/4000000074551315,http://www.ordnancesurvey.co.uk/xml/codelists/localtype.xml#village,Fenland,http://data.ordnancesurvey.co.uk/id/7000000000001357,http://data.ordnancesurvey.co.uk/ontology/admingeo/District,Cambridgeshire,http://data.ordnancesurvey.co.uk/id/7000000000001386,http://data.ordnancesurvey.co.uk/ontology/admingeo/County,Eastern,http://data.ordnancesurvey.co.uk/id/7000000000041425,England,http://data.ordnancesurvey.co.uk/id/country/england,,,
PE133AB,http://data.ordnancesurvey.co.uk/id/postcodeunit/PE133AB,PE13 3AB,,,,other,Postcode,546435,309666,3500,18000,,,,,,,Wisbech,http://data.ordnancesurvey.co.uk/id/4000000074551318,http://www.ordnancesurvey.co.uk/xml/codelists/localtype.xml#town,Fenland,http://data.ordnancesurvey.co.uk/id/7000000000001357,http://data.ordnancesurvey.co.uk/ontology/admingeo/District,Cambridgeshire,http://data.ordnancesurvey.co.uk/id/7000000000001386,http://data.ordnancesurvey.co.uk/ontology/admingeo/County,Eastern,http://data.ordnancesurvey.co.uk/id/7000000000041425,England,http://data.ordnancesurvey.co.uk/id/country/england,,,
PE134RW,http://data.ordnancesurvey.co.uk/id/postcodeunit/PE134RW,PE13 4RW,,,,other,Postcode,542329,308286,3500,18000,,,,,,,Wisbech St Mary,http://data.ordnancesurvey.co.uk/id/4000000074551315,http://www.ordnancesurvey.co.uk/xml/codelists/localtype.xml#village,Fenland,http://data.ordnancesurvey.co.uk/id/7000000000001357,http://data.ordnancesurvey.co.uk/ontology/admingeo/District,Cambridgeshire,http://data.ordnancesurvey.co.uk/id/7000000000001386,http://data.ordnancesurvey.co.uk/ontology/admingeo/County,Eastern,http://data.ordnancesurvey.co.uk/id/7000000000041425,England,http://data.ordnancesurvey.co.uk/id/country/england,,,
PE131DU,http://data.ordnancesurvey.co.uk/id/postcodeunit/PE131DU,PE13 1DU,,,,other,Postcode,546060,309440,3500,18000,,,,,,,Wisbech,http://data.ordnancesurvey.co.uk/id/4000000074551318,http://www.ordnancesurvey.co.uk/xml/codelists/localtype.xml#town,Fenland,http://data.ordnancesurvey.co.uk/id/7000000000001357,http://data.ordnancesurvey.co.uk/ontology/admingeo/District,Cambridgeshire,http://data.ordnancesurvey.co.uk/id/7000000000001386,http://data.ordnancesurvey.co.uk/ontology/admingeo/County,Eastern,http://data.ordnancesurvey.co.uk/id/7000000000041425,England,http://data.ordnancesurvey.co.uk/id/country/england,,,
PE148RF,http://data.ordnancesurvey.co.uk/id/postcodeunit/PE148RF,PE14 8RF,,,,other,Postcode,551202,303430,3500,18000,,,,,,,Outwell,http://data.ordnancesurvey.co.uk/id/4000000074548389,http://www.ordnancesurvey.co.uk/xml/codelists/localtype.xml#village,King's Lynn and West Norfolk,http://data.ordnancesurvey.co.uk/id/7000000000007016,http://data.ordnancesurvey.co.uk/ontology/admingeo/District,Norfolk,http://data.ordnancesurvey.co.uk/id/7000000000007238,http://data.ordnancesurvey.co.uk/ontology/admingeo/County,Eastern,http://data.ordnancesurvey.co.uk/id/7000000000041425,England,http://data.ordnancesurvey.co.uk/id/country/england,,,
PE343FF,http://data.ordnancesurvey.co.uk/id/postcodeunit/PE343FF,PE34 3FF,,,,other,Postcode,559241,313856,3500,18000,,,,,,,Wiggenhall St Germans,http://data.ordnancesurvey.co.uk/id/4000000074550213,http://www.ordnancesurvey.co.uk/xml/codelists/localtype.xml#village,King's Lynn and West Norfolk,http://data.ordnancesurvey.co.uk/id/7000000000007016,http://data.ordnancesurvey.co.uk/ontology/admingeo/District,Norfolk,http://data.ordnancesurvey.co.uk/id/7000000000007238,http://data.ordnancesurvey.co.uk/ontology/admingeo/County,Eastern,http://data.ordnancesurvey.co.uk/id/7000000000041425,England,http://data.ordnancesurvey.co.uk/id/country/england,,,
PE133AZ,http://data.ordnancesurvey.co.uk/id/postcodeunit/PE133AZ,PE13 3AZ,,,,other,Postcode,546140,310289,3500,18000,,,,,,,Wisbech,http://data.ordnancesurvey.co.uk/id/4000000074551318,http://www.ordnancesurvey.co.uk/xml/codelists/localtype.xml#town,Fenland,http://data.ordnancesurvey.co.uk/id/7000000000001357,http://data.ordnancesurvey.co.uk/ontology/admingeo/District,Cambridgeshire,http://data.ordnancesurvey.co.uk/id/7000000000001386,http://data.ordnancesurvey.co.uk/ontology/admingeo/County,Eastern,http://data.ordnancesurvey.co.uk/id/7000000000041425,England,http://data.ordnancesurvey.co.uk/id/country/england,,,
PE140SU,http://data.ordnancesurvey.co.uk/id/postcodeunit/PE140SU,PE14 0SU,,,,other,Postcode,545957,307469,3500,18000,,,,,,,,,,Fenland,http://data.ordnancesurvey.co.uk/id/7000000000001357,http://data.ordnancesurvey.co.uk/ontology/admingeo/District,Cambridgeshire,http://data.ordnancesurvey.co.uk/id/7000000000001386,http://data.ordnancesurvey.co.uk/ontology/admingeo/County,Eastern,http://data.ordnancesurvey.co.uk/id/7000000000041425,England,http://data.ordnancesurvey.co.uk/id/country/england,,,
PE134RR,http://data.ordnancesurvey.co.uk/id/postcodeunit/PE134RR,PE13 4RR,,,,other,Postcode,542692,307725,3500,18000,,,,,,,,,,Fenland,http://data.ordnancesurvey.co.uk/id/7000000000001357,http://data.ordnancesurvey.co.uk/ontology/admingeo/District,Cambridgeshire,http://data.ordnancesurvey.co.uk/id/7000000000001386,http://data.ordnancesurvey.co.uk/ontology/admingeo/County,Eastern,http://data.ordnancesurvey.co.uk/id/7000000000041425,England,http://data.ordnancesurvey.co.uk/id/country/england,,,
PE140JN,http://data.ordnancesurvey.co.uk/id/postcodeunit/PE140JN,PE14 0JN,,,,other,Postcode,546930,306649,3500,18000,,,,,,,Elm,http://data.ordnancesurvey.co.uk/id/4000000074341528,http://www.ordnancesurvey.co.uk/xml/codelists/localtype.xml#village,Fenland,http://data.ordnancesurvey.co.uk/id/7000000000001357,http://data.ordnancesurvey.co.uk/ontology/admingeo/District,Cambridgeshire,http://data.ordnancesurvey.co.uk/id/7000000000001386,http://data.ordnancesurvey.co.uk/ontology/admingeo/County,Eastern,http://data.ordnancesurvey.co.uk/id/7000000000041425,England,http://data.ordnancesurvey.co.uk/id/country/england,,,
PE133TJ,http://data.ordnancesurvey.co.uk/id/postcodeunit/PE133TJ,PE13 3TJ,,,,other,Postcode,547359,309877,3500,18000,,,,,,,Wisbech,http://data.ordnancesurvey.co.uk/id/4000000074551318,http://www.ordnancesurvey.co.uk/xml/codelists/localtype.xml#town,Fenland,http://data.ordnancesurvey.co.uk/id/7000000000001357,http://data.ordnancesurvey.co.uk/ontology/admingeo/District,Cambridgeshire,http://data.ordnancesurvey.co.uk/id/7000000000001386,http://data.ordnancesurvey.co.uk/ontology/admingeo/County,Eastern,http://data.ordnancesurvey.co.uk/id/7000000000041425,England,http://data.ordnancesurvey.co.uk/id/country/england,,,
PE140BU,http://data.ordnancesurvey.co.uk/id/postcodeunit/PE140BU,PE14 0BU,,,,other,Postcode,546859,306398,3500,18000,,,,,,,Elm,http://data.ordnancesurvey.co.uk/id/4000000074341528,http://www.ordnancesurvey.co.uk/xml/codelists/localtype.xml#village,Fenland,http://data.ordnancesurvey.co.uk/id/7000000000001357,http://data.ordnancesurvey.co.uk/ontology/admingeo/District,Cambridgeshire,http://data.ordnancesurvey.co.uk/id/7000000000001386,http://data.ordnancesurvey.co.uk/ontology/admingeo/County,Eastern,http://data.ordnancesurvey.co.uk/id/7000000000041425,England,http://data.ordnancesurvey.co.uk/id/country/england,,,
PE140AE,http://data.ordnancesurvey.co.uk/id/postcodeunit/PE140AE,PE14 0AE,,,,other,Postcode,546976,307064,3500,18000,,,,,,,Elm,http://data.ordnancesurvey.co.uk/id/4000000074341528,http://www.ordnancesurvey.co.uk/xml/codelists/localtype.xml#village,Fenland,http://data.ordnancesurvey.co.uk/id/7000000000001357,http://data.ordnancesurvey.co.uk/ontology/admingeo/District,Cambridgeshire,http://data.ordnancesurvey.co.uk/id/7000000000001386,http://data.ordnancesurvey.co.uk/ontology/admingeo/County,Eastern,http://data.ordnancesurvey.co.uk/id/7000000000041425,England,http://data.ordnancesurvey.co.uk/id/country/england,,,
PE134XE,http://data.ordnancesurvey.co.uk/id/postcodeunit/PE134XE,PE13 4XE,,,,other,Postcode,540660,308007,3500,18000,,,,,,,Wisbech St Mary,http://data.ordnancesurvey.co.uk/id/4000000074551315,http://www.ordnancesurvey.co.uk/xml/codelists/localtype.xml#village,Fenland,http://data.ordnancesurvey.co.uk/id/7000000000001357,http://data.ordnancesurvey.co.uk/ontology/admingeo/District,Cambridgeshire,http://data.ordnancesurvey.co.uk/id/7000000000001386,http://data.ordnancesurvey.co.uk/ontology/admingeo/County,Eastern,http://data.ordnancesurvey.co.uk/id/7000000000041425,England,http://data.ordnancesurvey.co.uk/id/country/england,,,
PE140AW,http://data.ordnancesurvey.co.uk/id/postcodeunit/PE140AW,PE14 0AW,,,,other,Postcode,547050,306360,3500,18000,,,,,,,Elm,http://data.ordnancesurvey.co.uk/id/4000000074341528,http://www.ordnancesurvey.co.uk/xml/codelists/localtype.xml#village,Fenland,http://data.ordnancesurvey.co.uk/id/7000000000001357,http://data.ordnancesurvey.co.uk/ontology/admingeo/District,Cambridgeshire,http://data.ordnancesurvey.co.uk/id/7000000000001386,http://data.ordnancesurvey.co.uk/ontology/admingeo/County,Eastern,http://data.ordnancesurvey.co.uk/id/7000000000041425,England,http://data.ordnancesurvey.co.uk/id/country/england,,,
PE132JY,http://data.ordnancesurvey.co.uk/id/postcodeunit/PE132JY,PE13 2JY,,,,other,Postcode,547425,309387,3500,18000,,,,,,,Wisbech,http://data.ordnancesurvey.co.uk/id/4000000074551318,http://www.ordnancesurvey.co.uk/xml/codelists/localtype.xml#town,Fenland,http://data.ordnancesurvey.co.uk/id/7000000000001357,http://data.ordnancesurvey.co.uk/ontology/admingeo/District,Cambridgeshire,http://data.ordnancesurvey.co.uk/id/7000000000001386,http://data.ordnancesurvey.co.uk/ontology/admingeo/County,Eastern,http://data.ordnancesurvey.co.uk/id/7000000000041425,England,http://data.ordnancesurvey.co.uk/id/country/england,,,
PE132QJ,http://data.ordnancesurvey.co.uk/id/postcodeunit/PE132QJ,PE13 2QJ,,,,other,Postcode,546282,309093,3500,18000,,,,,,,Wisbech,http://data.ordnancesurvey.co.uk/id/4000000074551318,http://www.ordnancesurvey.co.uk/xml/codelists/localtype.xml#town,Fenland,http://data.ordnancesurvey.co.uk/id/7000000000001357,http://data.ordnancesurvey.co.uk/ontology/admingeo/District,Cambridgeshire,http://data.ordnancesurvey.co.uk/id/7000000000001386,http://data.ordnancesurvey.co.uk/ontology/admingeo/County,Eastern,http://data.ordnancesurvey.co.uk/id/7000000000041425,England,http://data.ordnancesurvey.co.uk/id/country/england,,,
PE148RN,http://data.ordnancesurvey.co.uk/id/postcodeunit/PE148RN,PE14 8RN,,,,other,Postcode,550967,303435,3500,18000,,,,,,,Outwell,http://data.ordnancesurvey.co.uk/id/4000000074548389,http://www.ordnancesurvey.co.uk/xml/codelists/localtype.xml#village,King's Lynn and West Norfolk,http://data.ordnancesurvey.co.uk/id/7000000000007016,http://data.ordnancesurvey.co.uk/ontology/admingeo/District,Norfolk,http://data.ordnancesurvey.co.uk/id/7000000000007238,http://data.ordnancesurvey.co.uk/ontology/admingeo/County,Eastern,http://data.ordnancesurvey.co.uk/id/7000000000041425,England,http://data.ordnancesurvey.co.uk/id/country/england,,,
PE140SG,http://data.ordnancesurvey.co.uk/id/postcodeunit/PE140SG,PE14 0SG,,,,other,Postcode,545112,308222,3500,18000,,,,,,,Wisbech,http://data.ordnancesurvey.co.uk/id/4000000074551318,http://www.ordnancesurvey.co.uk/xml/codelists/localtype.xml#town,Fenland,http://data.ordnancesurvey.co.uk/id/7000000000001357,http://data.ordnancesurvey.co.uk/ontology/admingeo/District,Cambridgeshire,http://data.ordnancesurvey.co.uk/id/7000000000001386,http://data.ordnancesurvey.co.uk/ontology/admingeo/County,Eastern,http://data.ordnancesurvey.co.uk/id/7000000000041425,England,http://data.ordnancesurvey.co.uk/id/country/england,,,
PE147YA,http://data.ordnancesurvey.co.uk/id/postcodeunit/PE147YA,PE14 7YA,,,,other,Postcode,547361,311013,3500,18000,,,,,,,Wisbech,http://data.ordnancesurvey.co.uk/id/4000000074551318,http://www.ordnancesurvey.co.uk/xml/codelists/localtype.xml#town,Fenland,http://data.ordnancesurvey.co.uk/id/7000000000001357,http://data.ordnancesurvey.co.uk/ontology/admingeo/District,Cambridgeshire,http://data.ordnancesurvey.co.uk/id/7000000000001386,http://data.ordnancesurvey.co.uk/ontology/admingeo/County,Eastern,http://data.ordnancesurvey.co.uk/id/7000000000041425,England,http://data.ordnancesurvey.co.uk/id/country/england,,,
PE343NW,http://data.ordnancesurvey.co.uk/id/postcodeunit/PE343NW,PE34 3NW,,,,other,Postcode,559049,306354,3500,18000,,,,,,,,,,King's Lynn and West Norfolk,http://data.ordnancesurvey.co.uk/id/7000000000007016,http://data.ordnancesurvey.co.uk/ontology/admingeo/District,Norfolk,http://data.ordnancesurvey.co.uk/id/7000000000007238,http://data.ordnancesurvey.co.uk/ontology/admingeo/County,Eastern,http://data.ordnancesurvey.co.uk/id/7000000000041425,England,http://data.ordnancesurvey.co.uk/id/country/england,,,
PE135RB,http://data.ordnancesurvey.co.uk/id/postcodeunit/PE135RB,PE13 5RB,,,,other,Postcode,545492,318041,3500,18000,,,,,,,Tydd Gote,http://data.ordnancesurvey.co.uk/id/4000000074548409,http://www.ordnancesurvey.co.uk/xml/codelists/localtype.xml#village,South Holland,http://data.ordnancesurvey.co.uk/id/7000000000005599,http://data.ordnancesurvey.co.uk/ontology/admingeo/District,Lincolnshire,http://data.ordnancesurvey.co.uk/id/7000000000005942,http://data.ordnancesurvey.co.uk/ontology/admingeo/County,East Midlands,http://data.ordnancesurvey.co.uk/id/7000000000041423,England,http://data.ordnancesurvey.co.uk/id/country/england,,,
PE140HA,http://data.ordnancesurvey.co.uk/id/postcodeunit/PE140HA,PE14 0HA,,,,other,Postcode,546239,304776,3500,18000,,,,,,,Friday Bridge,http://data.ordnancesurvey.co.uk/id/4000000074550225,http://www.ordnancesurvey.co.uk/xml/codelists/localtype.xml#village,Fenland,http://data.ordnancesurvey.co.uk/id/7000000000001357,http://data.ordnancesurvey.co.uk/ontology/admingeo/District,Cambridgeshire,http://data.ordnancesurvey.co.uk/id/7000000000001386,http://data.ordnancesurvey.co.uk/ontology/admingeo/County,Eastern,http://data.ordnancesurvey.co.uk/id/7000000000041425,England,http://data.ordnancesurvey.co.uk/id/country/england,,,
PE148TW,http://data.ordnancesurvey.co.uk/id/postcodeunit/PE148TW,PE14 8TW,,,,other,Postcode,550248,304024,3500,18000,,,,,,,,,,King's Lynn and West Norfolk,http://data.ordnancesurvey.co.uk/id/7000000000007016,http://data.ordnancesurvey.co.uk/ontology/admingeo/District,Norfolk,http://data.ordnancesurvey.co.uk/id/7000000000007238,http://data.ordnancesurvey.co.uk/ontology/admingeo/County,Eastern,http://data.ordnancesurvey.co.uk/id/7000000000041425,England,http://data.ordnancesurvey.co.uk/id/country/england,,,
PE133JQ,http://data.ordnancesurvey.co.uk/id/postcodeunit/PE133JQ,PE13 3JQ,,,,other,Postcode,545734,311471,3500,18000,,,,,,,Wisbech,http://data.ordnancesurvey.co.uk/id/4000000074551318,http://www.ordnancesurvey.co.uk/xml/codelists/localtype.xml#town,Fenland,http://data.ordnancesurvey.co.uk/id/7000000000001357,http://data.ordnancesurvey.co.uk/ontology/admingeo/District,Cambridgeshire,http://data.ordnancesurvey.co.uk/id/7000000000001386,http://data.ordnancesurvey.co.uk/ontology/admingeo/County,Eastern,http://data.ordnancesurvey.co.uk/id/7000000000041425,England,http://data.ordnancesurvey.co.uk/id/country/england,,,
PE147EY,http://data.ordnancesurvey.co.uk/id/postcodeunit/PE147EY,PE14 7EY,,,,other,Postcode,546820,313365,3500,18000,,,,,,,West Walton,http://data.ordnancesurvey.co.uk/id/4000000074552041,http://www.ordnancesurvey.co.uk/xml/codelists/localtype.xml#village,King's Lynn and West Norfolk,http://data.ordnancesurvey.co.uk/id/7000000000007016,http://data.ordnancesurvey.co.uk/ontology/admingeo/District,Norfolk,http://data.ordnancesurvey.co.uk/id/7000000000007238,http://data.ordnancesurvey.co.uk/ontology/admingeo/County,Eastern,http://data.ordnancesurvey.co.uk/id/7000000000041425,England,http://data.ordnancesurvey.co.uk/id/country/england,,,
PE133LJ,http://data.ordnancesurvey.co.uk/id/postcodeunit/PE133LJ,PE13 3LJ,,,,other,Postcode,546294,310673,3500,18000,,,,,,,Wisbech,http://data.ordnancesurvey.co.uk/id/4000000074551318,http://www.ordnancesurvey.co.uk/xml/codelists/localtype.xml#town,Fenland,http://data.ordnancesurvey.co.uk/id/7000000000001357,http://data.ordnancesurvey.co.uk/ontology/admingeo/District,Cambridgeshire,http://data.ordnancesurvey.co.uk/id/7000000000001386,http://data.ordnancesurvey.co.uk/ontology/admingeo/County,Eastern,http://data.ordnancesurvey.co.uk/id/7000000000041425,England,http://data.ordnancesurvey.co.uk/id/country/england,,,
PE133PP,http://data.ordnancesurvey.co.uk/id/postcodeunit/PE133PP,PE13 3PP,,,,other,Postcode,546537,311259,3500,18000,,,,,,,Wisbech,http://data.ordnancesurvey.co.uk/id/4000000074551318,http://www.ordnancesurvey.co.uk/xml/codelists/localtype.xml#town,Fenland,http://data.ordnancesurvey.co.uk/id/7000000000001357,http://data.ordnancesurvey.co.uk/ontology/admingeo/District,Cambridgeshire,http://data.ordnancesurvey.co.uk/id/7000000000001386,http://data.ordnancesurvey.co.uk/ontology/admingeo/County,Eastern,http://data.ordnancesurvey.co.uk/id/7000000000041425,England,http://data.ordnancesurvey.co.uk/id/country/england,,,
PE148SL,http://data.ordnancesurvey.co.uk/id/postcodeunit/PE148SL,PE14 8SL,,,,other,Postcode,552526,303227,3500,18000,,,,,,,,,,King's Lynn and West Norfolk,http://data.ordnancesurvey.co.uk/id/7000000000007016,http://data.ordnancesurvey.co.uk/ontology/admingeo/District,Norfolk,http://data.ordnancesurvey.co.uk/id/7000000000007238,http://data.ordnancesurvey.co.uk/ontology/admingeo/County,Eastern,http://data.ordnancesurvey.co.uk/id/7000000000041425,England,http://data.ordnancesurvey.co.uk/id/country/england,,,
PE149DA,http://data.ordnancesurvey.co.uk/id/postcodeunit/PE149DA,PE14 9DA,,,,other,Postcode,550546,302827,3500,18000,,,,,,,Upwell,http://data.ordnancesurvey.co.uk/id/4000000074550938,http://www.ordnancesurvey.co.uk/xml/codelists/localtype.xml#village,King's Lynn and West Norfolk,http://data.ordnancesurvey.co.uk/id/7000000000007016,http://data.ordnancesurvey.co.uk/ontology/admingeo/District,Norfolk,http://data.ordnancesurvey.co.uk/id/7000000000007238,http://data.ordnancesurvey.co.uk/ontology/admingeo/County,Eastern,http://data.ordnancesurvey.co.uk/id/7000000000041425,England,http://data.ordnancesurvey.co.uk/id/country/england,,,
PE135DE,http://data.ordnancesurvey.co.uk/id/postcodeunit/PE135DE,PE13 5DE,,,,other,Postcode,544524,310967,3500,18000,,,,,,,Leverington,http://data.ordnancesurvey.co.uk/id/4000000074551313,http://www.ordnancesurvey.co.uk/xml/codelists/localtype.xml#village,Fenland,http://data.ordnancesurvey.co.uk/id/7000000000001357,http://data.ordnancesurvey.co.uk/ontology/admingeo/District,Cambridgeshire,http://data.ordnancesurvey.co.uk/id/7000000000001386,http://data.ordnancesurvey.co.uk/ontology/admingeo/County,Eastern,http://data.ordnancesurvey.co.uk/id/7000000000041425,England,http://data.ordnancesurvey.co.uk/id/country/england,,,
PE343BX,http://data.ordnancesurvey.co.uk/id/postcodeunit/PE343BX,PE34 3BX,,,,other,Postcode,559782,310952,3500,18000,,,,,,,Wiggenhall St Mary Magdalen,http://data.ordnancesurvey.co.uk/id/4000000074548392,http://www.ordnancesurvey.co.uk/xml/codelists/localtype.xml#village,King's Lynn and West Norfolk,http://data.ordnancesurvey.co.uk/id/7000000000007016,http://data.ordnancesurvey.co.uk/ontology/admingeo/District,Norfolk,http://data.ordnancesurvey.co.uk/id/7000000000007238,http://data.ordnancesurvey.co.uk/ontology/admingeo/County,Eastern,http://data.ordnancesurvey.co.uk/id/7000000000041425,England,http://data.ordnancesurvey.co.uk/id/country/england,,,
PE343BY,http://data.ordnancesurvey.co.uk/id/postcodeunit/PE343BY,PE34 3BY,,,,other,Postcode,559754,310824,3500,18000,,,,,,,Wiggenhall St Mary Magdalen,http://data.ordnancesurvey.co.uk/id/4000000074548392,http://www.ordnancesurvey.co.uk/xml/codelists/localtype.xml#village,King's Lynn and West Norfolk,http://data.ordnancesurvey.co.uk/id/7000000000007016,http://data.ordnancesurvey.co.uk/ontology/admingeo/District,Norfolk,http://data.ordnancesurvey.co.uk/id/7000000000007238,http://data.ordnancesurvey.co.uk/ontology/admingeo/County,Eastern,http://data.ordnancesurvey.co.uk/id/7000000000041425,England,http://data.ordnancesurvey.co.uk/id/country/england,,,
PE132TZ,http://data.ordnancesurvey.co.uk/id/postcodeunit/PE132TZ,PE13 2TZ,,,,other,Postcode,545718,308326,3500,18000,,,,,,,Wisbech,http://data.ordnancesurvey.co.uk/id/4000000074551318,http://www.ordnancesurvey.co.uk/xml/codelists/localtype.xml#town,Fenland,http://data.ordnancesurvey.co.uk/id/7000000000001357,http://data.ordnancesurvey.co.uk/ontology/admingeo/District,Cambridgeshire,http://data.ordnancesurvey.co.uk/id/7000000000001386,http://data.ordnancesurvey.co.uk/ontology/admingeo/County,Eastern,http://data.ordnancesurvey.co.uk/id/7000000000041425,England,http://data.ordnancesurvey.co.uk/id/country/england,,,
PE140AF,http://data.ordnancesurvey.co.uk/id/postcodeunit/PE140AF,PE14 0AF,,,,other,Postcode,546961,306962,3500,18000,,,,,,,Elm,http://data.ordnancesurvey.co.uk/id/4000000074341528,http://www.ordnancesurvey.co.uk/xml/codelists/localtype.xml#village,Fenland,http://data.ordnancesurvey.co.uk/id/7000000000001357,http://data.ordnancesurvey.co.uk/ontology/admingeo/District,Cambridgeshire,http://data.ordnancesurvey.co.uk/id/7000000000001386,http://data.ordnancesurvey.co.uk/ontology/admingeo/County,Eastern,http://data.ordnancesurvey.co.uk/id/7000000000041425,England,http://data.ordnancesurvey.co.uk/id/country/england,,,
PE140DZ,http://data.ordnancesurvey.co.uk/id/postcodeunit/PE140DZ,PE14 0DZ,,,,other,Postcode,548373,306848,3500,18000,,,,,,,,,,King's Lynn and West Norfolk,http://data.ordnancesurvey.co.uk/id/7000000000007016,http://data.ordnancesurvey.co.uk/ontology/admingeo/District,Norfolk,http://data.ordnancesurvey.co.uk/id/7000000000007238,http://data.ordnancesurvey.co.uk/ontology/admingeo/County,Eastern,http://data.ordnancesurvey.co.uk/id/7000000000041425,England,http://data.ordnancesurvey.co.uk/id/country/england,,,
PE132HZ,http://data.ordnancesurvey.co.uk/id/postcodeunit/PE132HZ,PE13 2HZ,,,,other,Postcode,547102,309139,3500,18000,,,,,,,Wisbech,http://data.ordnancesurvey.co.uk/id/4000000074551318,http://www.ordnancesurvey.co.uk/xml/codelists/localtype.xml#town,Fenland,http://data.ordnancesurvey.co.uk/id/7000000000001357,http://data.ordnancesurvey.co.uk/ontology/admingeo/District,Cambridgeshire,http://data.ordnancesurvey.co.uk/id/7000000000001386,http://data.ordnancesurvey.co.uk/ontology/admingeo/County,Eastern,http://data.ordnancesurvey.co.uk/id/7000000000041425,England,http://data.ordnancesurvey.co.uk/id/country/england,,,
PE343DZ,http://data.ordnancesurvey.co.uk/id/postcodeunit/PE343DZ,PE34 3DZ,,,,other,Postcode,559366,314289,3500,18000,,,,,,,Wiggenhall St Germans,http://data.ordnancesurvey.co.uk/id/4000000074550213,http://www.ordnancesurvey.co.uk/xml/codelists/localtype.xml#village,King's Lynn and West Norfolk,http://data.ordnancesurvey.co.uk/id/7000000000007016,http://data.ordnancesurvey.co.uk/ontology/admingeo/District,Norfolk,http://data.ordnancesurvey.co.uk/id/7000000000007238,http://data.ordnancesurvey.co.uk/ontology/admingeo/County,Eastern,http://data.ordnancesurvey.co.uk/id/7000000000041425,England,http://data.ordnancesurvey.co.uk/id/country/england,,,
PE344NU,http://data.ordnancesurvey.co.uk/id/postcodeunit/PE344NU,PE34 4NU,,,,other,Postcode,553956,319631,3500,18000,,,,,,,Terrington St Clement,http://data.ordnancesurvey.co.uk/id/4000000074548395,http://www.ordnancesurvey.co.uk/xml/codelists/localtype.xml#otherSettlement,King's Lynn and West Norfolk,http://data.ordnancesurvey.co.uk/id/7000000000007016,http://data.ordnancesurvey.co.uk/ontology/admingeo/District,Norfolk,http://data.ordnancesurvey.co.uk/id/7000000000007238,http://data.ordnancesurvey.co.uk/ontology/admingeo/County,Eastern,http://data.ordnancesurvey.co.uk/id/7000000000041425,England,http://data.ordnancesurvey.co.uk/id/country/england,,,
PE147DJ,http://data.ordnancesurvey.co.uk/id/postcodeunit/PE147DJ,PE14 7DJ,,,,other,Postcode,550268,311258,3500,18000,,,,,,,,,,King's Lynn and West Norfolk,http://data.ordnancesurvey.co.uk/id/7000000000007016,http://data.ordnancesurvey.co.uk/ontology/admingeo/District,Norfolk,http://data.ordnancesurvey.co.uk/id/7000000000007238,http://data.ordnancesurvey.co.uk/ontology/admingeo/County,Eastern,http://data.ordnancesurvey.co.uk/id/7000000000041425,England,http://data.ordnancesurvey.co.uk/id/country/england,,,
PE148PZ,http://data.ordnancesurvey.co.uk/id/postcodeunit/PE148PZ,PE14 8PZ,,,,other,Postcode,551311,303703,3500,18000,,,,,,,Outwell,http://data.ordnancesurvey.co.uk/id/4000000074548389,http://www.ordnancesurvey.co.uk/xml/codelists/localtype.xml#village,King's Lynn and West Norfolk,http://data.ordnancesurvey.co.uk/id/7000000000007016,http://data.ordnancesurvey.co.uk/ontology/admingeo/District,Norfolk,http://data.ordnancesurvey.co.uk/id/7000000000007238,http://data.ordnancesurvey.co.uk/ontology/admingeo/County,Eastern,http://data.ordnancesurvey.co.uk/id/7000000000041425,England,http://data.ordnancesurvey.co.uk/id/country/england,,,
PE149AF,http://data.ordnancesurvey.co.uk/id/postcodeunit/PE149AF,PE14 9AF,,,,other,Postcode,550916,303201,3500,18000,,,,,,,Upwell,http://data.ordnancesurvey.co.uk/id/4000000074550938,http://www.ordnancesurvey.co.uk/xml/codelists/localtype.xml#village,King's Lynn and West Norfolk,http://data.ordnancesurvey.co.uk/id/7000000000007016,http://data.ordnancesurvey.co.uk/ontology/admingeo/District,Norfolk,http://data.ordnancesurvey.co.uk/id/7000000000007238,http://data.ordnancesurvey.co.uk/ontology/admingeo/County,Eastern,http://data.ordnancesurvey.co.uk/id/7000000000041425,England,http://data.ordnancesurvey.co.uk/id/country/england,,,
PE132SJ,http://data.ordnancesurvey.co.uk/id/postcodeunit/PE132SJ,PE13 2SJ,,,,other,Postcode,546891,308431,3500,18000,,,,,,,Wisbech,http://data.ordnancesurvey.co.uk/id/4000000074551318,http://www.ordnancesurvey.co.uk/xml/codelists/localtype.xml#town,Fenland,http://data.ordnancesurvey.co.uk/id/7000000000001357,http://data.ordnancesurvey.co.uk/ontology/admingeo/District,Cambridgeshire,http://data.ordnancesurvey.co.uk/id/7000000000001386,http://data.ordnancesurvey.co.uk/ontology/admingeo/County,Eastern,http://data.ordnancesurvey.co.uk/id/7000000000041425,England,http://data.ordnancesurvey.co.uk/id/country/england,,,
PE131AT,http://data.ordnancesurvey.co.uk/id/postcodeunit/PE131AT,PE13 1AT,,,,other,Postcode,546341,309710,3500,18000,,,,,,,Wisbech,http://data.ordnancesurvey.co.uk/id/4000000074551318,http://www.ordnancesurvey.co.uk/xml/codelists/localtype.xml#town,Fenland,http://data.ordnancesurvey.co.uk/id/7000000000001357,http://data.ordnancesurvey.co.uk/ontology/admingeo/District,Cambridgeshire,http://data.ordnancesurvey.co.uk/id/7000000000001386,http://data.ordnancesurvey.co.uk/ontology/admingeo/County,Eastern,http://data.ordnancesurvey.co.uk/id/7000000000041425,England,http://data.ordnancesurvey.co.uk/id/country/england,,,
PE134UB,http://data.ordnancesurvey.co.uk/id/postcodeunit/PE134UB,PE13 4UB,,,,other,Postcode,541895,306564,3500,18000,,,,,,,,,,Fenland,http://data.ordnancesurvey.co.uk/id/7000000000001357,http://data.ordnancesurvey.co.uk/ontology/admingeo/District,Cambridgeshire,http://data.ordnancesurvey.co.uk/id/7000000000001386,http://data.ordnancesurvey.co.uk/ontology/admingeo/County,Eastern,http://data.ordnancesurvey.co.uk/id/7000000000041425,England,http://data.ordnancesurvey.co.uk/id/country/england,,,
PE133BX,http://data.ordnancesurvey.co.uk/id/postcodeunit/PE133BX,PE13 3BX,,,,other,Postcode,546060,310222,3500,18000,,,,,,,Wisbech,http://data.ordnancesurvey.co.uk/id/4000000074551318,http://www.ordnancesurvey.co.uk/xml/codelists/localtype.xml#town,Fenland,http://data.ordnancesurvey.co.uk/id/7000000000001357,http://data.ordnancesurvey.co.uk/ontology/admingeo/District,Cambridgeshire,http://data.ordnancesurvey.co.uk/id/7000000000001386,http://data.ordnancesurvey.co.uk/ontology/admingeo/County,Eastern,http://data.ordnancesurvey.co.uk/id/7000000000041425,England,http://data.ordnancesurvey.co.uk/id/country/england,,,
PE133UE,http://data.ordnancesurvey.co.uk/id/postcodeunit/PE133UE,PE13 3UE,,,,other,Postcode,547647,310403,3500,18000,,,,,,,Wisbech,http://data.ordnancesurvey.co.uk/id/4000000074551318,http://www.ordnancesurvey.co.uk/xml/codelists/localtype.xml#town,Fenland,http://data.ordnancesurvey.co.uk/id/7000000000001357,http://data.ordnancesurvey.co.uk/ontology/admingeo/District,Cambridgeshire,http://data.ordnancesurvey.co.uk/id/7000000000001386,http://data.ordnancesurvey.co.uk/ontology/admingeo/County,Eastern,http://data.ordnancesurvey.co.uk/id/7000000000041425,England,http://data.ordnancesurvey.co.uk/id/country/england,,,
PE132DP,http://data.ordnancesurvey.co.uk/id/postcodeunit/PE132DP,PE13 2DP,,,,other,Postcode,546434,309539,3500,18000,,,,,,,Wisbech,http://data.ordnancesurvey.co.uk/id/4000000074551318,http://www.ordnancesurvey.co.uk/xml/codelists/localtype.xml#town,Fenland,http://data.ordnancesurvey.co.uk/id/7000000000001357,http://data.ordnancesurvey.co.uk/ontology/admingeo/District,Cambridgeshire,http://data.ordnancesurvey.co.uk/id/7000000000001386,http://data.ordnancesurvey.co.uk/ontology/admingeo/County,Eastern,http://data.ordnancesurvey.co.uk/id/7000000000041425,England,http://data.ordnancesurvey.co.uk/id/country/england,,,
PE147AG,http://data.ordnancesurvey.co.uk/id/postcodeunit/PE147AG,PE14 7AG,,,,other,Postcode,547137,312153,3500,18000,,,,,,,,,,King's Lynn and West Norfolk,http://data.ordnancesurvey.co.uk/id/7000000000007016,http://data.ordnancesurvey.co.uk/ontology/admingeo/District,Norfolk,http://data.ordnancesurvey.co.uk/id/7000000000007238,http://data.ordnancesurvey.co.uk/ontology/admingeo/County,Eastern,http://data.ordnancesurvey.co.uk/id/7000000000041425,England,http://data.ordnancesurvey.co.uk/id/country/england,,,
PE343FJ,http://data.ordnancesurvey.co.uk/id/postcodeunit/PE343FJ,PE34 3FJ,,,,other,Postcode,559471,314089,3500,18000,,,,,,,Wiggenhall St Germans,http://data.ordnancesurvey.co.uk/id/4000000074550213,http://www.ordnancesurvey.co.uk/xml/codelists/localtype.xml#village,King's Lynn and West Norfolk,http://data.ordnancesurvey.co.uk/id/7000000000007016,http://data.ordnancesurvey.co.uk/ontology/admingeo/District,Norfolk,http://data.ordnancesurvey.co.uk/id/7000000000007238,http://data.ordnancesurvey.co.uk/ontology/admingeo/County,Eastern,http://data.ordnancesurvey.co.uk/id/7000000000041425,England,http://data.ordnancesurvey.co.uk/id/country/england,,,
PE344DG,http://data.ordnancesurvey.co.uk/id/postcodeunit/PE344DG,PE34 4DG,,,,other,Postcode,557722,319894,3500,18000,,,,,,,Clenchwarton,http://data.ordnancesurvey.co.uk/id/4000000074548398,http://www.ordnancesurvey.co.uk/xml/codelists/localtype.xml#village,King's Lynn and West Norfolk,http://data.ordnancesurvey.co.uk/id/7000000000007016,http://data.ordnancesurvey.co.uk/ontology/admingeo/District,Norfolk,http://data.ordnancesurvey.co.uk/id/7000000000007238,http://data.ordnancesurvey.co.uk/ontology/admingeo/County,Eastern,http://data.ordnancesurvey.co.uk/id/7000000000041425,England,http://data.ordnancesurvey.co.uk/id/country/england,,,
PE148ER,http://data.ordnancesurvey.co.uk/id/postcodeunit/PE148ER,PE14 8ER,,,,other,Postcode,552118,308713,3500,18000,,,,,,,,,,King's Lynn and West Norfolk,http://data.ordnancesurvey.co.uk/id/7000000000007016,http://data.ordnancesurvey.co.uk/ontology/admingeo/District,Norfolk,http://data.ordnancesurvey.co.uk/id/7000000000007238,http://data.ordnancesurvey.co.uk/ontology/admingeo/County,Eastern,http://data.ordnancesurvey.co.uk/id/7000000000041425,England,http://data.ordnancesurvey.co.uk/id/country/england,,,
PE149DS,http://data.ordnancesurvey.co.uk/id/postcodeunit/PE149DS,PE14 9DS,,,,other,Postcode,549700,302133,3500,18000,,,,,,,Upwell,http://data.ordnancesurvey.co.uk/id/4000000074550938,http://www.ordnancesurvey.co.uk/xml/codelists/localtype.xml#village,King's Lynn and West Norfolk,http://data.ordnancesurvey.co.uk/id/7000000000007016,http://data.ordnancesurvey.co.uk/ontology/admingeo/District,Norfolk,http://data.ordnancesurvey.co.uk/id/7000000000007238,http://data.ordnancesurvey.co.uk/ontology/admingeo/County,Eastern,http://data.ordnancesurvey.co.uk/id/7000000000041425,England,http://data.ordnancesurvey.co.uk/id/country/england,,,
PE134QD,http://data.ordnancesurvey.co.uk/id/postcodeunit/PE134QD,PE13 4QD,,,,other,Postcode,540938,312551,3500,18000,,,,,,,,,,Fenland,http://data.ordnancesurvey.co.uk/id/7000000000001357,http://data.ordnancesurvey.co.uk/ontology/admingeo/District,Cambridgeshire,http://data.ordnancesurvey.co.uk/id/7000000000001386,http://data.ordnancesurvey.co.uk/ontology/admingeo/County,Eastern,http://data.ordnancesurvey.co.uk/id/7000000000041425,England,http://data.ordnancesurvey.co.uk/id/country/england,,,
PE344EU,http://data.ordnancesurvey.co.uk/id/postcodeunit/PE344EU,PE34 4EU,,,,other,Postcode,554068,319577,3500,18000,,,,,,,Terrington St Clement,http://data.ordnancesurvey.co.uk/id/4000000074548395,http://www.ordnancesurvey.co.uk/xml/codelists/localtype.xml#otherSettlement,King's Lynn and West Norfolk,http://data.ordnancesurvey.co.uk/id/7000000000007016,http://data.ordnancesurvey.co.uk/ontology/admingeo/District,Norfolk,http://data.ordnancesurvey.co.uk/id/7000000000007238,http://data.ordnancesurvey.co.uk/ontology/admingeo/County,Eastern,http://data.ordnancesurvey.co.uk/id/7000000000041425,England,http://data.ordnancesurvey.co.uk/id/country/england,,,
PE133AH,http://data.ordnancesurvey.co.uk/id/postcodeunit/PE133AH,PE13 3AH,,,,other,Postcode,546392,309938,3500,18000,,,,,,,Wisbech,http://data.ordnancesurvey.co.uk/id/4000000074551318,http://www.ordnancesurvey.co.uk/xml/codelists/localtype.xml#town,Fenland,http://data.ordnancesurvey.co.uk/id/7000000000001357,http://data.ordnancesurvey.co.uk/ontology/admingeo/District,Cambridgeshire,http://data.ordnancesurvey.co.uk/id/7000000000001386,http://data.ordnancesurvey.co.uk/ontology/admingeo/County,Eastern,http://data.ordnancesurvey.co.uk/id/7000000000041425,England,http://data.ordnancesurvey.co.uk/id/country/england,,,
PE380BD,http://data.ordnancesurvey.co.uk/id/postcodeunit/PE380BD,PE38 0BD,,,,other,Postcode,558530,301617,3500,18000,,,,,,,Salters Lode,http://data.ordnancesurvey.co.uk/id/4000000074550570,http://www.ordnancesurvey.co.uk/xml/codelists/localtype.xml#village,King's Lynn and West Norfolk,http://data.ordnancesurvey.co.uk/id/7000000000007016,http://data.ordnancesurvey.co.uk/ontology/admingeo/District,Norfolk,http://data.ordnancesurvey.co.uk/id/7000000000007238,http://data.ordnancesurvey.co.uk/ontology/admingeo/County,Eastern,http://data.ordnancesurvey.co.uk/id/7000000000041425,England,http://data.ordnancesurvey.co.uk/id/country/england,,,
PE144EL,http://data.ordnancesurvey.co.uk/id/postcodeunit/PE144EL,PE14 4EL,,,,other,Postcode,545574,308434,3500,18000,,,,,,,Wisbech,http://data.ordnancesurvey.co.uk/id/4000000074551318,http://www.ordnancesurvey.co.uk/xml/codelists/localtype.xml#town,Fenland,http://data.ordnancesurvey.co.uk/id/7000000000001357,http://data.ordnancesurvey.co.uk/ontology/admingeo/District,Cambridgeshire,http://data.ordnancesurvey.co.uk/id/7000000000001386,http://data.ordnancesurvey.co.uk/ontology/admingeo/County,Eastern,http://data.ordnancesurvey.co.uk/id/7000000000041425,England,http://data.ordnancesurvey.co.uk/id/country/england,,,
PE135QQ,http://data.ordnancesurvey.co.uk/id/postcodeunit/PE135QQ,PE13 5QQ,,,,other,Postcode,544857,318705,3500,18000,,,,,,,Tydd St Mary,http://data.ordnancesurvey.co.uk/id/4000000074548410,http://www.ordnancesurvey.co.uk/xml/codelists/localtype.xml#village,South Holland,http://data.ordnancesurvey.co.uk/id/7000000000005599,http://data.ordnancesurvey.co.uk/ontology/admingeo/District,Lincolnshire,http://data.ordnancesurvey.co.uk/id/7000000000005942,http://data.ordnancesurvey.co.uk/ontology/admingeo/County,East Midlands,http://data.ordnancesurvey.co.uk/id/7000000000041423,England,http://data.ordnancesurvey.co.uk/id/country/england,,,
PE132AH,http://data.ordnancesurvey.co.uk/id/postcodeunit/PE132AH,PE13 2AH,,,,other,Postcode,546628,309605,3500,18000,,,,,,,Wisbech,http://data.ordnancesurvey.co.uk/id/4000000074551318,http://www.ordnancesurvey.co.uk/xml/codelists/localtype.xml#town,Fenland,http://data.ordnancesurvey.co.uk/id/7000000000001357,http://data.ordnancesurvey.co.uk/ontology/admingeo/District,Cambridgeshire,http://data.ordnancesurvey.co.uk/id/7000000000001386,http://data.ordnancesurvey.co.uk/ontology/admingeo/County,Eastern,http://data.ordnancesurvey.co.uk/id/7000000000041425,England,http://data.ordnancesurvey.co.uk/id/country/england,,,
PE149HG,http://data.ordnancesurvey.co.uk/id/postcodeunit/PE149HG,PE14 9HG,,,,other,Postcode,549885,300230,3500,18000,,,,,,,,,,Fenland,http://data.ordnancesurvey.co.uk/id/7000000000001357,http://data.ordnancesurvey.co.uk/ontology/admingeo/District,Cambridgeshire,http://data.ordnancesurvey.co.uk/id/7000000000001386,http://data.ordnancesurvey.co.uk/ontology/admingeo/County,Eastern,http://data.ordnancesurvey.co.uk/id/7000000000041425,England,http://data.ordnancesurvey.co.uk/id/country/england,,,
PE134QE,http://data.ordnancesurvey.co.uk/id/postcodeunit/PE134QE,PE13 4QE,,,,other,Postcode,540912,312704,3500,18000,,,,,,,,,,Fenland,http://data.ordnancesurvey.co.uk/id/7000000000001357,http://data.ordnancesurvey.co.uk/ontology/admingeo/District,Cambridgeshire,http://data.ordnancesurvey.co.uk/id/7000000000001386,http://data.ordnancesurvey.co.uk/ontology/admingeo/County,Eastern,http://data.ordnancesurvey.co.uk/id/7000000000041425,England,http://data.ordnancesurvey.co.uk/id/country/england,,,
PE133TR,http://data.ordnancesurvey.co.uk/id/postcodeunit/PE133TR,PE13 3TR,,,,other,Postcode,547636,310189,3500,18000,,,,,,,Wisbech,http://data.ordnancesurvey.co.uk/id/4000000074551318,http://www.ordnancesurvey.co.uk/xml/codelists/localtype.xml#town,Fenland,http://data.ordnancesurvey.co.uk/id/7000000000001357,http://data.ordnancesurvey.co.uk/ontology/admingeo/District,Cambridgeshire,http://data.ordnancesurvey.co.uk/id/7000000000001386,http://data.ordnancesurvey.co.uk/ontology/admingeo/County,Eastern,http://data.ordnancesurvey.co.uk/id/7000000000041425,England,http://data.ordnancesurvey.co.uk/id/country/england,,,
PE134TF,http://data.ordnancesurvey.co.uk/id/postcodeunit/PE134TF,PE13 4TF,,,,other,Postcode,544747,309334,3500,18000,,,,,,,Wisbech,http://data.ordnancesurvey.co.uk/id/4000000074551318,http://www.ordnancesurvey.co.uk/xml/codelists/localtype.xml#town,Fenland,http://data.ordnancesurvey.co.uk/id/7000000000001357,http://data.ordnancesurvey.co.uk/ontology/admingeo/District,Cambridgeshire,http://data.ordnancesurvey.co.uk/id/7000000000001386,http://data.ordnancesurvey.co.uk/ontology/admingeo/County,Eastern,http://data.ordnancesurvey.co.uk/id/7000000000041425,England,http://data.ordnancesurvey.co.uk/id/country/england,,,
PE149BZ,http://data.ordnancesurvey.co.uk/id/postcodeunit/PE149BZ,PE14 9BZ,,,,other,Postcode,552305,302140,3500,18000,,,,,,,,,,King's Lynn and West Norfolk,http://data.ordnancesurvey.co.uk/id/7000000000007016,http://data.ordnancesurvey.co.uk/ontology/admingeo/District,Norfolk,http://data.ordnancesurvey.co.uk/id/7000000000007238,http://data.ordnancesurvey.co.uk/ontology/admingeo/County,Eastern,http://data.ordnancesurvey.co.uk/id/7000000000041425,England,http://data.ordnancesurvey.co.uk/id/country/england,,,
PE144EB,http://data.ordnancesurvey.co.uk/id/postcodeunit/PE144EB,PE14 4EB,,,,other,Postcode,545574,308434,3500,18000,,,,,,,Wisbech,http://data.ordnancesurvey.co.uk/id/4000000074551318,http://www.ordnancesurvey.co.uk/xml/codelists/localtype.xml#town,Fenland,http://data.ordnancesurvey.co.uk/id/7000000000001357,http://data.ordnancesurvey.co.uk/ontology/admingeo/District,Cambridgeshire,http://data.ordnancesurvey.co.uk/id/7000000000001386,http://data.ordnancesurvey.co.uk/ontology/admingeo/County,Eastern,http://data.ordnancesurvey.co.uk/id/7000000000041425,England,http://data.ordnancesurvey.co.uk/id/country/england,,,
PE343BQ,http://data.ordnancesurvey.co.uk/id/postcodeunit/PE343BQ,PE34 3BQ,,,,other,Postcode,558038,311932,3500,18000,,,,,,,,,,King's Lynn and West Norfolk,http://data.ordnancesurvey.co.uk/id/7000000000007016,http://data.ordnancesurvey.co.uk/ontology/admingeo/District,Norfolk,http://data.ordnancesurvey.co.uk/id/7000000000007238,http://data.ordnancesurvey.co.uk/ontology/admingeo/County,Eastern,http://data.ordnancesurvey.co.uk/id/7000000000041425,England,http://data.ordnancesurvey.co.uk/id/country/england,,,
PE135EU,http://data.ordnancesurvey.co.uk/id/postcodeunit/PE135EU,PE13 5EU,,,,other,Postcode,544152,314514,3500,18000,,,,,,,Newton-in-the-Isle,http://data.ordnancesurvey.co.uk/id/4000000074548769,http://www.ordnancesurvey.co.uk/xml/codelists/localtype.xml#village,Fenland,http://data.ordnancesurvey.co.uk/id/7000000000001357,http://data.ordnancesurvey.co.uk/ontology/admingeo/District,Cambridgeshire,http://data.ordnancesurvey.co.uk/id/7000000000001386,http://data.ordnancesurvey.co.uk/ontology/admingeo/County,Eastern,http://data.ordnancesurvey.co.uk/id/7000000000041425,England,http://data.ordnancesurvey.co.uk/id/country/england,,,
PE147DR,http://data.ordnancesurvey.co.uk/id/postcodeunit/PE147DR,PE14 7DR,,,,other,Postcode,548757,313099,3500,18000,,,,,,,Walton Highway,http://data.ordnancesurvey.co.uk/id/4000000074552040,http://www.ordnancesurvey.co.uk/xml/codelists/localtype.xml#village,King's Lynn and West Norfolk,http://data.ordnancesurvey.co.uk/id/7000000000007016,http://data.ordnancesurvey.co.uk/ontology/admingeo/District,Norfolk,http://data.ordnancesurvey.co.uk/id/7000000000007238,http://data.ordnancesurvey.co.uk/ontology/admingeo/County,Eastern,http://data.ordnancesurvey.co.uk/id/7000000000041425,England,http://data.ordnancesurvey.co.uk/id/country/england,,,
PE131RD,http://data.ordnancesurvey.co.uk/id/postcodeunit/PE131RD,PE13 1RD,,,,other,Postcode,545908,309830,3500,18000,,,,,,,Wisbech,http://data.ordnancesurvey.co.uk/id/4000000074551318,http://www.ordnancesurvey.co.uk/xml/codelists/localtype.xml#town,Fenland,http://data.ordnancesurvey.co.uk/id/7000000000001357,http://data.ordnancesurvey.co.uk/ontology/admingeo/District,Cambridgeshire,http://data.ordnancesurvey.co.uk/id/7000000000001386,http://data.ordnancesurvey.co.uk/ontology/admingeo/County,Eastern,http://data.ordnancesurvey.co.uk/id/7000000000041425,England,http://data.ordnancesurvey.co.uk/id/country/england,,,
PE147SW,http://data.ordnancesurvey.co.uk/id/postcodeunit/PE147SW,PE14 7SW,,,,other,Postcode,551953,312410,3500,18000,,,,,,,,,,King's Lynn and West Norfolk,http://data.ordnancesurvey.co.uk/id/7000000000007016,http://data.ordnancesurvey.co.uk/ontology/admingeo/District,Norfolk,http://data.ordnancesurvey.co.uk/id/7000000000007238,http://data.ordnancesurvey.co.uk/ontology/admingeo/County,Eastern,http://data.ordnancesurvey.co.uk/id/7000000000041425,England,http://data.ordnancesurvey.co.uk/id/country/england,,,
PE148PL,http://data.ordnancesurvey.co.uk/id/postcodeunit/PE148PL,PE14 8PL,,,,other,Postcode,551386,305645,3500,18000,,,,,,,,,,King's Lynn and West Norfolk,http://data.ordnancesurvey.co.uk/id/7000000000007016,http://data.ordnancesurvey.co.uk/ontology/admingeo/District,Norfolk,http://data.ordnancesurvey.co.uk/id/7000000000007238,http://data.ordnancesurvey.co.uk/ontology/admingeo/County,Eastern,http://data.ordnancesurvey.co.uk/id/7000000000041425,England,http://data.ordnancesurvey.co.uk/id/country/england,,,
PE132BD,http://data.ordnancesurvey.co.uk/id/postcodeunit/PE132BD,PE13 2BD,,,,other,Postcode,546810,309680,3500,18000,,,,,,,Wisbech,http://data.ordnancesurvey.co.uk/id/4000000074551318,http://www.ordnancesurvey.co.uk/xml/codelists/localtype.xml#town,Fenland,http://data.ordnancesurvey.co.uk/id/7000000000001357,http://data.ordnancesurvey.co.uk/ontology/admingeo/District,Cambridgeshire,http://data.ordnancesurvey.co.uk/id/7000000000001386,http://data.ordnancesurvey.co.uk/ontology/admingeo/County,Eastern,http://data.ordnancesurvey.co.uk/id/7000000000041425,England,http://data.ordnancesurvey.co.uk/id/country/england,,,
PE133UN,http://data.ordnancesurvey.co.uk/id/postcodeunit/PE133UN,PE13 3UN,,,,other,Postcode,547451,310058,3500,18000,,,,,,,Wisbech,http://data.ordnancesurvey.co.uk/id/4000000074551318,http://www.ordnancesurvey.co.uk/xml/codelists/localtype.xml#town,Fenland,http://data.ordnancesurvey.co.uk/id/7000000000001357,http://data.ordnancesurvey.co.uk/ontology/admingeo/District,Cambridgeshire,http://data.ordnancesurvey.co.uk/id/7000000000001386,http://data.ordnancesurvey.co.uk/ontology/admingeo/County,Eastern,http://data.ordnancesurvey.co.uk/id/7000000000041425,England,http://data.ordnancesurvey.co.uk/id/country/england,,,
PE134TR,http://data.ordnancesurvey.co.uk/id/postcodeunit/PE134TR,PE13 4TR,,,,other,Postcode,544240,308432,3500,18000,,,,,,,,,,Fenland,http://data.ordnancesurvey.co.uk/id/7000000000001357,http://data.ordnancesurvey.co.uk/ontology/admingeo/District,Cambridgeshire,http://data.ordnancesurvey.co.uk/id/7000000000001386,http://data.ordnancesurvey.co.uk/ontology/admingeo/County,Eastern,http://data.ordnancesurvey.co.uk/id/7000000000041425,England,http://data.ordnancesurvey.co.uk/id/country/england,,,
PE134RP,http://data.ordnancesurvey.co.uk/id/postcodeunit/PE134RP,PE13 4RP,,,,other,Postcode,542660,308162,3500,18000,,,,,,,Wisbech St Mary,http://data.ordnancesurvey.co.uk/id/4000000074551315,http://www.ordnancesurvey.co.uk/xml/codelists/localtype.xml#village,Fenland,http://data.ordnancesurvey.co.uk/id/7000000000001357,http://data.ordnancesurvey.co.uk/ontology/admingeo/District,Cambridgeshire,http://data.ordnancesurvey.co.uk/id/7000000000001386,http://data.ordnancesurvey.co.uk/ontology/admingeo/County,Eastern,http://data.ordnancesurvey.co.uk/id/7000000000041425,England,http://data.ordnancesurvey.co.uk/id/country/england,,,
PE134RB,http://data.ordnancesurvey.co.uk/id/postcodeunit/PE134RB,PE13 4RB,,,,other,Postcode,541695,307951,3500,18000,,,,,,,Wisbech St Mary,http://data.ordnancesurvey.co.uk/id/4000000074551315,http://www.ordnancesurvey.co.uk/xml/codelists/localtype.xml#village,Fenland,http://data.ordnancesurvey.co.uk/id/7000000000001357,http://data.ordnancesurvey.co.uk/ontology/admingeo/District,Cambridgeshire,http://data.ordnancesurvey.co.uk/id/7000000000001386,http://data.ordnancesurvey.co.uk/ontology/admingeo/County,Eastern,http://data.ordnancesurvey.co.uk/id/7000000000041425,England,http://data.ordnancesurvey.co.uk/id/country/england,,,
PE133BY,http://data.ordnancesurvey.co.uk/id/postcodeunit/PE133BY,PE13 3BY,,,,other,Postcode,546046,310461,3500,18000,,,,,,,Wisbech,http://data.ordnancesurvey.co.uk/id/4000000074551318,http://www.ordnancesurvey.co.uk/xml/codelists/localtype.xml#town,Fenland,http://data.ordnancesurvey.co.uk/id/7000000000001357,http://data.ordnancesurvey.co.uk/ontology/admingeo/District,Cambridgeshire,http://data.ordnancesurvey.co.uk/id/7000000000001386,http://data.ordnancesurvey.co.uk/ontology/admingeo/County,Eastern,http://data.ordnancesurvey.co.uk/id/7000000000041425,England,http://data.ordnancesurvey.co.uk/id/country/england,,,
PE134NU,http://data.ordnancesurvey.co.uk/id/postcodeunit/PE134NU,PE13 4NU,,,,other,Postcode,540912,310243,3500,18000,,,,,,,,,,Fenland,http://data.ordnancesurvey.co.uk/id/7000000000001357,http://data.ordnancesurvey.co.uk/ontology/admingeo/District,Cambridgeshire,http://data.ordnancesurvey.co.uk/id/7000000000001386,http://data.ordnancesurvey.co.uk/ontology/admingeo/County,Eastern,http://data.ordnancesurvey.co.uk/id/7000000000041425,England,http://data.ordnancesurvey.co.uk/id/country/england,,,
PE135QG,http://data.ordnancesurvey.co.uk/id/postcodeunit/PE135QG,PE13 5QG,,,,other,Postcode,545041,318113,3500,18000,,,,,,,Tydd Gote,http://data.ordnancesurvey.co.uk/id/4000000074548409,http://www.ordnancesurvey.co.uk/xml/codelists/localtype.xml#village,South Holland,http://data.ordnancesurvey.co.uk/id/7000000000005599,http://data.ordnancesurvey.co.uk/ontology/admingeo/District,Lincolnshire,http://data.ordnancesurvey.co.uk/id/7000000000005942,http://data.ordnancesurvey.co.uk/ontology/admingeo/County,East Midlands,http://data.ordnancesurvey.co.uk/id/7000000000041423,England,http://data.ordnancesurvey.co.uk/id/country/england,,,
PE132BT,http://data.ordnancesurvey.co.uk/id/postcodeunit/PE132BT,PE13 2BT,,,,other,Postcode,546579,309465,3500,18000,,,,,,,Wisbech,http://data.ordnancesurvey.co.uk/id/4000000074551318,http://www.ordnancesurvey.co.uk/xml/codelists/localtype.xml#town,Fenland,http://data.ordnancesurvey.co.uk/id/7000000000001357,http://data.ordnancesurvey.co.uk/ontology/admingeo/District,Cambridgeshire,http://data.ordnancesurvey.co.uk/id/7000000000001386,http://data.ordnancesurvey.co.uk/ontology/admingeo/County,Eastern,http://data.ordnancesurvey.co.uk/id/7000000000041425,England,http://data.ordnancesurvey.co.uk/id/country/england,,,
PE133JU,http://data.ordnancesurvey.co.uk/id/postcodeunit/PE133JU,PE13 3JU,,,,other,Postcode,545877,311052,3500,18000,,,,,,,Wisbech,http://data.ordnancesurvey.co.uk/id/4000000074551318,http://www.ordnancesurvey.co.uk/xml/codelists/localtype.xml#town,Fenland,http://data.ordnancesurvey.co.uk/id/7000000000001357,http://data.ordnancesurvey.co.uk/ontology/admingeo/District,Cambridgeshire,http://data.ordnancesurvey.co.uk/id/7000000000001386,http://data.ordnancesurvey.co.uk/ontology/admingeo/County,Eastern,http://data.ordnancesurvey.co.uk/id/7000000000041425,England,http://data.ordnancesurvey.co.uk/id/country/england,,,
PE147DD,http://data.ordnancesurvey.co.uk/id/postcodeunit/PE147DD,PE14 7DD,,,,other,Postcode,550096,312095,3500,18000,,,,,,,,,,King's Lynn and West Norfolk,http://data.ordnancesurvey.co.uk/id/7000000000007016,http://data.ordnancesurvey.co.uk/ontology/admingeo/District,Norfolk,http://data.ordnancesurvey.co.uk/id/7000000000007238,http://data.ordnancesurvey.co.uk/ontology/admingeo/County,Eastern,http://data.ordnancesurvey.co.uk/id/7000000000041425,England,http://data.ordnancesurvey.co.uk/id/country/england,,,
PE133EG,http://data.ordnancesurvey.co.uk/id/postcodeunit/PE133EG,PE13 3EG,,,,other,Postcode,547044,310647,3500,18000,,,,,,,Wisbech,http://data.ordnancesurvey.co.uk/id/4000000074551318,http://www.ordnancesurvey.co.uk/xml/codelists/localtype.xml#town,Fenland,http://data.ordnancesurvey.co.uk/id/7000000000001357,http://data.ordnancesurvey.co.uk/ontology/admingeo/District,Cambridgeshire,http://data.ordnancesurvey.co.uk/id/7000000000001386,http://data.ordnancesurvey.co.uk/ontology/admingeo/County,Eastern,http://data.ordnancesurvey.co.uk/id/7000000000041425,England,http://data.ordnancesurvey.co.uk/id/country/england,,,
PE148HF,http://data.ordnancesurvey.co.uk/id/postcodeunit/PE148HF,PE14 8HF,,,,other,Postcode,553267,306983,3500,18000,,,,,,,,,,King's Lynn and West Norfolk,http://data.ordnancesurvey.co.uk/id/7000000000007016,http://data.ordnancesurvey.co.uk/ontology/admingeo/District,Norfolk,http://data.ordnancesurvey.co.uk/id/7000000000007238,http://data.ordnancesurvey.co.uk/ontology/admingeo/County,Eastern,http://data.ordnancesurvey.co.uk/id/7000000000041425,England,http://data.ordnancesurvey.co.uk/id/country/england,,,
PE131LR,http://data.ordnancesurvey.co.uk/id/postcodeunit/PE131LR,PE13 1LR,,,,other,Postcode,545380,309185,3500,18000,,,,,,,Wisbech,http://data.ordnancesurvey.co.uk/id/4000000074551318,http://www.ordnancesurvey.co.uk/xml/codelists/localtype.xml#town,Fenland,http://data.ordnancesurvey.co.uk/id/7000000000001357,http://data.ordnancesurvey.co.uk/ontology/admingeo/District,Cambridgeshire,http://data.ordnancesurvey.co.uk/id/7000000000001386,http://data.ordnancesurvey.co.uk/ontology/admingeo/County,Eastern,http://data.ordnancesurvey.co.uk/id/7000000000041425,England,http://data.ordnancesurvey.co.uk/id/country/england,,,
PE131JX,http://data.ordnancesurvey.co.uk/id/postcodeunit/PE131JX,PE13 1JX,,,,other,Postcode,545588,309468,3500,18000,,,,,,,Wisbech,http://data.ordnancesurvey.co.uk/id/4000000074551318,http://www.ordnancesurvey.co.uk/xml/codelists/localtype.xml#town,Fenland,http://data.ordnancesurvey.co.uk/id/7000000000001357,http://data.ordnancesurvey.co.uk/ontology/admingeo/District,Cambridgeshire,http://data.ordnancesurvey.co.uk/id/7000000000001386,http://data.ordnancesurvey.co.uk/ontology/admingeo/County,Eastern,http://data.ordnancesurvey.co.uk/id/7000000000041425,England,http://data.ordnancesurvey.co.uk/id/country/england,,,
PE343EP,http://data.ordnancesurvey.co.uk/id/postcodeunit/PE343EP,PE34 3EP,,,,other,Postcode,559839,311231,3500,18000,,,,,,,Wiggenhall St Mary Magdalen,http://data.ordnancesurvey.co.uk/id/4000000074548392,http://www.ordnancesurvey.co.uk/xml/codelists/localtype.xml#village,King's Lynn and West Norfolk,http://data.ordnancesurvey.co.uk/id/7000000000007016,http://data.ordnancesurvey.co.uk/ontology/admingeo/District,Norfolk,http://data.ordnancesurvey.co.uk/id/7000000000007238,http://data.ordnancesurvey.co.uk/ontology/admingeo/County,Eastern,http://data.ordnancesurvey.co.uk/id/7000000000041425,England,http://data.ordnancesurvey.co.uk/id/country/england,,,
PE133TD,http://data.ordnancesurvey.co.uk/id/postcodeunit/PE133TD,PE13 3TD,,,,other,Postcode,547173,309802,3500,18000,,,,,,,Wisbech,http://data.ordnancesurvey.co.uk/id/4000000074551318,http://www.ordnancesurvey.co.uk/xml/codelists/localtype.xml#town,Fenland,http://data.ordnancesurvey.co.uk/id/7000000000001357,http://data.ordnancesurvey.co.uk/ontology/admingeo/District,Cambridgeshire,http://data.ordnancesurvey.co.uk/id/7000000000001386,http://data.ordnancesurvey.co.uk/ontology/admingeo/County,Eastern,http://data.ordnancesurvey.co.uk/id/7000000000041425,England,http://data.ordnancesurvey.co.uk/id/country/england,,,
PE135PJ,http://data.ordnancesurvey.co.uk/id/postcodeunit/PE135PJ,PE13 5PJ,,,,other,Postcode,544877,316298,3500,18000,,,,,,,Four Gotes,http://data.ordnancesurvey.co.uk/id/4000000074326100,http://www.ordnancesurvey.co.uk/xml/codelists/localtype.xml#village,Fenland,http://data.ordnancesurvey.co.uk/id/7000000000001357,http://data.ordnancesurvey.co.uk/ontology/admingeo/District,Cambridgeshire,http://data.ordnancesurvey.co.uk/id/7000000000001386,http://data.ordnancesurvey.co.uk/ontology/admingeo/County,Eastern,http://data.ordnancesurvey.co.uk/id/7000000000041425,England,http://data.ordnancesurvey.co.uk/id/country/england,,,
PE134NE,http://data.ordnancesurvey.co.uk/id/postcodeunit/PE134NE,PE13 4NE,,,,other,Postcode,542070,311635,3500,18000,,,,,,,Gorefield,http://data.ordnancesurvey.co.uk/id/4000000074551667,http://www.ordnancesurvey.co.uk/xml/codelists/localtype.xml#village,Fenland,http://data.ordnancesurvey.co.uk/id/7000000000001357,http://data.ordnancesurvey.co.uk/ontology/admingeo/District,Cambridgeshire,http://data.ordnancesurvey.co.uk/id/7000000000001386,http://data.ordnancesurvey.co.uk/ontology/admingeo/County,Eastern,http://data.ordnancesurvey.co.uk/id/7000000000041425,England,http://data.ordnancesurvey.co.uk/id/country/england,,,
PE131PJ,http://data.ordnancesurvey.co.uk/id/postcodeunit/PE131PJ,PE13 1PJ,,,,other,Postcode,545734,310333,3500,18000,,,,,,,Wisbech,http://data.ordnancesurvey.co.uk/id/4000000074551318,http://www.ordnancesurvey.co.uk/xml/codelists/localtype.xml#town,Fenland,http://data.ordnancesurvey.co.uk/id/7000000000001357,http://data.ordnancesurvey.co.uk/ontology/admingeo/District,Cambridgeshire,http://data.ordnancesurvey.co.uk/id/7000000000001386,http://data.ordnancesurvey.co.uk/ontology/admingeo/County,Eastern,http://data.ordnancesurvey.co.uk/id/7000000000041425,England,http://data.ordnancesurvey.co.uk/id/country/england,,,
PE133FE,http://data.ordnancesurvey.co.uk/id/postcodeunit/PE133FE,PE13 3FE,,,,other,Postcode,546244,310276,3500,18000,,,,,,,Wisbech,http://data.ordnancesurvey.co.uk/id/4000000074551318,http://www.ordnancesurvey.co.uk/xml/codelists/localtype.xml#town,Fenland,http://data.ordnancesurvey.co.uk/id/7000000000001357,http://data.ordnancesurvey.co.uk/ontology/admingeo/District,Cambridgeshire,http://data.ordnancesurvey.co.uk/id/7000000000001386,http://data.ordnancesurvey.co.uk/ontology/admingeo/County,Eastern,http://data.ordnancesurvey.co.uk/id/7000000000041425,England,http://data.ordnancesurvey.co.uk/id/country/england,,,
PE133UT,http://data.ordnancesurvey.co.uk/id/postcodeunit/PE133UT,PE13 3UT,,,,other,Postcode,547238,309986,3500,18000,,,,,,,Wisbech,http://data.ordnancesurvey.co.uk/id/4000000074551318,http://www.ordnancesurvey.co.uk/xml/codelists/localtype.xml#town,Fenland,http://data.ordnancesurvey.co.uk/id/7000000000001357,http://data.ordnancesurvey.co.uk/ontology/admingeo/District,Cambridgeshire,http://data.ordnancesurvey.co.uk/id/7000000000001386,http://data.ordnancesurvey.co.uk/ontology/admingeo/County,Eastern,http://data.ordnancesurvey.co.uk/id/7000000000041425,England,http://data.ordnancesurvey.co.uk/id/country/england,,,
PE133LW,http://data.ordnancesurvey.co.uk/id/postcodeunit/PE133LW,PE13 3LW,,,,other,Postcode,546149,310939,3500,18000,,,,,,,Wisbech,http://data.ordnancesurvey.co.uk/id/4000000074551318,http://www.ordnancesurvey.co.uk/xml/codelists/localtype.xml#town,Fenland,http://data.ordnancesurvey.co.uk/id/7000000000001357,http://data.ordnancesurvey.co.uk/ontology/admingeo/District,Cambridgeshire,http://data.ordnancesurvey.co.uk/id/7000000000001386,http://data.ordnancesurvey.co.uk/ontology/admingeo/County,Eastern,http://data.ordnancesurvey.co.uk/id/7000000000041425,England,http://data.ordnancesurvey.co.uk/id/country/england,,,
PE344RZ,http://data.ordnancesurvey.co.uk/id/postcodeunit/PE344RZ,PE34 4RZ,,,,other,Postcode,557599,315309,3500,18000,,,,,,,,,,King's Lynn and West Norfolk,http://data.ordnancesurvey.co.uk/id/7000000000007016,http://data.ordnancesurvey.co.uk/ontology/admingeo/District,Norfolk,http://data.ordnancesurvey.co.uk/id/7000000000007238,http://data.ordnancesurvey.co.uk/ontology/admingeo/County,Eastern,http://data.ordnancesurvey.co.uk/id/7000000000041425,England,http://data.ordnancesurvey.co.uk/id/country/england,,,
PE344PU,http://data.ordnancesurvey.co.uk/id/postcodeunit/PE344PU,PE34 4PU,,,,other,Postcode,554140,318260,3500,18000,,,,,,,,,,King's Lynn and West Norfolk,http://data.ordnancesurvey.co.uk/id/7000000000007016,http://data.ordnancesurvey.co.uk/ontology/admingeo/District,Norfolk,http://data.ordnancesurvey.co.uk/id/7000000000007238,http://data.ordnancesurvey.co.uk/ontology/admingeo/County,Eastern,http://data.ordnancesurvey.co.uk/id/7000000000041425,England,http://data.ordnancesurvey.co.uk/id/country/england,,,
PE140HZ,http://data.ordnancesurvey.co.uk/id/postcodeunit/PE140HZ,PE14 0HZ,,,,other,Postcode,547029,305143,3500,18000,,,,,,,Friday Bridge,http://data.ordnancesurvey.co.uk/id/4000000074550225,http://www.ordnancesurvey.co.uk/xml/codelists/localtype.xml#village,Fenland,http://data.ordnancesurvey.co.uk/id/7000000000001357,http://data.ordnancesurvey.co.uk/ontology/admingeo/District,Cambridgeshire,http://data.ordnancesurvey.co.uk/id/7000000000001386,http://data.ordnancesurvey.co.uk/ontology/admingeo/County,Eastern,http://data.ordnancesurvey.co.uk/id/7000000000041425,England,http://data.ordnancesurvey.co.uk/id/country/england,,,
PE150BE,http://data.ordnancesurvey.co.uk/id/postcodeunit/PE150BE,PE15 0BE,,,,other,Postcode,540657,300800,3500,18000,,,,,,,,,,Fenland,http://data.ordnancesurvey.co.uk/id/7000000000001357,http://data.ordnancesurvey.co.uk/ontology/admingeo/District,Cambridgeshire,http://data.ordnancesurvey.co.uk/id/7000000000001386,http://data.ordnancesurvey.co.uk/ontology/admingeo/County,Eastern,http://data.ordnancesurvey.co.uk/id/7000000000041425,England,http://data.ordnancesurvey.co.uk/id/country/england,,,
PE149AR,http://data.ordnancesurvey.co.uk/id/postcodeunit/PE149AR,PE14 9AR,,,,other,Postcode,548788,301292,3500,18000,,,,,,,,,,Fenland,http://data.ordnancesurvey.co.uk/id/7000000000001357,http://data.ordnancesurvey.co.uk/ontology/admingeo/District,Cambridgeshire,http://data.ordnancesurvey.co.uk/id/7000000000001386,http://data.ordnancesurvey.co.uk/ontology/admingeo/County,Eastern,http://data.ordnancesurvey.co.uk/id/7000000000041425,England,http://data.ordnancesurvey.co.uk/id/country/england,,,
PE131PX,http://data.ordnancesurvey.co.uk/id/postcodeunit/PE131PX,PE13 1PX,,,,other,Postcode,545464,310910,3500,18000,,,,,,,Wisbech,http://data.ordnancesurvey.co.uk/id/4000000074551318,http://www.ordnancesurvey.co.uk/xml/codelists/localtype.xml#town,Fenland,http://data.ordnancesurvey.co.uk/id/7000000000001357,http://data.ordnancesurvey.co.uk/ontology/admingeo/District,Cambridgeshire,http://data.ordnancesurvey.co.uk/id/7000000000001386,http://data.ordnancesurvey.co.uk/ontology/admingeo/County,Eastern,http://data.ordnancesurvey.co.uk/id/7000000000041425,England,http://data.ordnancesurvey.co.uk/id/country/england,,,
PE135RS,http://data.ordnancesurvey.co.uk/id/postcodeunit/PE135RS,PE13 5RS,,,,other,Postcode,542836,317128,3500,18000,,,,,,,,,,South Holland,http://data.ordnancesurvey.co.uk/id/7000000000005599,http://data.ordnancesurvey.co.uk/ontology/admingeo/District,Lincolnshire,http://data.ordnancesurvey.co.uk/id/7000000000005942,http://data.ordnancesurvey.co.uk/ontology/admingeo/County,East Midlands,http://data.ordnancesurvey.co.uk/id/7000000000041423,England,http://data.ordnancesurvey.co.uk/id/country/england,,,
PE131RU,http://data.ordnancesurvey.co.uk/id/postcodeunit/PE131RU,PE13 1RU,,,,other,Postcode,545280,310576,3500,18000,,,,,,,Wisbech,http://data.ordnancesurvey.co.uk/id/4000000074551318,http://www.ordnancesurvey.co.uk/xml/codelists/localtype.xml#town,Fenland,http://data.ordnancesurvey.co.uk/id/7000000000001357,http://data.ordnancesurvey.co.uk/ontology/admingeo/District,Cambridgeshire,http://data.ordnancesurvey.co.uk/id/7000000000001386,http://data.ordnancesurvey.co.uk/ontology/admingeo/County,Eastern,http://data.ordnancesurvey.co.uk/id/7000000000041425,England,http://data.ordnancesurvey.co.uk/id/country/england,,,
PE133JP,http://data.ordnancesurvey.co.uk/id/postcodeunit/PE133JP,PE13 3JP,,,,other,Postcode,545923,311116,3500,18000,,,,,,,Wisbech,http://data.ordnancesurvey.co.uk/id/4000000074551318,http://www.ordnancesurvey.co.uk/xml/codelists/localtype.xml#town,Fenland,http://data.ordnancesurvey.co.uk/id/7000000000001357,http://data.ordnancesurvey.co.uk/ontology/admingeo/District,Cambridgeshire,http://data.ordnancesurvey.co.uk/id/7000000000001386,http://data.ordnancesurvey.co.uk/ontology/admingeo/County,Eastern,http://data.ordnancesurvey.co.uk/id/7000000000041425,England,http://data.ordnancesurvey.co.uk/id/country/england,,,
PE135BY,http://data.ordnancesurvey.co.uk/id/postcodeunit/PE135BY,PE13 5BY,,,,other,Postcode,544632,311375,3500,18000,,,,,,,Leverington,http://data.ordnancesurvey.co.uk/id/4000000074551313,http://www.ordnancesurvey.co.uk/xml/codelists/localtype.xml#village,Fenland,http://data.ordnancesurvey.co.uk/id/7000000000001357,http://data.ordnancesurvey.co.uk/ontology/admingeo/District,Cambridgeshire,http://data.ordnancesurvey.co.uk/id/7000000000001386,http://data.ordnancesurvey.co.uk/ontology/admingeo/County,Eastern,http://data.ordnancesurvey.co.uk/id/7000000000041425,England,http://data.ordnancesurvey.co.uk/id/country/england,,,
PE129TF,http://data.ordnancesurvey.co.uk/id/postcodeunit/PE129TF,PE12 9TF,,,,other,Postcode,548096,319978,3500,18000,,,,,,,,,,South Holland,http://data.ordnancesurvey.co.uk/id/7000000000005599,http://data.ordnancesurvey.co.uk/ontology/admingeo/District,Lincolnshire,http://data.ordnancesurvey.co.uk/id/7000000000005942,http://data.ordnancesurvey.co.uk/ontology/admingeo/County,East Midlands,http://data.ordnancesurvey.co.uk/id/7000000000041423,England,http://data.ordnancesurvey.co.uk/id/country/england,,,
PE132EQ,http://data.ordnancesurvey.co.uk/id/postcodeunit/PE132EQ,PE13 2EQ,,,,other,Postcode,547039,309879,3500,18000,,,,,,,Wisbech,http://data.ordnancesurvey.co.uk/id/4000000074551318,http://www.ordnancesurvey.co.uk/xml/codelists/localtype.xml#town,Fenland,http://data.ordnancesurvey.co.uk/id/7000000000001357,http://data.ordnancesurvey.co.uk/ontology/admingeo/District,Cambridgeshire,http://data.ordnancesurvey.co.uk/id/7000000000001386,http://data.ordnancesurvey.co.uk/ontology/admingeo/County,Eastern,http://data.ordnancesurvey.co.uk/id/7000000000041425,England,http://data.ordnancesurvey.co.uk/id/country/england,,,
PE343BJ,http://data.ordnancesurvey.co.uk/id/postcodeunit/PE343BJ,PE34 3BJ,,,,other,Postcode,557447,313915,3500,18000,,,,,,,Tilney cum Islington,http://data.ordnancesurvey.co.uk/id/4000000074550575,http://www.ordnancesurvey.co.uk/xml/codelists/localtype.xml#village,King's Lynn and West Norfolk,http://data.ordnancesurvey.co.uk/id/7000000000007016,http://data.ordnancesurvey.co.uk/ontology/admingeo/District,Norfolk,http://data.ordnancesurvey.co.uk/id/7000000000007238,http://data.ordnancesurvey.co.uk/ontology/admingeo/County,Eastern,http://data.ordnancesurvey.co.uk/id/7000000000041425,England,http://data.ordnancesurvey.co.uk/id/country/england,,,
PE134NR,http://data.ordnancesurvey.co.uk/id/postcodeunit/PE134NR,PE13 4NR,,,,other,Postcode,541447,311060,3500,18000,,,,,,,,,,Fenland,http://data.ordnancesurvey.co.uk/id/7000000000001357,http://data.ordnancesurvey.co.uk/ontology/admingeo/District,Cambridgeshire,http://data.ordnancesurvey.co.uk/id/7000000000001386,http://data.ordnancesurvey.co.uk/ontology/admingeo/County,Eastern,http://data.ordnancesurvey.co.uk/id/7000000000041425,England,http://data.ordnancesurvey.co.uk/id/country/england,,,
PE134EG,http://data.ordnancesurvey.co.uk/id/postcodeunit/PE134EG,PE13 4EG,,,,other,Postcode,540592,304266,3500,18000,,,,,,,Guyhirn,http://data.ordnancesurvey.co.uk/id/4000000074550590,http://www.ordnancesurvey.co.uk/xml/codelists/localtype.xml#village,Fenland,http://data.ordnancesurvey.co.uk/id/7000000000001357,http://data.ordnancesurvey.co.uk/ontology/admingeo/District,Cambridgeshire,http://data.ordnancesurvey.co.uk/id/7000000000001386,http://data.ordnancesurvey.co.uk/ontology/admingeo/County,Eastern,http://data.ordnancesurvey.co.uk/id/7000000000041425,England,http://data.ordnancesurvey.co.uk/id/country/england,,,
PE134NQ,http://data.ordnancesurvey.co.uk/id/postcodeunit/PE134NQ,PE13 4NQ,,,,other,Postcode,542464,312758,3500,18000,,,,,,,Fitton End,http://data.ordnancesurvey.co.uk/id/4000000074548411,http://www.ordnancesurvey.co.uk/xml/codelists/localtype.xml#hamlet,Fenland,http://data.ordnancesurvey.co.uk/id/7000000000001357,http://data.ordnancesurvey.co.uk/ontology/admingeo/District,Cambridgeshire,http://data.ordnancesurvey.co.uk/id/7000000000001386,http://data.ordnancesurvey.co.uk/ontology/admingeo/County,Eastern,http://data.ordnancesurvey.co.uk/id/7000000000041425,England,http://data.ordnancesurvey.co.uk/id/country/england,,,
PE133ND,http://data.ordnancesurvey.co.uk/id/postcodeunit/PE133ND,PE13 3ND,,,,other,Postcode,546634,310651,3500,18000,,,,,,,Wisbech,http://data.ordnancesurvey.co.uk/id/4000000074551318,http://www.ordnancesurvey.co.uk/xml/codelists/localtype.xml#town,Fenland,http://data.ordnancesurvey.co.uk/id/7000000000001357,http://data.ordnancesurvey.co.uk/ontology/admingeo/District,Cambridgeshire,http://data.ordnancesurvey.co.uk/id/7000000000001386,http://data.ordnancesurvey.co.uk/ontology/admingeo/County,Eastern,http://data.ordnancesurvey.co.uk/id/7000000000041425,England,http://data.ordnancesurvey.co.uk/id/country/england,,,
PE344SF,http://data.ordnancesurvey.co.uk/id/postcodeunit/PE344SF,PE34 4SF,,,,other,Postcode,557971,317080,3500,18000,,,,,,,,,,King's Lynn and West Norfolk,http://data.ordnancesurvey.co.uk/id/7000000000007016,http://data.ordnancesurvey.co.uk/ontology/admingeo/District,Norfolk,http://data.ordnancesurvey.co.uk/id/7000000000007238,http://data.ordnancesurvey.co.uk/ontology/admingeo/County,Eastern,http://data.ordnancesurvey.co.uk/id/7000000000041425,England,http://data.ordnancesurvey.co.uk/id/country/england,,,
PE135EB,http://data.ordnancesurvey.co.uk/id/postcodeunit/PE135EB,PE13 5EB,,,,other,Postcode,545021,313313,3500,18000,,,,,,,,,,Fenland,http://data.ordnancesurvey.co.uk/id/7000000000001357,http://data.ordnancesurvey.co.uk/ontology/admingeo/District,Cambridgeshire,http://data.ordnancesurvey.co.uk/id/7000000000001386,http://data.ordnancesurvey.co.uk/ontology/admingeo/County,Eastern,http://data.ordnancesurvey.co.uk/id/7000000000041425,England,http://data.ordnancesurvey.co.uk/id/country/england,,,
PE150BG,http://data.ordnancesurvey.co.uk/id/postcodeunit/PE150BG,PE15 0BG,,,,other,Postcode,541672,300800,3500,18000,,,,,,,,,,Fenland,http://data.ordnancesurvey.co.uk/id/7000000000001357,http://data.ordnancesurvey.co.uk/ontology/admingeo/District,Cambridgeshire,http://data.ordnancesurvey.co.uk/id/7000000000001386,http://data.ordnancesurvey.co.uk/ontology/admingeo/County,Eastern,http://data.ordnancesurvey.co.uk/id/7000000000041425,England,http://data.ordnancesurvey.co.uk/id/country/england,,,
PE135HD,http://data.ordnancesurvey.co.uk/id/postcodeunit/PE135HD,PE13 5HD,,,,other,Postcode,544278,313781,3500,18000,,,,,,,,,,Fenland,http://data.ordnancesurvey.co.uk/id/7000000000001357,http://data.ordnancesurvey.co.uk/ontology/admingeo/District,Cambridgeshire,http://data.ordnancesurvey.co.uk/id/7000000000001386,http://data.ordnancesurvey.co.uk/ontology/admingeo/County,Eastern,http://data.ordnancesurvey.co.uk/id/7000000000041425,England,http://data.ordnancesurvey.co.uk/id/country/england,,,
PE134US,http://data.ordnancesurvey.co.uk/id/postcodeunit/PE134US,PE13 4US,,,,other,Postcode,542177,308563,3500,18000,,,,,,,Wisbech St Mary,http://data.ordnancesurvey.co.uk/id/4000000074551315,http://www.ordnancesurvey.co.uk/xml/codelists/localtype.xml#village,Fenland,http://data.ordnancesurvey.co.uk/id/7000000000001357,http://data.ordnancesurvey.co.uk/ontology/admingeo/District,Cambridgeshire,http://data.ordnancesurvey.co.uk/id/7000000000001386,http://data.ordnancesurvey.co.uk/ontology/admingeo/County,Eastern,http://data.ordnancesurvey.co.uk/id/7000000000041425,England,http://data.ordnancesurvey.co.uk/id/country/england,,,
PE344RQ,http://data.ordnancesurvey.co.uk/id/postcodeunit/PE344RQ,PE34 4RQ,,,,other,Postcode,554557,313627,3500,18000,,,,,,,Tilney St Lawrence,http://data.ordnancesurvey.co.uk/id/4000000074550579,http://www.ordnancesurvey.co.uk/xml/codelists/localtype.xml#village,King's Lynn and West Norfolk,http://data.ordnancesurvey.co.uk/id/7000000000007016,http://data.ordnancesurvey.co.uk/ontology/admingeo/District,Norfolk,http://data.ordnancesurvey.co.uk/id/7000000000007238,http://data.ordnancesurvey.co.uk/ontology/admingeo/County,Eastern,http://data.ordnancesurvey.co.uk/id/7000000000041425,England,http://data.ordnancesurvey.co.uk/id/country/england,,,
PE135AH,http://data.ordnancesurvey.co.uk/id/postcodeunit/PE135AH,PE13 5AH,,,,other,Postcode,544292,311372,3500,18000,,,,,,,Leverington,http://data.ordnancesurvey.co.uk/id/4000000074551313,http://www.ordnancesurvey.co.uk/xml/codelists/localtype.xml#village,Fenland,http://data.ordnancesurvey.co.uk/id/7000000000001357,http://data.ordnancesurvey.co.uk/ontology/admingeo/District,Cambridgeshire,http://data.ordnancesurvey.co.uk/id/7000000000001386,http://data.ordnancesurvey.co.uk/ontology/admingeo/County,Eastern,http://data.ordnancesurvey.co.uk/id/7000000000041425,England,http://data.ordnancesurvey.co.uk/id/country/england,,,
PE147JF,http://data.ordnancesurvey.co.uk/id/postcodeunit/PE147JF,PE14 7JF,,,,other,Postcode,548379,317203,3500,18000,,,,,,,Walpole Marsh,http://data.ordnancesurvey.co.uk/id/4000000074548407,http://www.ordnancesurvey.co.uk/xml/codelists/localtype.xml#village,King's Lynn and West Norfolk,http://data.ordnancesurvey.co.uk/id/7000000000007016,http://data.ordnancesurvey.co.uk/ontology/admingeo/District,Norfolk,http://data.ordnancesurvey.co.uk/id/7000000000007238,http://data.ordnancesurvey.co.uk/ontology/admingeo/County,Eastern,http://data.ordnancesurvey.co.uk/id/7000000000041425,England,http://data.ordnancesurvey.co.uk/id/country/england,,,
PE135LG,http://data.ordnancesurvey.co.uk/id/postcodeunit/PE135LG,PE13 5LG,,,,other,Postcode,542621,315877,3500,18000,,,,,,,Tydd St Giles,http://data.ordnancesurvey.co.uk/id/4000000074548770,http://www.ordnancesurvey.co.uk/xml/codelists/localtype.xml#village,Fenland,http://data.ordnancesurvey.co.uk/id/7000000000001357,http://data.ordnancesurvey.co.uk/ontology/admingeo/District,Cambridgeshire,http://data.ordnancesurvey.co.uk/id/7000000000001386,http://data.ordnancesurvey.co.uk/ontology/admingeo/County,Eastern,http://data.ordnancesurvey.co.uk/id/7000000000041425,England,http://data.ordnancesurvey.co.uk/id/country/england,,,
PE135QR,http://data.ordnancesurvey.co.uk/id/postcodeunit/PE135QR,PE13 5QR,,,,other,Postcode,543797,318553,3500,18000,,,,,,,Tydd St Mary,http://data.ordnancesurvey.co.uk/id/4000000074548410,http://www.ordnancesurvey.co.uk/xml/codelists/localtype.xml#village,South Holland,http://data.ordnancesurvey.co.uk/id/7000000000005599,http://data.ordnancesurvey.co.uk/ontology/admingeo/District,Lincolnshire,http://data.ordnancesurvey.co.uk/id/7000000000005942,http://data.ordnancesurvey.co.uk/ontology/admingeo/County,East Midlands,http://data.ordnancesurvey.co.uk/id/7000000000041423,England,http://data.ordnancesurvey.co.uk/id/country/england,,,
PE147QT,http://data.ordnancesurvey.co.uk/id/postcodeunit/PE147QT,PE14 7QT,,,,other,Postcode,552563,314667,3500,18000,,,,,,,,,,King's Lynn and West Norfolk,http://data.ordnancesurvey.co.uk/id/7000000000007016,http://data.ordnancesurvey.co.uk/ontology/admingeo/District,Norfolk,http://data.ordnancesurvey.co.uk/id/7000000000007238,http://data.ordnancesurvey.co.uk/ontology/admingeo/County,Eastern,http://data.ordnancesurvey.co.uk/id/7000000000041425,England,http://data.ordnancesurvey.co.uk/id/country/england,,,
PE343NY,http://data.ordnancesurvey.co.uk/id/postcodeunit/PE343NY,PE34 3NY,,,,other,Postcode,558241,304595,3500,18000,,,,,,,,,,King's Lynn and West Norfolk,http://data.ordnancesurvey.co.uk/id/7000000000007016,http://data.ordnancesurvey.co.uk/ontology/admingeo/District,Norfolk,http://data.ordnancesurvey.co.uk/id/7000000000007238,http://data.ordnancesurvey.co.uk/ontology/admingeo/County,Eastern,http://data.ordnancesurvey.co.uk/id/7000000000041425,England,http://data.ordnancesurvey.co.uk/id/country/england,,,
PE147NQ,http://data.ordnancesurvey.co.uk/id/postcodeunit/PE147NQ,PE14 7NQ,,,,other,Postcode,549948,317378,3500,18000,,,,,,,Walpole St Andrew,http://data.ordnancesurvey.co.uk/id/4000000074550944,http://www.ordnancesurvey.co.uk/xml/codelists/localtype.xml#village,King's Lynn and West Norfolk,http://data.ordnancesurvey.co.uk/id/7000000000007016,http://data.ordnancesurvey.co.uk/ontology/admingeo/District,Norfolk,http://data.ordnancesurvey.co.uk/id/7000000000007238,http://data.ordnancesurvey.co.uk/ontology/admingeo/County,Eastern,http://data.ordnancesurvey.co.uk/id/7000000000041425,England,http://data.ordnancesurvey.co.uk/id/country/england,,,
PE147JR,http://data.ordnancesurvey.co.uk/id/postcodeunit/PE147JR,PE14 7JR,,,,other,Postcode,548888,318346,3500,18000,,,,,,,,,,King's Lynn and West Norfolk,http://data.ordnancesurvey.co.uk/id/7000000000007016,http://data.ordnancesurvey.co.uk/ontology/admingeo/District,Norfolk,http://data.ordnancesurvey.co.uk/id/7000000000007238,http://data.ordnancesurvey.co.uk/ontology/admingeo/County,Eastern,http://data.ordnancesurvey.co.uk/id/7000000000041425,England,http://data.ordnancesurvey.co.uk/id/country/england,,,
PE140LP,http://data.ordnancesurvey.co.uk/id/postcodeunit/PE140LP,PE14 0LP,,,,other,Postcode,545458,304353,3500,18000,,,,,,,,,,Fenland,http://data.ordnancesurvey.co.uk/id/7000000000001357,http://data.ordnancesurvey.co.uk/ontology/admingeo/District,Cambridgeshire,http://data.ordnancesurvey.co.uk/id/7000000000001386,http://data.ordnancesurvey.co.uk/ontology/admingeo/County,Eastern,http://data.ordnancesurvey.co.uk/id/7000000000041425,England,http://data.ordnancesurvey.co.uk/id/country/england,,,
PE131EA,http://data.ordnancesurvey.co.uk/id/postcodeunit/PE131EA,PE13 1EA,,,,other,Postcode,546135,309580,3500,18000,,,,,,,Wisbech,http://data.ordnancesurvey.co.uk/id/4000000074551318,http://www.ordnancesurvey.co.uk/xml/codelists/localtype.xml#town,Fenland,http://data.ordnancesurvey.co.uk/id/7000000000001357,http://data.ordnancesurvey.co.uk/ontology/admingeo/District,Cambridgeshire,http://data.ordnancesurvey.co.uk/id/7000000000001386,http://data.ordnancesurvey.co.uk/ontology/admingeo/County,Eastern,http://data.ordnancesurvey.co.uk/id/7000000000041425,England,http://data.ordnancesurvey.co.uk/id/country/england,,,
PE343DG,http://data.ordnancesurvey.co.uk/id/postcodeunit/PE343DG,PE34 3DG,,,,other,Postcode,559844,311330,3500,18000,,,,,,,Wiggenhall St Mary Magdalen,http://data.ordnancesurvey.co.uk/id/4000000074548392,http://www.ordnancesurvey.co.uk/xml/codelists/localtype.xml#village,King's Lynn and West Norfolk,http://data.ordnancesurvey.co.uk/id/7000000000007016,http://data.ordnancesurvey.co.uk/ontology/admingeo/District,Norfolk,http://data.ordnancesurvey.co.uk/id/7000000000007238,http://data.ordnancesurvey.co.uk/ontology/admingeo/County,Eastern,http://data.ordnancesurvey.co.uk/id/7000000000041425,England,http://data.ordnancesurvey.co.uk/id/country/england,,,
PE147PF,http://data.ordnancesurvey.co.uk/id/postcodeunit/PE147PF,PE14 7PF,,,,other,Postcode,550823,316100,3500,18000,,,,,,,Walpole St Peter,http://data.ordnancesurvey.co.uk/id/4000000074550943,http://www.ordnancesurvey.co.uk/xml/codelists/localtype.xml#village,King's Lynn and West Norfolk,http://data.ordnancesurvey.co.uk/id/7000000000007016,http://data.ordnancesurvey.co.uk/ontology/admingeo/District,Norfolk,http://data.ordnancesurvey.co.uk/id/7000000000007238,http://data.ordnancesurvey.co.uk/ontology/admingeo/County,Eastern,http://data.ordnancesurvey.co.uk/id/7000000000041425,England,http://data.ordnancesurvey.co.uk/id/country/england,,,
PE133RP,http://data.ordnancesurvey.co.uk/id/postcodeunit/PE133RP,PE13 3RP,,,,other,Postcode,548152,310424,3500,18000,,,,,,,Wisbech,http://data.ordnancesurvey.co.uk/id/4000000074551318,http://www.ordnancesurvey.co.uk/xml/codelists/localtype.xml#town,King's Lynn and West Norfolk,http://data.ordnancesurvey.co.uk/id/7000000000007016,http://data.ordnancesurvey.co.uk/ontology/admingeo/District,Norfolk,http://data.ordnancesurvey.co.uk/id/7000000000007238,http://data.ordnancesurvey.co.uk/ontology/admingeo/County,Eastern,http://data.ordnancesurvey.co.uk/id/7000000000041425,England,http://data.ordnancesurvey.co.uk/id/country/england,,,
PE149AN,http://data.ordnancesurvey.co.uk/id/postcodeunit/PE149AN,PE14 9AN,,,,other,Postcode,550386,303702,3500,18000,,,,,,,,,,King's Lynn and West Norfolk,http://data.ordnancesurvey.co.uk/id/7000000000007016,http://data.ordnancesurvey.co.uk/ontology/admingeo/District,Norfolk,http://data.ordnancesurvey.co.uk/id/7000000000007238,http://data.ordnancesurvey.co.uk/ontology/admingeo/County,Eastern,http://data.ordnancesurvey.co.uk/id/7000000000041425,England,http://data.ordnancesurvey.co.uk/id/country/england,,,
PE140HH,http://data.ordnancesurvey.co.uk/id/postcodeunit/PE140HH,PE14 0HH,,,,other,Postcode,547102,304590,3500,18000,,,,,,,Friday Bridge,http://data.ordnancesurvey.co.uk/id/4000000074550225,http://www.ordnancesurvey.co.uk/xml/codelists/localtype.xml#village,Fenland,http://data.ordnancesurvey.co.uk/id/7000000000001357,http://data.ordnancesurvey.co.uk/ontology/admingeo/District,Cambridgeshire,http://data.ordnancesurvey.co.uk/id/7000000000001386,http://data.ordnancesurvey.co.uk/ontology/admingeo/County,Eastern,http://data.ordnancesurvey.co.uk/id/7000000000041425,England,http://data.ordnancesurvey.co.uk/id/country/england,,,
PE147JS,http://data.ordnancesurvey.co.uk/id/postcodeunit/PE147JS,PE14 7JS,,,,other,Postcode,548916,318814,3500,18000,,,,,,,,,,South Holland,http://data.ordnancesurvey.co.uk/id/7000000000005599,http://data.ordnancesurvey.co.uk/ontology/admingeo/District,Lincolnshire,http://data.ordnancesurvey.co.uk/id/7000000000005942,http://data.ordnancesurvey.co.uk/ontology/admingeo/County,East Midlands,http://data.ordnancesurvey.co.uk/id/7000000000041423,England,http://data.ordnancesurvey.co.uk/id/country/england,,,
PE133NB,http://data.ordnancesurvey.co.uk/id/postcodeunit/PE133NB,PE13 3NB,,,,other,Postcode,546559,310598,3500,18000,,,,,,,Wisbech,http://data.ordnancesurvey.co.uk/id/4000000074551318,http://www.ordnancesurvey.co.uk/xml/codelists/localtype.xml#town,Fenland,http://data.ordnancesurvey.co.uk/id/7000000000001357,http://data.ordnancesurvey.co.uk/ontology/admingeo/District,Cambridgeshire,http://data.ordnancesurvey.co.uk/id/7000000000001386,http://data.ordnancesurvey.co.uk/ontology/admingeo/County,Eastern,http://data.ordnancesurvey.co.uk/id/7000000000041425,England,http://data.ordnancesurvey.co.uk/id/country/england,,,
PE147QF,http://data.ordnancesurvey.co.uk/id/postcodeunit/PE147QF,PE14 7QF,,,,other,Postcode,551766,313352,3500,18000,,,,,,,Walpole Highway,http://data.ordnancesurvey.co.uk/id/4000000074550945,http://www.ordnancesurvey.co.uk/xml/codelists/localtype.xml#village,King's Lynn and West Norfolk,http://data.ordnancesurvey.co.uk/id/7000000000007016,http://data.ordnancesurvey.co.uk/ontology/admingeo/District,Norfolk,http://data.ordnancesurvey.co.uk/id/7000000000007238,http://data.ordnancesurvey.co.uk/ontology/admingeo/County,Eastern,http://data.ordnancesurvey.co.uk/id/7000000000041425,England,http://data.ordnancesurvey.co.uk/id/country/england,,,
PE132EG,http://data.ordnancesurvey.co.uk/id/postcodeunit/PE132EG,PE13 2EG,,,,other,Postcode,546902,309996,3500,18000,,,,,,,Wisbech,http://data.ordnancesurvey.co.uk/id/4000000074551318,http://www.ordnancesurvey.co.uk/xml/codelists/localtype.xml#town,Fenland,http://data.ordnancesurvey.co.uk/id/7000000000001357,http://data.ordnancesurvey.co.uk/ontology/admingeo/District,Cambridgeshire,http://data.ordnancesurvey.co.uk/id/7000000000001386,http://data.ordnancesurvey.co.uk/ontology/admingeo/County,Eastern,http://data.ordnancesurvey.co.uk/id/7000000000041425,England,http://data.ordnancesurvey.co.uk/id/country/england,,,
PE140JL,http://data.ordnancesurvey.co.uk/id/postcodeunit/PE140JL,PE14 0JL,,,,other,Postcode,546878,306775,3500,18000,,,,,,,Elm,http://data.ordnancesurvey.co.uk/id/4000000074341528,http://www.ordnancesurvey.co.uk/xml/codelists/localtype.xml#village,Fenland,http://data.ordnancesurvey.co.uk/id/7000000000001357,http://data.ordnancesurvey.co.uk/ontology/admingeo/District,Cambridgeshire,http://data.ordnancesurvey.co.uk/id/7000000000001386,http://data.ordnancesurvey.co.uk/ontology/admingeo/County,Eastern,http://data.ordnancesurvey.co.uk/id/7000000000041425,England,http://data.ordnancesurvey.co.uk/id/country/england,,,
PE140AJ,http://data.ordnancesurvey.co.uk/id/postcodeunit/PE140AJ,PE14 0AJ,,,,other,Postcode,547184,306383,3500,18000,,,,,,,Elm,http://data.ordnancesurvey.co.uk/id/4000000074341528,http://www.ordnancesurvey.co.uk/xml/codelists/localtype.xml#village,Fenland,http://data.ordnancesurvey.co.uk/id/7000000000001357,http://data.ordnancesurvey.co.uk/ontology/admingeo/District,Cambridgeshire,http://data.ordnancesurvey.co.uk/id/7000000000001386,http://data.ordnancesurvey.co.uk/ontology/admingeo/County,Eastern,http://data.ordnancesurvey.co.uk/id/7000000000041425,England,http://data.ordnancesurvey.co.uk/id/country/england,,,
PE133LP,http://data.ordnancesurvey.co.uk/id/postcodeunit/PE133LP,PE13 3LP,,,,other,Postcode,546179,311048,3500,18000,,,,,,,Wisbech,http://data.ordnancesurvey.co.uk/id/4000000074551318,http://www.ordnancesurvey.co.uk/xml/codelists/localtype.xml#town,Fenland,http://data.ordnancesurvey.co.uk/id/7000000000001357,http://data.ordnancesurvey.co.uk/ontology/admingeo/District,Cambridgeshire,http://data.ordnancesurvey.co.uk/id/7000000000001386,http://data.ordnancesurvey.co.uk/ontology/admingeo/County,Eastern,http://data.ordnancesurvey.co.uk/id/7000000000041425,England,http://data.ordnancesurvey.co.uk/id/country/england,,,
PE140TB,http://data.ordnancesurvey.co.uk/id/postcodeunit/PE140TB,PE14 0TB,,,,other,Postcode,545317,308542,3500,18000,,,,,,,Wisbech,http://data.ordnancesurvey.co.uk/id/4000000074551318,http://www.ordnancesurvey.co.uk/xml/codelists/localtype.xml#town,Fenland,http://data.ordnancesurvey.co.uk/id/7000000000001357,http://data.ordnancesurvey.co.uk/ontology/admingeo/District,Cambridgeshire,http://data.ordnancesurvey.co.uk/id/7000000000001386,http://data.ordnancesurvey.co.uk/ontology/admingeo/County,Eastern,http://data.ordnancesurvey.co.uk/id/7000000000041425,England,http://data.ordnancesurvey.co.uk/id/country/england,,,
PE135PH,http://data.ordnancesurvey.co.uk/id/postcodeunit/PE135PH,PE13 5PH,,,,other,Postcode,545006,316511,3500,18000,,,,,,,Four Gotes,http://data.ordnancesurvey.co.uk/id/4000000074326100,http://www.ordnancesurvey.co.uk/xml/codelists/localtype.xml#village,Fenland,http://data.ordnancesurvey.co.uk/id/7000000000001357,http://data.ordnancesurvey.co.uk/ontology/admingeo/District,Cambridgeshire,http://data.ordnancesurvey.co.uk/id/7000000000001386,http://data.ordnancesurvey.co.uk/ontology/admingeo/County,Eastern,http://data.ordnancesurvey.co.uk/id/7000000000041425,England,http://data.ordnancesurvey.co.uk/id/country/england,,,
PE344RT,http://data.ordnancesurvey.co.uk/id/postcodeunit/PE344RT,PE34 4RT,,,,other,Postcode,555986,316796,3500,18000,,,,,,,Tilney High End,http://data.ordnancesurvey.co.uk/id/4000000074550940,http://www.ordnancesurvey.co.uk/xml/codelists/localtype.xml#village,King's Lynn and West Norfolk,http://data.ordnancesurvey.co.uk/id/7000000000007016,http://data.ordnancesurvey.co.uk/ontology/admingeo/District,Norfolk,http://data.ordnancesurvey.co.uk/id/7000000000007238,http://data.ordnancesurvey.co.uk/ontology/admingeo/County,Eastern,http://data.ordnancesurvey.co.uk/id/7000000000041425,England,http://data.ordnancesurvey.co.uk/id/country/england,,,
PE133ST,http://data.ordnancesurvey.co.uk/id/postcodeunit/PE133ST,PE13 3ST,,,,other,Postcode,547350,309678,3500,18000,,,,,,,Wisbech,http://data.ordnancesurvey.co.uk/id/4000000074551318,http://www.ordnancesurvey.co.uk/xml/codelists/localtype.xml#town,Fenland,http://data.ordnancesurvey.co.uk/id/7000000000001357,http://data.ordnancesurvey.co.uk/ontology/admingeo/District,Cambridgeshire,http://data.ordnancesurvey.co.uk/id/7000000000001386,http://data.ordnancesurvey.co.uk/ontology/admingeo/County,Eastern,http://data.ordnancesurvey.co.uk/id/7000000000041425,England,http://data.ordnancesurvey.co.uk/id/country/england,,,
PE149DQ,http://data.ordnancesurvey.co.uk/id/postcodeunit/PE149DQ,PE14 9DQ,,,,other,Postcode,549974,302542,3500,18000,,,,,,,Upwell,http://data.ordnancesurvey.co.uk/id/4000000074550938,http://www.ordnancesurvey.co.uk/xml/codelists/localtype.xml#village,King's Lynn and West Norfolk,http://data.ordnancesurvey.co.uk/id/7000000000007016,http://data.ordnancesurvey.co.uk/ontology/admingeo/District,Norfolk,http://data.ordnancesurvey.co.uk/id/7000000000007238,http://data.ordnancesurvey.co.uk/ontology/admingeo/County,Eastern,http://data.ordnancesurvey.co.uk/id/7000000000041425,England,http://data.ordnancesurvey.co.uk/id/country/england,,,
PE147NG,http://data.ordnancesurvey.co.uk/id/postcodeunit/PE147NG,PE14 7NG,,,,other,Postcode,550098,317326,3500,18000,,,,,,,Walpole St Andrew,http://data.ordnancesurvey.co.uk/id/4000000074550944,http://www.ordnancesurvey.co.uk/xml/codelists/localtype.xml#village,King's Lynn and West Norfolk,http://data.ordnancesurvey.co.uk/id/7000000000007016,http://data.ordnancesurvey.co.uk/ontology/admingeo/District,Norfolk,http://data.ordnancesurvey.co.uk/id/7000000000007238,http://data.ordnancesurvey.co.uk/ontology/admingeo/County,Eastern,http://data.ordnancesurvey.co.uk/id/7000000000041425,England,http://data.ordnancesurvey.co.uk/id/country/england,,,
PE148AW,http://data.ordnancesurvey.co.uk/id/postcodeunit/PE148AW,PE14 8AW,,,,other,Postcode,550417,304135,3500,18000,,,,,,,,,,King's Lynn and West Norfolk,http://data.ordnancesurvey.co.uk/id/7000000000007016,http://data.ordnancesurvey.co.uk/ontology/admingeo/District,Norfolk,http://data.ordnancesurvey.co.uk/id/7000000000007238,http://data.ordnancesurvey.co.uk/ontology/admingeo/County,Eastern,http://data.ordnancesurvey.co.uk/id/7000000000041425,England,http://data.ordnancesurvey.co.uk/id/country/england,,,
PE135EG,http://data.ordnancesurvey.co.uk/id/postcodeunit/PE135EG,PE13 5EG,,,,other,Postcode,544165,311658,3500,18000,,,,,,,Leverington,http://data.ordnancesurvey.co.uk/id/4000000074551313,http://www.ordnancesurvey.co.uk/xml/codelists/localtype.xml#village,Fenland,http://data.ordnancesurvey.co.uk/id/7000000000001357,http://data.ordnancesurvey.co.uk/ontology/admingeo/District,Cambridgeshire,http://data.ordnancesurvey.co.uk/id/7000000000001386,http://data.ordnancesurvey.co.uk/ontology/admingeo/County,Eastern,http://data.ordnancesurvey.co.uk/id/7000000000041425,England,http://data.ordnancesurvey.co.uk/id/country/england,,,
PE344HE,http://data.ordnancesurvey.co.uk/id/postcodeunit/PE344HE,PE34 4HE,,,,other,Postcode,551124,319860,3500,18000,,,,,,,Walpole Cross Keys,http://data.ordnancesurvey.co.uk/id/4000000074548396,http://www.ordnancesurvey.co.uk/xml/codelists/localtype.xml#village,King's Lynn and West Norfolk,http://data.ordnancesurvey.co.uk/id/7000000000007016,http://data.ordnancesurvey.co.uk/ontology/admingeo/District,Norfolk,http://data.ordnancesurvey.co.uk/id/7000000000007238,http://data.ordnancesurvey.co.uk/ontology/admingeo/County,Eastern,http://data.ordnancesurvey.co.uk/id/7000000000041425,England,http://data.ordnancesurvey.co.uk/id/country/england,,,
PE132PF,http://data.ordnancesurvey.co.uk/id/postcodeunit/PE132PF,PE13 2PF,,,,other,Postcode,546175,309318,3500,18000,,,,,,,Wisbech,http://data.ordnancesurvey.co.uk/id/4000000074551318,http://www.ordnancesurvey.co.uk/xml/codelists/localtype.xml#town,Fenland,http://data.ordnancesurvey.co.uk/id/7000000000001357,http://data.ordnancesurvey.co.uk/ontology/admingeo/District,Cambridgeshire,http://data.ordnancesurvey.co.uk/id/7000000000001386,http://data.ordnancesurvey.co.uk/ontology/admingeo/County,Eastern,http://data.ordnancesurvey.co.uk/id/7000000000041425,England,http://data.ordnancesurvey.co.uk/id/country/england,,,
PE132BS,http://data.ordnancesurvey.co.uk/id/postcodeunit/PE132BS,PE13 2BS,,,,other,Postcode,547046,309292,3500,18000,,,,,,,Wisbech,http://data.ordnancesurvey.co.uk/id/4000000074551318,http://www.ordnancesurvey.co.uk/xml/codelists/localtype.xml#town,Fenland,http://data.ordnancesurvey.co.uk/id/7000000000001357,http://data.ordnancesurvey.co.uk/ontology/admingeo/District,Cambridgeshire,http://data.ordnancesurvey.co.uk/id/7000000000001386,http://data.ordnancesurvey.co.uk/ontology/admingeo/County,Eastern,http://data.ordnancesurvey.co.uk/id/7000000000041425,England,http://data.ordnancesurvey.co.uk/id/country/england,,,
PE147BG,http://data.ordnancesurvey.co.uk/id/postcodeunit/PE147BG,PE14 7BG,,,,other,Postcode,549095,308716,3500,18000,,,,,,,,,,King's Lynn and West Norfolk,http://data.ordnancesurvey.co.uk/id/7000000000007016,http://data.ordnancesurvey.co.uk/ontology/admingeo/District,Norfolk,http://data.ordnancesurvey.co.uk/id/7000000000007238,http://data.ordnancesurvey.co.uk/ontology/admingeo/County,Eastern,http://data.ordnancesurvey.co.uk/id/7000000000041425,England,http://data.ordnancesurvey.co.uk/id/country/england,,,
PE147LJ,http://data.ordnancesurvey.co.uk/id/postcodeunit/PE147LJ,PE14 7LJ,,,,other,Postcode,549988,317395,3500,18000,,,,,,,Walpole St Andrew,http://data.ordnancesurvey.co.uk/id/4000000074550944,http://www.ordnancesurvey.co.uk/xml/codelists/localtype.xml#village,King's Lynn and West Norfolk,http://data.ordnancesurvey.co.uk/id/7000000000007016,http://data.ordnancesurvey.co.uk/ontology/admingeo/District,Norfolk,http://data.ordnancesurvey.co.uk/id/7000000000007238,http://data.ordnancesurvey.co.uk/ontology/admingeo/County,Eastern,http://data.ordnancesurvey.co.uk/id/7000000000041425,England,http://data.ordnancesurvey.co.uk/id/country/england,,,
PE147ES,http://data.ordnancesurvey.co.uk/id/postcodeunit/PE147ES,PE14 7ES,,,,other,Postcode,547401,313234,3500,18000,,,,,,,West Walton,http://data.ordnancesurvey.co.uk/id/4000000074552041,http://www.ordnancesurvey.co.uk/xml/codelists/localtype.xml#village,King's Lynn and West Norfolk,http://data.ordnancesurvey.co.uk/id/7000000000007016,http://data.ordnancesurvey.co.uk/ontology/admingeo/District,Norfolk,http://data.ordnancesurvey.co.uk/id/7000000000007238,http://data.ordnancesurvey.co.uk/ontology/admingeo/County,Eastern,http://data.ordnancesurvey.co.uk/id/7000000000041425,England,http://data.ordnancesurvey.co.uk/id/country/england,,,
PE131AQ,http://data.ordnancesurvey.co.uk/id/postcodeunit/PE131AQ,PE13 1AQ,,,,other,Postcode,546112,309758,3500,18000,,,,,,,Wisbech,http://data.ordnancesurvey.co.uk/id/4000000074551318,http://www.ordnancesurvey.co.uk/xml/codelists/localtype.xml#town,Fenland,http://data.ordnancesurvey.co.uk/id/7000000000001357,http://data.ordnancesurvey.co.uk/ontology/admingeo/District,Cambridgeshire,http://data.ordnancesurvey.co.uk/id/7000000000001386,http://data.ordnancesurvey.co.uk/ontology/admingeo/County,Eastern,http://data.ordnancesurvey.co.uk/id/7000000000041425,England,http://data.ordnancesurvey.co.uk/id/country/england,,,
PE131JD,http://data.ordnancesurvey.co.uk/id/postcodeunit/PE131JD,PE13 1JD,,,,other,Postcode,545993,309616,3500,18000,,,,,,,Wisbech,http://data.ordnancesurvey.co.uk/id/4000000074551318,http://www.ordnancesurvey.co.uk/xml/codelists/localtype.xml#town,Fenland,http://data.ordnancesurvey.co.uk/id/7000000000001357,http://data.ordnancesurvey.co.uk/ontology/admingeo/District,Cambridgeshire,http://data.ordnancesurvey.co.uk/id/7000000000001386,http://data.ordnancesurvey.co.uk/ontology/admingeo/County,Eastern,http://data.ordnancesurvey.co.uk/id/7000000000041425,England,http://data.ordnancesurvey.co.uk/id/country/england,,,
PE133PX,http://data.ordnancesurvey.co.uk/id/postcodeunit/PE133PX,PE13 3PX,,,,other,Postcode,546675,311100,3500,18000,,,,,,,Wisbech,http://data.ordnancesurvey.co.uk/id/4000000074551318,http://www.ordnancesurvey.co.uk/xml/codelists/localtype.xml#town,Fenland,http://data.ordnancesurvey.co.uk/id/7000000000001357,http://data.ordnancesurvey.co.uk/ontology/admingeo/District,Cambridgeshire,http://data.ordnancesurvey.co.uk/id/7000000000001386,http://data.ordnancesurvey.co.uk/ontology/admingeo/County,Eastern,http://data.ordnancesurvey.co.uk/id/7000000000041425,England,http://data.ordnancesurvey.co.uk/id/country/england,,,
PE133LQ,http://data.ordnancesurvey.co.uk/id/postcodeunit/PE133LQ,PE13 3LQ,,,,other,Postcode,546132,310834,3500,18000,,,,,,,Wisbech,http://data.ordnancesurvey.co.uk/id/4000000074551318,http://www.ordnancesurvey.co.uk/xml/codelists/localtype.xml#town,Fenland,http://data.ordnancesurvey.co.uk/id/7000000000001357,http://data.ordnancesurvey.co.uk/ontology/admingeo/District,Cambridgeshire,http://data.ordnancesurvey.co.uk/id/7000000000001386,http://data.ordnancesurvey.co.uk/ontology/admingeo/County,Eastern,http://data.ordnancesurvey.co.uk/id/7000000000041425,England,http://data.ordnancesurvey.co.uk/id/country/england,,,
PE140AT,http://data.ordnancesurvey.co.uk/id/postcodeunit/PE140AT,PE14 0AT,,,,other,Postcode,546855,305888,3500,18000,,,,,,,Elm,http://data.ordnancesurvey.co.uk/id/4000000074341528,http://www.ordnancesurvey.co.uk/xml/codelists/localtype.xml#village,Fenland,http://data.ordnancesurvey.co.uk/id/7000000000001357,http://data.ordnancesurvey.co.uk/ontology/admingeo/District,Cambridgeshire,http://data.ordnancesurvey.co.uk/id/7000000000001386,http://data.ordnancesurvey.co.uk/ontology/admingeo/County,Eastern,http://data.ordnancesurvey.co.uk/id/7000000000041425,England,http://data.ordnancesurvey.co.uk/id/country/england,,,
PE147LA,http://data.ordnancesurvey.co.uk/id/postcodeunit/PE147LA,PE14 7LA,,,,other,Postcode,550149,317977,3500,18000,,,,,,,,,,King's Lynn and West Norfolk,http://data.ordnancesurvey.co.uk/id/7000000000007016,http://data.ordnancesurvey.co.uk/ontology/admingeo/District,Norfolk,http://data.ordnancesurvey.co.uk/id/7000000000007238,http://data.ordnancesurvey.co.uk/ontology/admingeo/County,Eastern,http://data.ordnancesurvey.co.uk/id/7000000000041425,England,http://data.ordnancesurvey.co.uk/id/country/england,,,
PE132JR,http://data.ordnancesurvey.co.uk/id/postcodeunit/PE132JR,PE13 2JR,,,,other,Postcode,547285,309652,3500,18000,,,,,,,Wisbech,http://data.ordnancesurvey.co.uk/id/4000000074551318,http://www.ordnancesurvey.co.uk/xml/codelists/localtype.xml#town,Fenland,http://data.ordnancesurvey.co.uk/id/7000000000001357,http://data.ordnancesurvey.co.uk/ontology/admingeo/District,Cambridgeshire,http://data.ordnancesurvey.co.uk/id/7000000000001386,http://data.ordnancesurvey.co.uk/ontology/admingeo/County,Eastern,http://data.ordnancesurvey.co.uk/id/7000000000041425,England,http://data.ordnancesurvey.co.uk/id/country/england,,,
PE149EA,http://data.ordnancesurvey.co.uk/id/postcodeunit/PE149EA,PE14 9EA,,,,other,Postcode,550497,302406,3500,18000,,,,,,,Upwell,http://data.ordnancesurvey.co.uk/id/4000000074550938,http://www.ordnancesurvey.co.uk/xml/codelists/localtype.xml#village,King's Lynn and West Norfolk,http://data.ordnancesurvey.co.uk/id/7000000000007016,http://data.ordnancesurvey.co.uk/ontology/admingeo/District,Norfolk,http://data.ordnancesurvey.co.uk/id/7000000000007238,http://data.ordnancesurvey.co.uk/ontology/admingeo/County,Eastern,http://data.ordnancesurvey.co.uk/id/7000000000041425,England,http://data.ordnancesurvey.co.uk/id/country/england,,,
PE148DD,http://data.ordnancesurvey.co.uk/id/postcodeunit/PE148DD,PE14 8DD,,,,other,Postcode,549496,307122,3500,18000,,,,,,,Emneth,http://data.ordnancesurvey.co.uk/id/4000000074550948,http://www.ordnancesurvey.co.uk/xml/codelists/localtype.xml#village,King's Lynn and West Norfolk,http://data.ordnancesurvey.co.uk/id/7000000000007016,http://data.ordnancesurvey.co.uk/ontology/admingeo/District,Norfolk,http://data.ordnancesurvey.co.uk/id/7000000000007238,http://data.ordnancesurvey.co.uk/ontology/admingeo/County,Eastern,http://data.ordnancesurvey.co.uk/id/7000000000041425,England,http://data.ordnancesurvey.co.uk/id/country/england,,,
PE148BF,http://data.ordnancesurvey.co.uk/id/postcodeunit/PE148BF,PE14 8BF,,,,other,Postcode,553397,308874,3500,18000,,,,,,,,,,King's Lynn and West Norfolk,http://data.ordnancesurvey.co.uk/id/7000000000007016,http://data.ordnancesurvey.co.uk/ontology/admingeo/District,Norfolk,http://data.ordnancesurvey.co.uk/id/7000000000007238,http://data.ordnancesurvey.co.uk/ontology/admingeo/County,Eastern,http://data.ordnancesurvey.co.uk/id/7000000000041425,England,http://data.ordnancesurvey.co.uk/id/country/england,,,
PE149AT,http://data.ordnancesurvey.co.uk/id/postcodeunit/PE149AT,PE14 9AT,,,,other,Postcode,547101,300870,3500,18000,,,,,,,,,,Fenland,http://data.ordnancesurvey.co.uk/id/7000000000001357,http://data.ordnancesurvey.co.uk/ontology/admingeo/District,Cambridgeshire,http://data.ordnancesurvey.co.uk/id/7000000000001386,http://data.ordnancesurvey.co.uk/ontology/admingeo/County,Eastern,http://data.ordnancesurvey.co.uk/id/7000000000041425,England,http://data.ordnancesurvey.co.uk/id/country/england,,,
PE133QL,http://data.ordnancesurvey.co.uk/id/postcodeunit/PE133QL,PE13 3QL,,,,other,Postcode,547422,310395,3500,18000,,,,,,,Wisbech,http://data.ordnancesurvey.co.uk/id/4000000074551318,http://www.ordnancesurvey.co.uk/xml/codelists/localtype.xml#town,Fenland,http://data.ordnancesurvey.co.uk/id/7000000000001357,http://data.ordnancesurvey.co.uk/ontology/admingeo/District,Cambridgeshire,http://data.ordnancesurvey.co.uk/id/7000000000001386,http://data.ordnancesurvey.co.uk/ontology/admingeo/County,Eastern,http://data.ordnancesurvey.co.uk/id/7000000000041425,England,http://data.ordnancesurvey.co.uk/id/country/england,,,
PE133UP,http://data.ordnancesurvey.co.uk/id/postcodeunit/PE133UP,PE13 3UP,,,,other,Postcode,547349,310021,3500,18000,,,,,,,Wisbech,http://data.ordnancesurvey.co.uk/id/4000000074551318,http://www.ordnancesurvey.co.uk/xml/codelists/localtype.xml#town,Fenland,http://data.ordnancesurvey.co.uk/id/7000000000001357,http://data.ordnancesurvey.co.uk/ontology/admingeo/District,Cambridgeshire,http://data.ordnancesurvey.co.uk/id/7000000000001386,http://data.ordnancesurvey.co.uk/ontology/admingeo/County,Eastern,http://data.ordnancesurvey.co.uk/id/7000000000041425,England,http://data.ordnancesurvey.co.uk/id/country/england,,,
PE132BA,http://data.ordnancesurvey.co.uk/id/postcodeunit/PE132BA,PE13 2BA,,,,other,Postcode,546766,309592,3500,18000,,,,,,,Wisbech,http://data.ordnancesurvey.co.uk/id/4000000074551318,http://www.ordnancesurvey.co.uk/xml/codelists/localtype.xml#town,Fenland,http://data.ordnancesurvey.co.uk/id/7000000000001357,http://data.ordnancesurvey.co.uk/ontology/admingeo/District,Cambridgeshire,http://data.ordnancesurvey.co.uk/id/7000000000001386,http://data.ordnancesurvey.co.uk/ontology/admingeo/County,Eastern,http://data.ordnancesurvey.co.uk/id/7000000000041425,England,http://data.ordnancesurvey.co.uk/id/country/england,,,
PE132XH,http://data.ordnancesurvey.co.uk/id/postcodeunit/PE132XH,PE13 2XH,,,,other,Postcode,546465,309320,3500,18000,,,,,,,Wisbech,http://data.ordnancesurvey.co.uk/id/4000000074551318,http://www.ordnancesurvey.co.uk/xml/codelists/localtype.xml#town,Fenland,http://data.ordnancesurvey.co.uk/id/7000000000001357,http://data.ordnancesurvey.co.uk/ontology/admingeo/District,Cambridgeshire,http://data.ordnancesurvey.co.uk/id/7000000000001386,http://data.ordnancesurvey.co.uk/ontology/admingeo/County,Eastern,http://data.ordnancesurvey.co.uk/id/7000000000041425,England,http://data.ordnancesurvey.co.uk/id/country/england,,,
PE134ST,http://data.ordnancesurvey.co.uk/id/postcodeunit/PE134ST,PE13 4ST,,,,other,Postcode,541815,308191,3500,18000,,,,,,,Wisbech St Mary,http://data.ordnancesurvey.co.uk/id/4000000074551315,http://www.ordnancesurvey.co.uk/xml/codelists/localtype.xml#village,Fenland,http://data.ordnancesurvey.co.uk/id/7000000000001357,http://data.ordnancesurvey.co.uk/ontology/admingeo/District,Cambridgeshire,http://data.ordnancesurvey.co.uk/id/7000000000001386,http://data.ordnancesurvey.co.uk/ontology/admingeo/County,Eastern,http://data.ordnancesurvey.co.uk/id/7000000000041425,England,http://data.ordnancesurvey.co.uk/id/country/england,,,
PE149BF,http://data.ordnancesurvey.co.uk/id/postcodeunit/PE149BF,PE14 9BF,,,,other,Postcode,550742,303130,3500,18000,,,,,,,Upwell,http://data.ordnancesurvey.co.uk/id/4000000074550938,http://www.ordnancesurvey.co.uk/xml/codelists/localtype.xml#village,King's Lynn and West Norfolk,http://data.ordnancesurvey.co.uk/id/7000000000007016,http://data.ordnancesurvey.co.uk/ontology/admingeo/District,Norfolk,http://data.ordnancesurvey.co.uk/id/7000000000007238,http://data.ordnancesurvey.co.uk/ontology/admingeo/County,Eastern,http://data.ordnancesurvey.co.uk/id/7000000000041425,England,http://data.ordnancesurvey.co.uk/id/country/england,,,
PE134SY,http://data.ordnancesurvey.co.uk/id/postcodeunit/PE134SY,PE13 4SY,,,,other,Postcode,541963,308234,3500,18000,,,,,,,Wisbech St Mary,http://data.ordnancesurvey.co.uk/id/4000000074551315,http://www.ordnancesurvey.co.uk/xml/codelists/localtype.xml#village,Fenland,http://data.ordnancesurvey.co.uk/id/7000000000001357,http://data.ordnancesurvey.co.uk/ontology/admingeo/District,Cambridgeshire,http://data.ordnancesurvey.co.uk/id/7000000000001386,http://data.ordnancesurvey.co.uk/ontology/admingeo/County,Eastern,http://data.ordnancesurvey.co.uk/id/7000000000041425,England,http://data.ordnancesurvey.co.uk/id/country/england,,,
PE135PY,http://data.ordnancesurvey.co.uk/id/postcodeunit/PE135PY,PE13 5PY,,,,other,Postcode,544308,311041,3500,18000,,,,,,,Leverington,http://data.ordnancesurvey.co.uk/id/4000000074551313,http://www.ordnancesurvey.co.uk/xml/codelists/localtype.xml#village,Fenland,http://data.ordnancesurvey.co.uk/id/7000000000001357,http://data.ordnancesurvey.co.uk/ontology/admingeo/District,Cambridgeshire,http://data.ordnancesurvey.co.uk/id/7000000000001386,http://data.ordnancesurvey.co.uk/ontology/admingeo/County,Eastern,http://data.ordnancesurvey.co.uk/id/7000000000041425,England,http://data.ordnancesurvey.co.uk/id/country/england,,,
PE133AA,http://data.ordnancesurvey.co.uk/id/postcodeunit/PE133AA,PE13 3AA,,,,other,Postcode,546435,309666,3500,18000,,,,,,,Wisbech,http://data.ordnancesurvey.co.uk/id/4000000074551318,http://www.ordnancesurvey.co.uk/xml/codelists/localtype.xml#town,Fenland,http://data.ordnancesurvey.co.uk/id/7000000000001357,http://data.ordnancesurvey.co.uk/ontology/admingeo/District,Cambridgeshire,http://data.ordnancesurvey.co.uk/id/7000000000001386,http://data.ordnancesurvey.co.uk/ontology/admingeo/County,Eastern,http://data.ordnancesurvey.co.uk/id/7000000000041425,England,http://data.ordnancesurvey.co.uk/id/country/england,,,
PE135DB,http://data.ordnancesurvey.co.uk/id/postcodeunit/PE135DB,PE13 5DB,,,,other,Postcode,544624,311502,3500,18000,,,,,,,Leverington,http://data.ordnancesurvey.co.uk/id/4000000074551313,http://www.ordnancesurvey.co.uk/xml/codelists/localtype.xml#village,Fenland,http://data.ordnancesurvey.co.uk/id/7000000000001357,http://data.ordnancesurvey.co.uk/ontology/admingeo/District,Cambridgeshire,http://data.ordnancesurvey.co.uk/id/7000000000001386,http://data.ordnancesurvey.co.uk/ontology/admingeo/County,Eastern,http://data.ordnancesurvey.co.uk/id/7000000000041425,England,http://data.ordnancesurvey.co.uk/id/country/england,,,
PE133JG,http://data.ordnancesurvey.co.uk/id/postcodeunit/PE133JG,PE13 3JG,,,,other,Postcode,545759,311069,3500,18000,,,,,,,Wisbech,http://data.ordnancesurvey.co.uk/id/4000000074551318,http://www.ordnancesurvey.co.uk/xml/codelists/localtype.xml#town,Fenland,http://data.ordnancesurvey.co.uk/id/7000000000001357,http://data.ordnancesurvey.co.uk/ontology/admingeo/District,Cambridgeshire,http://data.ordnancesurvey.co.uk/id/7000000000001386,http://data.ordnancesurvey.co.uk/ontology/admingeo/County,Eastern,http://data.ordnancesurvey.co.uk/id/7000000000041425,England,http://data.ordnancesurvey.co.uk/id/country/england,,,
PE135HT,http://data.ordnancesurvey.co.uk/id/postcodeunit/PE135HT,PE13 5HT,,,,other,Postcode,542743,314439,3500,18000,,,,,,,Newton-in-the-Isle,http://data.ordnancesurvey.co.uk/id/4000000074548769,http://www.ordnancesurvey.co.uk/xml/codelists/localtype.xml#village,Fenland,http://data.ordnancesurvey.co.uk/id/7000000000001357,http://data.ordnancesurvey.co.uk/ontology/admingeo/District,Cambridgeshire,http://data.ordnancesurvey.co.uk/id/7000000000001386,http://data.ordnancesurvey.co.uk/ontology/admingeo/County,Eastern,http://data.ordnancesurvey.co.uk/id/7000000000041425,England,http://data.ordnancesurvey.co.uk/id/country/england,,,
PE133EH,http://data.ordnancesurvey.co.uk/id/postcodeunit/PE133EH,PE13 3EH,,,,other,Postcode,547074,310707,3500,18000,,,,,,,Wisbech,http://data.ordnancesurvey.co.uk/id/4000000074551318,http://www.ordnancesurvey.co.uk/xml/codelists/localtype.xml#town,Fenland,http://data.ordnancesurvey.co.uk/id/7000000000001357,http://data.ordnancesurvey.co.uk/ontology/admingeo/District,Cambridgeshire,http://data.ordnancesurvey.co.uk/id/7000000000001386,http://data.ordnancesurvey.co.uk/ontology/admingeo/County,Eastern,http://data.ordnancesurvey.co.uk/id/7000000000041425,England,http://data.ordnancesurvey.co.uk/id/country/england,,,
PE140EW,http://data.ordnancesurvey.co.uk/id/postcodeunit/PE140EW,PE14 0EW,,,,other,Postcode,548424,306226,3500,18000,,,,,,,Elm,http://data.ordnancesurvey.co.uk/id/4000000074341528,http://www.ordnancesurvey.co.uk/xml/codelists/localtype.xml#village,Fenland,http://data.ordnancesurvey.co.uk/id/7000000000001357,http://data.ordnancesurvey.co.uk/ontology/admingeo/District,Cambridgeshire,http://data.ordnancesurvey.co.uk/id/7000000000001386,http://data.ordnancesurvey.co.uk/ontology/admingeo/County,Eastern,http://data.ordnancesurvey.co.uk/id/7000000000041425,England,http://data.ordnancesurvey.co.uk/id/country/england,,,
PE120HZ,http://data.ordnancesurvey.co.uk/id/postcodeunit/PE120HZ,PE12 0HZ,,,,other,Postcode,542088,318140,3500,18000,,,,,,,,,,South Holland,http://data.ordnancesurvey.co.uk/id/7000000000005599,http://data.ordnancesurvey.co.uk/ontology/admingeo/District,Lincolnshire,http://data.ordnancesurvey.co.uk/id/7000000000005942,http://data.ordnancesurvey.co.uk/ontology/admingeo/County,East Midlands,http://data.ordnancesurvey.co.uk/id/7000000000041423,England,http://data.ordnancesurvey.co.uk/id/country/england,,,
PE140HG,http://data.ordnancesurvey.co.uk/id/postcodeunit/PE140HG,PE14 0HG,,,,other,Postcode,546692,304681,3500,18000,,,,,,,Friday Bridge,http://data.ordnancesurvey.co.uk/id/4000000074550225,http://www.ordnancesurvey.co.uk/xml/codelists/localtype.xml#village,Fenland,http://data.ordnancesurvey.co.uk/id/7000000000001357,http://data.ordnancesurvey.co.uk/ontology/admingeo/District,Cambridgeshire,http://data.ordnancesurvey.co.uk/id/7000000000001386,http://data.ordnancesurvey.co.uk/ontology/admingeo/County,Eastern,http://data.ordnancesurvey.co.uk/id/7000000000041425,England,http://data.ordnancesurvey.co.uk/id/country/england,,,
PE344QW,http://data.ordnancesurvey.co.uk/id/postcodeunit/PE344QW,PE34 4QW,,,,other,Postcode,554316,313962,3500,18000,,,,,,,Tilney St Lawrence,http://data.ordnancesurvey.co.uk/id/4000000074550579,http://www.ordnancesurvey.co.uk/xml/codelists/localtype.xml#village,King's Lynn and West Norfolk,http://data.ordnancesurvey.co.uk/id/7000000000007016,http://data.ordnancesurvey.co.uk/ontology/admingeo/District,Norfolk,http://data.ordnancesurvey.co.uk/id/7000000000007238,http://data.ordnancesurvey.co.uk/ontology/admingeo/County,Eastern,http://data.ordnancesurvey.co.uk/id/7000000000041425,England,http://data.ordnancesurvey.co.uk/id/country/england,,,
PE133DW,http://data.ordnancesurvey.co.uk/id/postcodeunit/PE133DW,PE13 3DW,,,,other,Postcode,546656,310141,3500,18000,,,,,,,Wisbech,http://data.ordnancesurvey.co.uk/id/4000000074551318,http://www.ordnancesurvey.co.uk/xml/codelists/localtype.xml#town,Fenland,http://data.ordnancesurvey.co.uk/id/7000000000001357,http://data.ordnancesurvey.co.uk/ontology/admingeo/District,Cambridgeshire,http://data.ordnancesurvey.co.uk/id/7000000000001386,http://data.ordnancesurvey.co.uk/ontology/admingeo/County,Eastern,http://data.ordnancesurvey.co.uk/id/7000000000041425,England,http://data.ordnancesurvey.co.uk/id/country/england,,,
PE144EQ,http://data.ordnancesurvey.co.uk/id/postcodeunit/PE144EQ,PE14 4EQ,,,,other,Postcode,545574,308434,3500,18000,,,,,,,Wisbech,http://data.ordnancesurvey.co.uk/id/4000000074551318,http://www.ordnancesurvey.co.uk/xml/codelists/localtype.xml#town,Fenland,http://data.ordnancesurvey.co.uk/id/7000000000001357,http://data.ordnancesurvey.co.uk/ontology/admingeo/District,Cambridgeshire,http://data.ordnancesurvey.co.uk/id/7000000000001386,http://data.ordnancesurvey.co.uk/ontology/admingeo/County,Eastern,http://data.ordnancesurvey.co.uk/id/7000000000041425,England,http://data.ordnancesurvey.co.uk/id/country/england,,,
PE147RW,http://data.ordnancesurvey.co.uk/id/postcodeunit/PE147RW,PE14 7RW,,,,other,Postcode,553792,314426,3500,18000,,,,,,,Terrington St John,http://data.ordnancesurvey.co.uk/id/4000000074550941,http://www.ordnancesurvey.co.uk/xml/codelists/localtype.xml#village,King's Lynn and West Norfolk,http://data.ordnancesurvey.co.uk/id/7000000000007016,http://data.ordnancesurvey.co.uk/ontology/admingeo/District,Norfolk,http://data.ordnancesurvey.co.uk/id/7000000000007238,http://data.ordnancesurvey.co.uk/ontology/admingeo/County,Eastern,http://data.ordnancesurvey.co.uk/id/7000000000041425,England,http://data.ordnancesurvey.co.uk/id/country/england,,,
PE132EX,http://data.ordnancesurvey.co.uk/id/postcodeunit/PE132EX,PE13 2EX,,,,other,Postcode,546838,309786,3500,18000,,,,,,,Wisbech,http://data.ordnancesurvey.co.uk/id/4000000074551318,http://www.ordnancesurvey.co.uk/xml/codelists/localtype.xml#town,Fenland,http://data.ordnancesurvey.co.uk/id/7000000000001357,http://data.ordnancesurvey.co.uk/ontology/admingeo/District,Cambridgeshire,http://data.ordnancesurvey.co.uk/id/7000000000001386,http://data.ordnancesurvey.co.uk/ontology/admingeo/County,Eastern,http://data.ordnancesurvey.co.uk/id/7000000000041425,England,http://data.ordnancesurvey.co.uk/id/country/england,,,
PE343NT,http://data.ordnancesurvey.co.uk/id/postcodeunit/PE343NT,PE34 3NT,,,,other,Postcode,556798,304877,3500,18000,,,,,,,,,,King's Lynn and West Norfolk,http://data.ordnancesurvey.co.uk/id/7000000000007016,http://data.ordnancesurvey.co.uk/ontology/admingeo/District,Norfolk,http://data.ordnancesurvey.co.uk/id/7000000000007238,http://data.ordnancesurvey.co.uk/ontology/admingeo/County,Eastern,http://data.ordnancesurvey.co.uk/id/7000000000041425,England,http://data.ordnancesurvey.co.uk/id/country/england,,,
PE132BL,http://data.ordnancesurvey.co.uk/id/postcodeunit/PE132BL,PE13 2BL,,,,other,Postcode,547163,309496,3500,18000,,,,,,,Wisbech,http://data.ordnancesurvey.co.uk/id/4000000074551318,http://www.ordnancesurvey.co.uk/xml/codelists/localtype.xml#town,Fenland,http://data.ordnancesurvey.co.uk/id/7000000000001357,http://data.ordnancesurvey.co.uk/ontology/admingeo/District,Cambridgeshire,http://data.ordnancesurvey.co.uk/id/7000000000001386,http://data.ordnancesurvey.co.uk/ontology/admingeo/County,Eastern,http://data.ordnancesurvey.co.uk/id/7000000000041425,England,http://data.ordnancesurvey.co.uk/id/country/england,,,
PE131PZ,http://data.ordnancesurvey.co.uk/id/postcodeunit/PE131PZ,PE13 1PZ,,,,other,Postcode,545469,311023,3500,18000,,,,,,,Wisbech,http://data.ordnancesurvey.co.uk/id/4000000074551318,http://www.ordnancesurvey.co.uk/xml/codelists/localtype.xml#town,Fenland,http://data.ordnancesurvey.co.uk/id/7000000000001357,http://data.ordnancesurvey.co.uk/ontology/admingeo/District,Cambridgeshire,http://data.ordnancesurvey.co.uk/id/7000000000001386,http://data.ordnancesurvey.co.uk/ontology/admingeo/County,Eastern,http://data.ordnancesurvey.co.uk/id/7000000000041425,England,http://data.ordnancesurvey.co.uk/id/country/england,,,
PE133HD,http://data.ordnancesurvey.co.uk/id/postcodeunit/PE133HD,PE13 3HD,,,,other,Postcode,547007,310460,3500,18000,,,,,,,Wisbech,http://data.ordnancesurvey.co.uk/id/4000000074551318,http://www.ordnancesurvey.co.uk/xml/codelists/localtype.xml#town,Fenland,http://data.ordnancesurvey.co.uk/id/7000000000001357,http://data.ordnancesurvey.co.uk/ontology/admingeo/District,Cambridgeshire,http://data.ordnancesurvey.co.uk/id/7000000000001386,http://data.ordnancesurvey.co.uk/ontology/admingeo/County,Eastern,http://data.ordnancesurvey.co.uk/id/7000000000041425,England,http://data.ordnancesurvey.co.uk/id/country/england,,,
PE135PQ,http://data.ordnancesurvey.co.uk/id/postcodeunit/PE135PQ,PE13 5PQ,,,,other,Postcode,544709,317136,3500,18000,,,,,,,,,,Fenland,http://data.ordnancesurvey.co.uk/id/7000000000001357,http://data.ordnancesurvey.co.uk/ontology/admingeo/District,Cambridgeshire,http://data.ordnancesurvey.co.uk/id/7000000000001386,http://data.ordnancesurvey.co.uk/ontology/admingeo/County,Eastern,http://data.ordnancesurvey.co.uk/id/7000000000041425,England,http://data.ordnancesurvey.co.uk/id/country/england,,,
PE131LU,http://data.ordnancesurvey.co.uk/id/postcodeunit/PE131LU,PE13 1LU,,,,other,Postcode,545261,309262,3500,18000,,,,,,,Wisbech,http://data.ordnancesurvey.co.uk/id/4000000074551318,http://www.ordnancesurvey.co.uk/xml/codelists/localtype.xml#town,Fenland,http://data.ordnancesurvey.co.uk/id/7000000000001357,http://data.ordnancesurvey.co.uk/ontology/admingeo/District,Cambridgeshire,http://data.ordnancesurvey.co.uk/id/7000000000001386,http://data.ordnancesurvey.co.uk/ontology/admingeo/County,Eastern,http://data.ordnancesurvey.co.uk/id/7000000000041425,England,http://data.ordnancesurvey.co.uk/id/country/england,,,
PE140BB,http://data.ordnancesurvey.co.uk/id/postcodeunit/PE140BB,PE14 0BB,,,,other,Postcode,545170,306329,3500,18000,,,,,,,Begdale,http://data.ordnancesurvey.co.uk/id/4000000074550949,http://www.ordnancesurvey.co.uk/xml/codelists/localtype.xml#hamlet,Fenland,http://data.ordnancesurvey.co.uk/id/7000000000001357,http://data.ordnancesurvey.co.uk/ontology/admingeo/District,Cambridgeshire,http://data.ordnancesurvey.co.uk/id/7000000000001386,http://data.ordnancesurvey.co.uk/ontology/admingeo/County,Eastern,http://data.ordnancesurvey.co.uk/id/7000000000041425,England,http://data.ordnancesurvey.co.uk/id/country/england,,,
PE380AW,http://data.ordnancesurvey.co.uk/id/postcodeunit/PE380AW,PE38 0AW,,,,other,Postcode,555850,302018,3500,18000,,,,,,,Barroway Drove,http://data.ordnancesurvey.co.uk/id/4000000074327856,http://www.ordnancesurvey.co.uk/xml/codelists/localtype.xml#village,King's Lynn and West Norfolk,http://data.ordnancesurvey.co.uk/id/7000000000007016,http://data.ordnancesurvey.co.uk/ontology/admingeo/District,Norfolk,http://data.ordnancesurvey.co.uk/id/7000000000007238,http://data.ordnancesurvey.co.uk/ontology/admingeo/County,Eastern,http://data.ordnancesurvey.co.uk/id/7000000000041425,England,http://data.ordnancesurvey.co.uk/id/country/england,,,
PE148QQ,http://data.ordnancesurvey.co.uk/id/postcodeunit/PE148QQ,PE14 8QQ,,,,other,Postcode,554048,302888,3500,18000,,,,,,,,,,King's Lynn and West Norfolk,http://data.ordnancesurvey.co.uk/id/7000000000007016,http://data.ordnancesurvey.co.uk/ontology/admingeo/District,Norfolk,http://data.ordnancesurvey.co.uk/id/7000000000007238,http://data.ordnancesurvey.co.uk/ontology/admingeo/County,Eastern,http://data.ordnancesurvey.co.uk/id/7000000000041425,England,http://data.ordnancesurvey.co.uk/id/country/england,,,
PE132EU,http://data.ordnancesurvey.co.uk/id/postcodeunit/PE132EU,PE13 2EU,,,,other,Postcode,546938,309809,3500,18000,,,,,,,Wisbech,http://data.ordnancesurvey.co.uk/id/4000000074551318,http://www.ordnancesurvey.co.uk/xml/codelists/localtype.xml#town,Fenland,http://data.ordnancesurvey.co.uk/id/7000000000001357,http://data.ordnancesurvey.co.uk/ontology/admingeo/District,Cambridgeshire,http://data.ordnancesurvey.co.uk/id/7000000000001386,http://data.ordnancesurvey.co.uk/ontology/admingeo/County,Eastern,http://data.ordnancesurvey.co.uk/id/7000000000041425,England,http://data.ordnancesurvey.co.uk/id/country/england,,,
PE131PG,http://data.ordnancesurvey.co.uk/id/postcodeunit/PE131PG,PE13 1PG,,,,other,Postcode,545516,310864,3500,18000,,,,,,,Wisbech,http://data.ordnancesurvey.co.uk/id/4000000074551318,http://www.ordnancesurvey.co.uk/xml/codelists/localtype.xml#town,Fenland,http://data.ordnancesurvey.co.uk/id/7000000000001357,http://data.ordnancesurvey.co.uk/ontology/admingeo/District,Cambridgeshire,http://data.ordnancesurvey.co.uk/id/7000000000001386,http://data.ordnancesurvey.co.uk/ontology/admingeo/County,Eastern,http://data.ordnancesurvey.co.uk/id/7000000000041425,England,http://data.ordnancesurvey.co.uk/id/country/england,,,
PE140RZ,http://data.ordnancesurvey.co.uk/id/postcodeunit/PE140RZ,PE14 0RZ,,,,other,Postcode,543236,306155,3500,18000,,,,,,,,,,Fenland,http://data.ordnancesurvey.co.uk/id/7000000000001357,http://data.ordnancesurvey.co.uk/ontology/admingeo/District,Cambridgeshire,http://data.ordnancesurvey.co.uk/id/7000000000001386,http://data.ordnancesurvey.co.uk/ontology/admingeo/County,Eastern,http://data.ordnancesurvey.co.uk/id/7000000000041425,England,http://data.ordnancesurvey.co.uk/id/country/england,,,
PE135HQ,http://data.ordnancesurvey.co.uk/id/postcodeunit/PE135HQ,PE13 5HQ,,,,other,Postcode,543821,314729,3500,18000,,,,,,,Newton-in-the-Isle,http://data.ordnancesurvey.co.uk/id/4000000074548769,http://www.ordnancesurvey.co.uk/xml/codelists/localtype.xml#village,Fenland,http://data.ordnancesurvey.co.uk/id/7000000000001357,http://data.ordnancesurvey.co.uk/ontology/admingeo/District,Cambridgeshire,http://data.ordnancesurvey.co.uk/id/7000000000001386,http://data.ordnancesurvey.co.uk/ontology/admingeo/County,Eastern,http://data.ordnancesurvey.co.uk/id/7000000000041425,England,http://data.ordnancesurvey.co.uk/id/country/england,,,
PE343DD,http://data.ordnancesurvey.co.uk/id/postcodeunit/PE343DD,PE34 3DD,,,,other,Postcode,556932,309917,3500,18000,,,,,,,,,,King's Lynn and West Norfolk,http://data.ordnancesurvey.co.uk/id/7000000000007016,http://data.ordnancesurvey.co.uk/ontology/admingeo/District,Norfolk,http://data.ordnancesurvey.co.uk/id/7000000000007238,http://data.ordnancesurvey.co.uk/ontology/admingeo/County,Eastern,http://data.ordnancesurvey.co.uk/id/7000000000041425,England,http://data.ordnancesurvey.co.uk/id/country/england,,,
PE133LA,http://data.ordnancesurvey.co.uk/id/postcodeunit/PE133LA,PE13 3LA,,,,other,Postcode,546025,310986,3500,18000,,,,,,,Wisbech,http://data.ordnancesurvey.co.uk/id/4000000074551318,http://www.ordnancesurvey.co.uk/xml/codelists/localtype.xml#town,Fenland,http://data.ordnancesurvey.co.uk/id/7000000000001357,http://data.ordnancesurvey.co.uk/ontology/admingeo/District,Cambridgeshire,http://data.ordnancesurvey.co.uk/id/7000000000001386,http://data.ordnancesurvey.co.uk/ontology/admingeo/County,Eastern,http://data.ordnancesurvey.co.uk/id/7000000000041425,England,http://data.ordnancesurvey.co.uk/id/country/england,,,
PE133ES,http://data.ordnancesurvey.co.uk/id/postcodeunit/PE133ES,PE13 3ES,,,,other,Postcode,547258,311093,3500,18000,,,,,,,Wisbech,http://data.ordnancesurvey.co.uk/id/4000000074551318,http://www.ordnancesurvey.co.uk/xml/codelists/localtype.xml#town,Fenland,http://data.ordnancesurvey.co.uk/id/7000000000001357,http://data.ordnancesurvey.co.uk/ontology/admingeo/District,Cambridgeshire,http://data.ordnancesurvey.co.uk/id/7000000000001386,http://data.ordnancesurvey.co.uk/ontology/admingeo/County,Eastern,http://data.ordnancesurvey.co.uk/id/7000000000041425,England,http://data.ordnancesurvey.co.uk/id/country/england,,,
PE134NY,http://data.ordnancesurvey.co.uk/id/postcodeunit/PE134NY,PE13 4NY,,,,other,Postcode,541739,312134,3500,18000,,,,,,,Gorefield,http://data.ordnancesurvey.co.uk/id/4000000074551667,http://www.ordnancesurvey.co.uk/xml/codelists/localtype.xml#village,Fenland,http://data.ordnancesurvey.co.uk/id/7000000000001357,http://data.ordnancesurvey.co.uk/ontology/admingeo/District,Cambridgeshire,http://data.ordnancesurvey.co.uk/id/7000000000001386,http://data.ordnancesurvey.co.uk/ontology/admingeo/County,Eastern,http://data.ordnancesurvey.co.uk/id/7000000000041425,England,http://data.ordnancesurvey.co.uk/id/country/england,,,
PE132HG,http://data.ordnancesurvey.co.uk/id/postcodeunit/PE132HG,PE13 2HG,,,,other,Postcode,546939,309053,3500,18000,,,,,,,Wisbech,http://data.ordnancesurvey.co.uk/id/4000000074551318,http://www.ordnancesurvey.co.uk/xml/codelists/localtype.xml#town,Fenland,http://data.ordnancesurvey.co.uk/id/7000000000001357,http://data.ordnancesurvey.co.uk/ontology/admingeo/District,Cambridgeshire,http://data.ordnancesurvey.co.uk/id/7000000000001386,http://data.ordnancesurvey.co.uk/ontology/admingeo/County,Eastern,http://data.ordnancesurvey.co.uk/id/7000000000041425,England,http://data.ordnancesurvey.co.uk/id/country/england,,,
PE132RB,http://data.ordnancesurvey.co.uk/id/postcodeunit/PE132RB,PE13 2RB,,,,other,Postcode,546269,308211,3500,18000,,,,,,,Wisbech,http://data.ordnancesurvey.co.uk/id/4000000074551318,http://www.ordnancesurvey.co.uk/xml/codelists/localtype.xml#town,Fenland,http://data.ordnancesurvey.co.uk/id/7000000000001357,http://data.ordnancesurvey.co.uk/ontology/admingeo/District,Cambridgeshire,http://data.ordnancesurvey.co.uk/id/7000000000001386,http://data.ordnancesurvey.co.uk/ontology/admingeo/County,Eastern,http://data.ordnancesurvey.co.uk/id/7000000000041425,England,http://data.ordnancesurvey.co.uk/id/country/england,,,
PE140TG,http://data.ordnancesurvey.co.uk/id/postcodeunit/PE140TG,PE14 0TG,,,,other,Postcode,545462,308673,3500,18000,,,,,,,Wisbech,http://data.ordnancesurvey.co.uk/id/4000000074551318,http://www.ordnancesurvey.co.uk/xml/codelists/localtype.xml#town,Fenland,http://data.ordnancesurvey.co.uk/id/7000000000001357,http://data.ordnancesurvey.co.uk/ontology/admingeo/District,Cambridgeshire,http://data.ordnancesurvey.co.uk/id/7000000000001386,http://data.ordnancesurvey.co.uk/ontology/admingeo/County,Eastern,http://data.ordnancesurvey.co.uk/id/7000000000041425,England,http://data.ordnancesurvey.co.uk/id/country/england,,,
PE135QD,http://data.ordnancesurvey.co.uk/id/postcodeunit/PE135QD,PE13 5QD,,,,other,Postcode,545069,317874,3500,18000,,,,,,,Tydd Gote,http://data.ordnancesurvey.co.uk/id/4000000074548409,http://www.ordnancesurvey.co.uk/xml/codelists/localtype.xml#village,Fenland,http://data.ordnancesurvey.co.uk/id/7000000000001357,http://data.ordnancesurvey.co.uk/ontology/admingeo/District,Cambridgeshire,http://data.ordnancesurvey.co.uk/id/7000000000001386,http://data.ordnancesurvey.co.uk/ontology/admingeo/County,Eastern,http://data.ordnancesurvey.co.uk/id/7000000000041425,England,http://data.ordnancesurvey.co.uk/id/country/england,,,
PE344RJ,http://data.ordnancesurvey.co.uk/id/postcodeunit/PE344RJ,PE34 4RJ,,,,other,Postcode,554455,313654,3500,18000,,,,,,,Tilney St Lawrence,http://data.ordnancesurvey.co.uk/id/4000000074550579,http://www.ordnancesurvey.co.uk/xml/codelists/localtype.xml#village,King's Lynn and West Norfolk,http://data.ordnancesurvey.co.uk/id/7000000000007016,http://data.ordnancesurvey.co.uk/ontology/admingeo/District,Norfolk,http://data.ordnancesurvey.co.uk/id/7000000000007238,http://data.ordnancesurvey.co.uk/ontology/admingeo/County,Eastern,http://data.ordnancesurvey.co.uk/id/7000000000041425,England,http://data.ordnancesurvey.co.uk/id/country/england,,,
PE133DE,http://data.ordnancesurvey.co.uk/id/postcodeunit/PE133DE,PE13 3DE,,,,other,Postcode,546405,310066,3500,18000,,,,,,,Wisbech,http://data.ordnancesurvey.co.uk/id/4000000074551318,http://www.ordnancesurvey.co.uk/xml/codelists/localtype.xml#town,Fenland,http://data.ordnancesurvey.co.uk/id/7000000000001357,http://data.ordnancesurvey.co.uk/ontology/admingeo/District,Cambridgeshire,http://data.ordnancesurvey.co.uk/id/7000000000001386,http://data.ordnancesurvey.co.uk/ontology/admingeo/County,Eastern,http://data.ordnancesurvey.co.uk/id/7000000000041425,England,http://data.ordnancesurvey.co.uk/id/country/england,,,
PE147QR,http://data.ordnancesurvey.co.uk/id/postcodeunit/PE147QR,PE14 7QR,,,,other,Postcode,552544,315927,3500,18000,,,,,,,,,,King's Lynn and West Norfolk,http://data.ordnancesurvey.co.uk/id/7000000000007016,http://data.ordnancesurvey.co.uk/ontology/admingeo/District,Norfolk,http://data.ordnancesurvey.co.uk/id/7000000000007238,http://data.ordnancesurvey.co.uk/ontology/admingeo/County,Eastern,http://data.ordnancesurvey.co.uk/id/7000000000041425,England,http://data.ordnancesurvey.co.uk/id/country/england,,,
PE380BB,http://data.ordnancesurvey.co.uk/id/postcodeunit/PE380BB,PE38 0BB,,,,other,Postcode,558473,301802,3500,18000,,,,,,,Salters Lode,http://data.ordnancesurvey.co.uk/id/4000000074550570,http://www.ordnancesurvey.co.uk/xml/codelists/localtype.xml#village,King's Lynn and West Norfolk,http://data.ordnancesurvey.co.uk/id/7000000000007016,http://data.ordnancesurvey.co.uk/ontology/admingeo/District,Norfolk,http://data.ordnancesurvey.co.uk/id/7000000000007238,http://data.ordnancesurvey.co.uk/ontology/admingeo/County,Eastern,http://data.ordnancesurvey.co.uk/id/7000000000041425,England,http://data.ordnancesurvey.co.uk/id/country/england,,,
PE133BF,http://data.ordnancesurvey.co.uk/id/postcodeunit/PE133BF,PE13 3BF,,,,other,Postcode,546635,310570,3500,18000,,,,,,,Wisbech,http://data.ordnancesurvey.co.uk/id/4000000074551318,http://www.ordnancesurvey.co.uk/xml/codelists/localtype.xml#town,Fenland,http://data.ordnancesurvey.co.uk/id/7000000000001357,http://data.ordnancesurvey.co.uk/ontology/admingeo/District,Cambridgeshire,http://data.ordnancesurvey.co.uk/id/7000000000001386,http://data.ordnancesurvey.co.uk/ontology/admingeo/County,Eastern,http://data.ordnancesurvey.co.uk/id/7000000000041425,England,http://data.ordnancesurvey.co.uk/id/country/england,,,
PE132TL,http://data.ordnancesurvey.co.uk/id/postcodeunit/PE132TL,PE13 2TL,,,,other,Postcode,546597,308281,3500,18000,,,,,,,Wisbech,http://data.ordnancesurvey.co.uk/id/4000000074551318,http://www.ordnancesurvey.co.uk/xml/codelists/localtype.xml#town,Fenland,http://data.ordnancesurvey.co.uk/id/7000000000001357,http://data.ordnancesurvey.co.uk/ontology/admingeo/District,Cambridgeshire,http://data.ordnancesurvey.co.uk/id/7000000000001386,http://data.ordnancesurvey.co.uk/ontology/admingeo/County,Eastern,http://data.ordnancesurvey.co.uk/id/7000000000041425,England,http://data.ordnancesurvey.co.uk/id/country/england,,,
PE147RH,http://data.ordnancesurvey.co.uk/id/postcodeunit/PE147RH,PE14 7RH,,,,other,Postcode,551940,313661,3500,18000,,,,,,,Walpole Highway,http://data.ordnancesurvey.co.uk/id/4000000074550945,http://www.ordnancesurvey.co.uk/xml/codelists/localtype.xml#village,King's Lynn and West Norfolk,http://data.ordnancesurvey.co.uk/id/7000000000007016,http://data.ordnancesurvey.co.uk/ontology/admingeo/District,Norfolk,http://data.ordnancesurvey.co.uk/id/7000000000007238,http://data.ordnancesurvey.co.uk/ontology/admingeo/County,Eastern,http://data.ordnancesurvey.co.uk/id/7000000000041425,England,http://data.ordnancesurvey.co.uk/id/country/england,,,
PE135LF,http://data.ordnancesurvey.co.uk/id/postcodeunit/PE135LF,PE13 5LF,,,,other,Postcode,542402,316643,3500,18000,,,,,,,Tydd St Giles,http://data.ordnancesurvey.co.uk/id/4000000074548770,http://www.ordnancesurvey.co.uk/xml/codelists/localtype.xml#village,Fenland,http://data.ordnancesurvey.co.uk/id/7000000000001357,http://data.ordnancesurvey.co.uk/ontology/admingeo/District,Cambridgeshire,http://data.ordnancesurvey.co.uk/id/7000000000001386,http://data.ordnancesurvey.co.uk/ontology/admingeo/County,Eastern,http://data.ordnancesurvey.co.uk/id/7000000000041425,England,http://data.ordnancesurvey.co.uk/id/country/england,,,
PE134NB,http://data.ordnancesurvey.co.uk/id/postcodeunit/PE134NB,PE13 4NB,,,,other,Postcode,541945,311933,3500,18000,,,,,,,Gorefield,http://data.ordnancesurvey.co.uk/id/4000000074551667,http://www.ordnancesurvey.co.uk/xml/codelists/localtype.xml#village,Fenland,http://data.ordnancesurvey.co.uk/id/7000000000001357,http://data.ordnancesurvey.co.uk/ontology/admingeo/District,Cambridgeshire,http://data.ordnancesurvey.co.uk/id/7000000000001386,http://data.ordnancesurvey.co.uk/ontology/admingeo/County,Eastern,http://data.ordnancesurvey.co.uk/id/7000000000041425,England,http://data.ordnancesurvey.co.uk/id/country/england,,,
PE147PH,http://data.ordnancesurvey.co.uk/id/postcodeunit/PE147PH,PE14 7PH,,,,other,Postcode,550875,316744,3500,18000,,,,,,,Walpole St Peter,http://data.ordnancesurvey.co.uk/id/4000000074550943,http://www.ordnancesurvey.co.uk/xml/codelists/localtype.xml#village,King's Lynn and West Norfolk,http://data.ordnancesurvey.co.uk/id/7000000000007016,http://data.ordnancesurvey.co.uk/ontology/admingeo/District,Norfolk,http://data.ordnancesurvey.co.uk/id/7000000000007238,http://data.ordnancesurvey.co.uk/ontology/admingeo/County,Eastern,http://data.ordnancesurvey.co.uk/id/7000000000041425,England,http://data.ordnancesurvey.co.uk/id/country/england,,,
PE148DH,http://data.ordnancesurvey.co.uk/id/postcodeunit/PE148DH,PE14 8DH,,,,other,Postcode,549724,308506,3500,18000,,,,,,,,,,King's Lynn and West Norfolk,http://data.ordnancesurvey.co.uk/id/7000000000007016,http://data.ordnancesurvey.co.uk/ontology/admingeo/District,Norfolk,http://data.ordnancesurvey.co.uk/id/7000000000007238,http://data.ordnancesurvey.co.uk/ontology/admingeo/County,Eastern,http://data.ordnancesurvey.co.uk/id/7000000000041425,England,http://data.ordnancesurvey.co.uk/id/country/england,,,
PE148EB,http://data.ordnancesurvey.co.uk/id/postcodeunit/PE148EB,PE14 8EB,,,,other,Postcode,549501,307452,3500,18000,,,,,,,Emneth,http://data.ordnancesurvey.co.uk/id/4000000074550948,http://www.ordnancesurvey.co.uk/xml/codelists/localtype.xml#village,King's Lynn and West Norfolk,http://data.ordnancesurvey.co.uk/id/7000000000007016,http://data.ordnancesurvey.co.uk/ontology/admingeo/District,Norfolk,http://data.ordnancesurvey.co.uk/id/7000000000007238,http://data.ordnancesurvey.co.uk/ontology/admingeo/County,Eastern,http://data.ordnancesurvey.co.uk/id/7000000000041425,England,http://data.ordnancesurvey.co.uk/id/country/england,,,
PE132HH,http://data.ordnancesurvey.co.uk/id/postcodeunit/PE132HH,PE13 2HH,,,,other,Postcode,545686,308822,3500,18000,,,,,,,Wisbech,http://data.ordnancesurvey.co.uk/id/4000000074551318,http://www.ordnancesurvey.co.uk/xml/codelists/localtype.xml#town,Fenland,http://data.ordnancesurvey.co.uk/id/7000000000001357,http://data.ordnancesurvey.co.uk/ontology/admingeo/District,Cambridgeshire,http://data.ordnancesurvey.co.uk/id/7000000000001386,http://data.ordnancesurvey.co.uk/ontology/admingeo/County,Eastern,http://data.ordnancesurvey.co.uk/id/7000000000041425,England,http://data.ordnancesurvey.co.uk/id/country/england,,,
PE131DQ,http://data.ordnancesurvey.co.uk/id/postcodeunit/PE131DQ,PE13 1DQ,,,,other,Postcode,546161,309710,3500,18000,,,,,,,Wisbech,http://data.ordnancesurvey.co.uk/id/4000000074551318,http://www.ordnancesurvey.co.uk/xml/codelists/localtype.xml#town,Fenland,http://data.ordnancesurvey.co.uk/id/7000000000001357,http://data.ordnancesurvey.co.uk/ontology/admingeo/District,Cambridgeshire,http://data.ordnancesurvey.co.uk/id/7000000000001386,http://data.ordnancesurvey.co.uk/ontology/admingeo/County,Eastern,http://data.ordnancesurvey.co.uk/id/7000000000041425,England,http://data.ordnancesurvey.co.uk/id/country/england,,,
PE132JW,http://data.ordnancesurvey.co.uk/id/postcodeunit/PE132JW,PE13 2JW,,,,other,Postcode,547419,309564,3500,18000,,,,,,,Wisbech,http://data.ordnancesurvey.co.uk/id/4000000074551318,http://www.ordnancesurvey.co.uk/xml/codelists/localtype.xml#town,Fenland,http://data.ordnancesurvey.co.uk/id/7000000000001357,http://data.ordnancesurvey.co.uk/ontology/admingeo/District,Cambridgeshire,http://data.ordnancesurvey.co.uk/id/7000000000001386,http://data.ordnancesurvey.co.uk/ontology/admingeo/County,Eastern,http://data.ordnancesurvey.co.uk/id/7000000000041425,England,http://data.ordnancesurvey.co.uk/id/country/england,,,
PE133NR,http://data.ordnancesurvey.co.uk/id/postcodeunit/PE133NR,PE13 3NR,,,,other,Postcode,546564,310975,3500,18000,,,,,,,Wisbech,http://data.ordnancesurvey.co.uk/id/4000000074551318,http://www.ordnancesurvey.co.uk/xml/codelists/localtype.xml#town,Fenland,http://data.ordnancesurvey.co.uk/id/7000000000001357,http://data.ordnancesurvey.co.uk/ontology/admingeo/District,Cambridgeshire,http://data.ordnancesurvey.co.uk/id/7000000000001386,http://data.ordnancesurvey.co.uk/ontology/admingeo/County,Eastern,http://data.ordnancesurvey.co.uk/id/7000000000041425,England,http://data.ordnancesurvey.co.uk/id/country/england,,,
PE133QZ,http://data.ordnancesurvey.co.uk/id/postcodeunit/PE133QZ,PE13 3QZ,,,,other,Postcode,547413,310743,3500,18000,,,,,,,Wisbech,http://data.ordnancesurvey.co.uk/id/4000000074551318,http://www.ordnancesurvey.co.uk/xml/codelists/localtype.xml#town,Fenland,http://data.ordnancesurvey.co.uk/id/7000000000001357,http://data.ordnancesurvey.co.uk/ontology/admingeo/District,Cambridgeshire,http://data.ordnancesurvey.co.uk/id/7000000000001386,http://data.ordnancesurvey.co.uk/ontology/admingeo/County,Eastern,http://data.ordnancesurvey.co.uk/id/7000000000041425,England,http://data.ordnancesurvey.co.uk/id/country/england,,,
PE140NG,http://data.ordnancesurvey.co.uk/id/postcodeunit/PE140NG,PE14 0NG,,,,other,Postcode,543375,302914,3500,18000,,,,,,,Coldham,http://data.ordnancesurvey.co.uk/id/4000000074550588,http://www.ordnancesurvey.co.uk/xml/codelists/localtype.xml#village,Fenland,http://data.ordnancesurvey.co.uk/id/7000000000001357,http://data.ordnancesurvey.co.uk/ontology/admingeo/District,Cambridgeshire,http://data.ordnancesurvey.co.uk/id/7000000000001386,http://data.ordnancesurvey.co.uk/ontology/admingeo/County,Eastern,http://data.ordnancesurvey.co.uk/id/7000000000041425,England,http://data.ordnancesurvey.co.uk/id/country/england,,,
PE135EE,http://data.ordnancesurvey.co.uk/id/postcodeunit/PE135EE,PE13 5EE,,,,other,Postcode,544567,310853,3500,18000,,,,,,,Leverington,http://data.ordnancesurvey.co.uk/id/4000000074551313,http://www.ordnancesurvey.co.uk/xml/codelists/localtype.xml#village,Fenland,http://data.ordnancesurvey.co.uk/id/7000000000001357,http://data.ordnancesurvey.co.uk/ontology/admingeo/District,Cambridgeshire,http://data.ordnancesurvey.co.uk/id/7000000000001386,http://data.ordnancesurvey.co.uk/ontology/admingeo/County,Eastern,http://data.ordnancesurvey.co.uk/id/7000000000041425,England,http://data.ordnancesurvey.co.uk/id/country/england,,,
PE140LX,http://data.ordnancesurvey.co.uk/id/postcodeunit/PE140LX,PE14 0LX,,,,other,Postcode,544231,301979,3500,18000,,,,,,,,,,Fenland,http://data.ordnancesurvey.co.uk/id/7000000000001357,http://data.ordnancesurvey.co.uk/ontology/admingeo/District,Cambridgeshire,http://data.ordnancesurvey.co.uk/id/7000000000001386,http://data.ordnancesurvey.co.uk/ontology/admingeo/County,Eastern,http://data.ordnancesurvey.co.uk/id/7000000000041425,England,http://data.ordnancesurvey.co.uk/id/country/england,,,
PE133UA,http://data.ordnancesurvey.co.uk/id/postcodeunit/PE133UA,PE13 3UA,,,,other,Postcode,546850,309641,3500,18000,,,,,,,Wisbech,http://data.ordnancesurvey.co.uk/id/4000000074551318,http://www.ordnancesurvey.co.uk/xml/codelists/localtype.xml#town,Fenland,http://data.ordnancesurvey.co.uk/id/7000000000001357,http://data.ordnancesurvey.co.uk/ontology/admingeo/District,Cambridgeshire,http://data.ordnancesurvey.co.uk/id/7000000000001386,http://data.ordnancesurvey.co.uk/ontology/admingeo/County,Eastern,http://data.ordnancesurvey.co.uk/id/7000000000041425,England,http://data.ordnancesurvey.co.uk/id/country/england,,,
PE132PX,http://data.ordnancesurvey.co.uk/id/postcodeunit/PE132PX,PE13 2PX,,,,other,Postcode,546130,309036,3500,18000,,,,,,,Wisbech,http://data.ordnancesurvey.co.uk/id/4000000074551318,http://www.ordnancesurvey.co.uk/xml/codelists/localtype.xml#town,Fenland,http://data.ordnancesurvey.co.uk/id/7000000000001357,http://data.ordnancesurvey.co.uk/ontology/admingeo/District,Cambridgeshire,http://data.ordnancesurvey.co.uk/id/7000000000001386,http://data.ordnancesurvey.co.uk/ontology/admingeo/County,Eastern,http://data.ordnancesurvey.co.uk/id/7000000000041425,England,http://data.ordnancesurvey.co.uk/id/country/england,,,
PE147HH,http://data.ordnancesurvey.co.uk/id/postcodeunit/PE147HH,PE14 7HH,,,,other,Postcode,549655,317348,3500,18000,,,,,,,,,,King's Lynn and West Norfolk,http://data.ordnancesurvey.co.uk/id/7000000000007016,http://data.ordnancesurvey.co.uk/ontology/admingeo/District,Norfolk,http://data.ordnancesurvey.co.uk/id/7000000000007238,http://data.ordnancesurvey.co.uk/ontology/admingeo/County,Eastern,http://data.ordnancesurvey.co.uk/id/7000000000041425,England,http://data.ordnancesurvey.co.uk/id/country/england,,,
PE140JE,http://data.ordnancesurvey.co.uk/id/postcodeunit/PE140JE,PE14 0JE,,,,other,Postcode,547518,305203,3500,18000,,,,,,,,,,Fenland,http://data.ordnancesurvey.co.uk/id/7000000000001357,http://data.ordnancesurvey.co.uk/ontology/admingeo/District,Cambridgeshire,http://data.ordnancesurvey.co.uk/id/7000000000001386,http://data.ordnancesurvey.co.uk/ontology/admingeo/County,Eastern,http://data.ordnancesurvey.co.uk/id/7000000000041425,England,http://data.ordnancesurvey.co.uk/id/country/england,,,
PE134PB,http://data.ordnancesurvey.co.uk/id/postcodeunit/PE134PB,PE13 4PB,,,,other,Postcode,540744,310762,3500,18000,,,,,,,,,,Fenland,http://data.ordnancesurvey.co.uk/id/7000000000001357,http://data.ordnancesurvey.co.uk/ontology/admingeo/District,Cambridgeshire,http://data.ordnancesurvey.co.uk/id/7000000000001386,http://data.ordnancesurvey.co.uk/ontology/admingeo/County,Eastern,http://data.ordnancesurvey.co.uk/id/7000000000041425,England,http://data.ordnancesurvey.co.uk/id/country/england,,,
PE344QY,http://data.ordnancesurvey.co.uk/id/postcodeunit/PE344QY,PE34 4QY,,,,other,Postcode,554695,313650,3500,18000,,,,,,,Tilney St Lawrence,http://data.ordnancesurvey.co.uk/id/4000000074550579,http://www.ordnancesurvey.co.uk/xml/codelists/localtype.xml#village,King's Lynn and West Norfolk,http://data.ordnancesurvey.co.uk/id/7000000000007016,http://data.ordnancesurvey.co.uk/ontology/admingeo/District,Norfolk,http://data.ordnancesurvey.co.uk/id/7000000000007238,http://data.ordnancesurvey.co.uk/ontology/admingeo/County,Eastern,http://data.ordnancesurvey.co.uk/id/7000000000041425,England,http://data.ordnancesurvey.co.uk/id/country/england,,,
PE133TL,http://data.ordnancesurvey.co.uk/id/postcodeunit/PE133TL,PE13 3TL,,,,other,Postcode,547462,310010,3500,18000,,,,,,,Wisbech,http://data.ordnancesurvey.co.uk/id/4000000074551318,http://www.ordnancesurvey.co.uk/xml/codelists/localtype.xml#town,Fenland,http://data.ordnancesurvey.co.uk/id/7000000000001357,http://data.ordnancesurvey.co.uk/ontology/admingeo/District,Cambridgeshire,http://data.ordnancesurvey.co.uk/id/7000000000001386,http://data.ordnancesurvey.co.uk/ontology/admingeo/County,Eastern,http://data.ordnancesurvey.co.uk/id/7000000000041425,England,http://data.ordnancesurvey.co.uk/id/country/england,,,
PE144EF,http://data.ordnancesurvey.co.uk/id/postcodeunit/PE144EF,PE14 4EF,,,,other,Postcode,545574,308434,3500,18000,,,,,,,Wisbech,http://data.ordnancesurvey.co.uk/id/4000000074551318,http://www.ordnancesurvey.co.uk/xml/codelists/localtype.xml#town,Fenland,http://data.ordnancesurvey.co.uk/id/7000000000001357,http://data.ordnancesurvey.co.uk/ontology/admingeo/District,Cambridgeshire,http://data.ordnancesurvey.co.uk/id/7000000000001386,http://data.ordnancesurvey.co.uk/ontology/admingeo/County,Eastern,http://data.ordnancesurvey.co.uk/id/7000000000041425,England,http://data.ordnancesurvey.co.uk/id/country/england,,,
PE140JG,http://data.ordnancesurvey.co.uk/id/postcodeunit/PE140JG,PE14 0JG,,,,other,Postcode,546849,305131,3500,18000,,,,,,,Friday Bridge,http://data.ordnancesurvey.co.uk/id/4000000074550225,http://www.ordnancesurvey.co.uk/xml/codelists/localtype.xml#village,Fenland,http://data.ordnancesurvey.co.uk/id/7000000000001357,http://data.ordnancesurvey.co.uk/ontology/admingeo/District,Cambridgeshire,http://data.ordnancesurvey.co.uk/id/7000000000001386,http://data.ordnancesurvey.co.uk/ontology/admingeo/County,Eastern,http://data.ordnancesurvey.co.uk/id/7000000000041425,England,http://data.ordnancesurvey.co.uk/id/country/england,,,
PE140AR,http://data.ordnancesurvey.co.uk/id/postcodeunit/PE140AR,PE14 0AR,,,,other,Postcode,546961,306502,3500,18000,,,,,,,Elm,http://data.ordnancesurvey.co.uk/id/4000000074341528,http://www.ordnancesurvey.co.uk/xml/codelists/localtype.xml#village,Fenland,http://data.ordnancesurvey.co.uk/id/7000000000001357,http://data.ordnancesurvey.co.uk/ontology/admingeo/District,Cambridgeshire,http://data.ordnancesurvey.co.uk/id/7000000000001386,http://data.ordnancesurvey.co.uk/ontology/admingeo/County,Eastern,http://data.ordnancesurvey.co.uk/id/7000000000041425,England,http://data.ordnancesurvey.co.uk/id/country/england,,,
PE135NB,http://data.ordnancesurvey.co.uk/id/postcodeunit/PE135NB,PE13 5NB,,,,other,Postcode,544783,317674,3500,18000,,,,,,,Tydd Gote,http://data.ordnancesurvey.co.uk/id/4000000074548409,http://www.ordnancesurvey.co.uk/xml/codelists/localtype.xml#village,Fenland,http://data.ordnancesurvey.co.uk/id/7000000000001357,http://data.ordnancesurvey.co.uk/ontology/admingeo/District,Cambridgeshire,http://data.ordnancesurvey.co.uk/id/7000000000001386,http://data.ordnancesurvey.co.uk/ontology/admingeo/County,Eastern,http://data.ordnancesurvey.co.uk/id/7000000000041425,England,http://data.ordnancesurvey.co.uk/id/country/england,,,
PE140AL,http://data.ordnancesurvey.co.uk/id/postcodeunit/PE140AL,PE14 0AL,,,,other,Postcode,547144,306277,3500,18000,,,,,,,Elm,http://data.ordnancesurvey.co.uk/id/4000000074341528,http://www.ordnancesurvey.co.uk/xml/codelists/localtype.xml#village,Fenland,http://data.ordnancesurvey.co.uk/id/7000000000001357,http://data.ordnancesurvey.co.uk/ontology/admingeo/District,Cambridgeshire,http://data.ordnancesurvey.co.uk/id/7000000000001386,http://data.ordnancesurvey.co.uk/ontology/admingeo/County,Eastern,http://data.ordnancesurvey.co.uk/id/7000000000041425,England,http://data.ordnancesurvey.co.uk/id/country/england,,,
PE344SE,http://data.ordnancesurvey.co.uk/id/postcodeunit/PE344SE,PE34 4SE,,,,other,Postcode,557882,317130,3500,18000,,,,,,,,,,King's Lynn and West Norfolk,http://data.ordnancesurvey.co.uk/id/7000000000007016,http://data.ordnancesurvey.co.uk/ontology/admingeo/District,Norfolk,http://data.ordnancesurvey.co.uk/id/7000000000007238,http://data.ordnancesurvey.co.uk/ontology/admingeo/County,Eastern,http://data.ordnancesurvey.co.uk/id/7000000000041425,England,http://data.ordnancesurvey.co.uk/id/country/england,,,
PE148TB,http://data.ordnancesurvey.co.uk/id/postcodeunit/PE148TB,PE14 8TB,,,,other,Postcode,551117,303810,3500,18000,,,,,,,Outwell,http://data.ordnancesurvey.co.uk/id/4000000074548389,http://www.ordnancesurvey.co.uk/xml/codelists/localtype.xml#village,King's Lynn and West Norfolk,http://data.ordnancesurvey.co.uk/id/7000000000007016,http://data.ordnancesurvey.co.uk/ontology/admingeo/District,Norfolk,http://data.ordnancesurvey.co.uk/id/7000000000007238,http://data.ordnancesurvey.co.uk/ontology/admingeo/County,Eastern,http://data.ordnancesurvey.co.uk/id/7000000000041425,England,http://data.ordnancesurvey.co.uk/id/country/england,,,
PE134RL,http://data.ordnancesurvey.co.uk/id/postcodeunit/PE134RL,PE13 4RL,,,,other,Postcode,541981,308088,3500,18000,,,,,,,Wisbech St Mary,http://data.ordnancesurvey.co.uk/id/4000000074551315,http://www.ordnancesurvey.co.uk/xml/codelists/localtype.xml#village,Fenland,http://data.ordnancesurvey.co.uk/id/7000000000001357,http://data.ordnancesurvey.co.uk/ontology/admingeo/District,Cambridgeshire,http://data.ordnancesurvey.co.uk/id/7000000000001386,http://data.ordnancesurvey.co.uk/ontology/admingeo/County,Eastern,http://data.ordnancesurvey.co.uk/id/7000000000041425,England,http://data.ordnancesurvey.co.uk/id/country/england,,,
PE133SS,http://data.ordnancesurvey.co.uk/id/postcodeunit/PE133SS,PE13 3SS,,,,other,Postcode,547420,309595,3500,18000,,,,,,,Wisbech,http://data.ordnancesurvey.co.uk/id/4000000074551318,http://www.ordnancesurvey.co.uk/xml/codelists/localtype.xml#town,Fenland,http://data.ordnancesurvey.co.uk/id/7000000000001357,http://data.ordnancesurvey.co.uk/ontology/admingeo/District,Cambridgeshire,http://data.ordnancesurvey.co.uk/id/7000000000001386,http://data.ordnancesurvey.co.uk/ontology/admingeo/County,Eastern,http://data.ordnancesurvey.co.uk/id/7000000000041425,England,http://data.ordnancesurvey.co.uk/id/country/england,,,
PE132EB,http://data.ordnancesurvey.co.uk/id/postcodeunit/PE132EB,PE13 2EB,,,,other,Postcode,546797,310208,3500,18000,,,,,,,Wisbech,http://data.ordnancesurvey.co.uk/id/4000000074551318,http://www.ordnancesurvey.co.uk/xml/codelists/localtype.xml#town,Fenland,http://data.ordnancesurvey.co.uk/id/7000000000001357,http://data.ordnancesurvey.co.uk/ontology/admingeo/District,Cambridgeshire,http://data.ordnancesurvey.co.uk/id/7000000000001386,http://data.ordnancesurvey.co.uk/ontology/admingeo/County,Eastern,http://data.ordnancesurvey.co.uk/id/7000000000041425,England,http://data.ordnancesurvey.co.uk/id/country/england,,,
PE135FF,http://data.ordnancesurvey.co.uk/id/postcodeunit/PE135FF,PE13 5FF,,,,other,Postcode,544492,319717,3500,18000,,,,,,,,,,South Holland,http://data.ordnancesurvey.co.uk/id/7000000000005599,http://data.ordnancesurvey.co.uk/ontology/admingeo/District,Lincolnshire,http://data.ordnancesurvey.co.uk/id/7000000000005942,http://data.ordnancesurvey.co.uk/ontology/admingeo/County,East Midlands,http://data.ordnancesurvey.co.uk/id/7000000000041423,England,http://data.ordnancesurvey.co.uk/id/country/england,,,
PE132JB,http://data.ordnancesurvey.co.uk/id/postcodeunit/PE132JB,PE13 2JB,,,,other,Postcode,546816,309293,3500,18000,,,,,,,Wisbech,http://data.ordnancesurvey.co.uk/id/4000000074551318,http://www.ordnancesurvey.co.uk/xml/codelists/localtype.xml#town,Fenland,http://data.ordnancesurvey.co.uk/id/7000000000001357,http://data.ordnancesurvey.co.uk/ontology/admingeo/District,Cambridgeshire,http://data.ordnancesurvey.co.uk/id/7000000000001386,http://data.ordnancesurvey.co.uk/ontology/admingeo/County,Eastern,http://data.ordnancesurvey.co.uk/id/7000000000041425,England,http://data.ordnancesurvey.co.uk/id/country/england,,,
PE134SJ,http://data.ordnancesurvey.co.uk/id/postcodeunit/PE134SJ,PE13 4SJ,,,,other,Postcode,541172,306494,3500,18000,,,,,,,,,,Fenland,http://data.ordnancesurvey.co.uk/id/7000000000001357,http://data.ordnancesurvey.co.uk/ontology/admingeo/District,Cambridgeshire,http://data.ordnancesurvey.co.uk/id/7000000000001386,http://data.ordnancesurvey.co.uk/ontology/admingeo/County,Eastern,http://data.ordnancesurvey.co.uk/id/7000000000041425,England,http://data.ordnancesurvey.co.uk/id/country/england,,,
PE148JJ,http://data.ordnancesurvey.co.uk/id/postcodeunit/PE148JJ,PE14 8JJ,,,,other,Postcode,553715,311003,3500,18000,,,,,,,St John's Fen End,http://data.ordnancesurvey.co.uk/id/4000000074548752,http://www.ordnancesurvey.co.uk/xml/codelists/localtype.xml#village,King's Lynn and West Norfolk,http://data.ordnancesurvey.co.uk/id/7000000000007016,http://data.ordnancesurvey.co.uk/ontology/admingeo/District,Norfolk,http://data.ordnancesurvey.co.uk/id/7000000000007238,http://data.ordnancesurvey.co.uk/ontology/admingeo/County,Eastern,http://data.ordnancesurvey.co.uk/id/7000000000041425,England,http://data.ordnancesurvey.co.uk/id/country/england,,,
PE134NA,http://data.ordnancesurvey.co.uk/id/postcodeunit/PE134NA,PE13 4NA,,,,other,Postcode,542216,312035,3500,18000,,,,,,,Gorefield,http://data.ordnancesurvey.co.uk/id/4000000074551667,http://www.ordnancesurvey.co.uk/xml/codelists/localtype.xml#village,Fenland,http://data.ordnancesurvey.co.uk/id/7000000000001357,http://data.ordnancesurvey.co.uk/ontology/admingeo/District,Cambridgeshire,http://data.ordnancesurvey.co.uk/id/7000000000001386,http://data.ordnancesurvey.co.uk/ontology/admingeo/County,Eastern,http://data.ordnancesurvey.co.uk/id/7000000000041425,England,http://data.ordnancesurvey.co.uk/id/country/england,,,
PE149HL,http://data.ordnancesurvey.co.uk/id/postcodeunit/PE149HL,PE14 9HL,,,,other,Postcode,551172,301313,3500,18000,,,,,,,Plaw Field,http://data.ordnancesurvey.co.uk/id/4000000074550937,http://www.ordnancesurvey.co.uk/xml/codelists/localtype.xml#hamlet,King's Lynn and West Norfolk,http://data.ordnancesurvey.co.uk/id/7000000000007016,http://data.ordnancesurvey.co.uk/ontology/admingeo/District,Norfolk,http://data.ordnancesurvey.co.uk/id/7000000000007238,http://data.ordnancesurvey.co.uk/ontology/admingeo/County,Eastern,http://data.ordnancesurvey.co.uk/id/7000000000041425,England,http://data.ordnancesurvey.co.uk/id/country/england,,,
PE135RD,http://data.ordnancesurvey.co.uk/id/postcodeunit/PE135RD,PE13 5RD,,,,other,Postcode,545531,317891,3500,18000,,,,,,,Tydd Gote,http://data.ordnancesurvey.co.uk/id/4000000074548409,http://www.ordnancesurvey.co.uk/xml/codelists/localtype.xml#village,South Holland,http://data.ordnancesurvey.co.uk/id/7000000000005599,http://data.ordnancesurvey.co.uk/ontology/admingeo/District,Lincolnshire,http://data.ordnancesurvey.co.uk/id/7000000000005942,http://data.ordnancesurvey.co.uk/ontology/admingeo/County,East Midlands,http://data.ordnancesurvey.co.uk/id/7000000000041423,England,http://data.ordnancesurvey.co.uk/id/country/england,,,
PE140RH,http://data.ordnancesurvey.co.uk/id/postcodeunit/PE140RH,PE14 0RH,,,,other,Postcode,545218,308544,3500,18000,,,,,,,Wisbech,http://data.ordnancesurvey.co.uk/id/4000000074551318,http://www.ordnancesurvey.co.uk/xml/codelists/localtype.xml#town,Fenland,http://data.ordnancesurvey.co.uk/id/7000000000001357,http://data.ordnancesurvey.co.uk/ontology/admingeo/District,Cambridgeshire,http://data.ordnancesurvey.co.uk/id/7000000000001386,http://data.ordnancesurvey.co.uk/ontology/admingeo/County,Eastern,http://data.ordnancesurvey.co.uk/id/7000000000041425,England,http://data.ordnancesurvey.co.uk/id/country/england,,,
PE132SW,http://data.ordnancesurvey.co.uk/id/postcodeunit/PE132SW,PE13 2SW,,,,other,Postcode,546869,308823,3500,18000,,,,,,,Wisbech,http://data.ordnancesurvey.co.uk/id/4000000074551318,http://www.ordnancesurvey.co.uk/xml/codelists/localtype.xml#town,Fenland,http://data.ordnancesurvey.co.uk/id/7000000000001357,http://data.ordnancesurvey.co.uk/ontology/admingeo/District,Cambridgeshire,http://data.ordnancesurvey.co.uk/id/7000000000001386,http://data.ordnancesurvey.co.uk/ontology/admingeo/County,Eastern,http://data.ordnancesurvey.co.uk/id/7000000000041425,England,http://data.ordnancesurvey.co.uk/id/country/england,,,
PE148PH,http://data.ordnancesurvey.co.uk/id/postcodeunit/PE148PH,PE14 8PH,,,,other,Postcode,550651,305134,3500,18000,,,,,,,Outwell,http://data.ordnancesurvey.co.uk/id/4000000074548389,http://www.ordnancesurvey.co.uk/xml/codelists/localtype.xml#village,King's Lynn and West Norfolk,http://data.ordnancesurvey.co.uk/id/7000000000007016,http://data.ordnancesurvey.co.uk/ontology/admingeo/District,Norfolk,http://data.ordnancesurvey.co.uk/id/7000000000007238,http://data.ordnancesurvey.co.uk/ontology/admingeo/County,Eastern,http://data.ordnancesurvey.co.uk/id/7000000000041425,England,http://data.ordnancesurvey.co.uk/id/country/england,,,
PE131RJ,http://data.ordnancesurvey.co.uk/id/postcodeunit/PE131RJ,PE13 1RJ,,,,other,Postcode,545291,309960,3500,18000,,,,,,,,,,Fenland,http://data.ordnancesurvey.co.uk/id/7000000000001357,http://data.ordnancesurvey.co.uk/ontology/admingeo/District,Cambridgeshire,http://data.ordnancesurvey.co.uk/id/7000000000001386,http://data.ordnancesurvey.co.uk/ontology/admingeo/County,Eastern,http://data.ordnancesurvey.co.uk/id/7000000000041425,England,http://data.ordnancesurvey.co.uk/id/country/england,,,
PE148EQ,http://data.ordnancesurvey.co.uk/id/postcodeunit/PE148EQ,PE14 8EQ,,,,other,Postcode,551253,307396,3500,18000,,,,,,,Emneth Hungate,http://data.ordnancesurvey.co.uk/id/4000000074548394,http://www.ordnancesurvey.co.uk/xml/codelists/localtype.xml#hamlet,King's Lynn and West Norfolk,http://data.ordnancesurvey.co.uk/id/7000000000007016,http://data.ordnancesurvey.co.uk/ontology/admingeo/District,Norfolk,http://data.ordnancesurvey.co.uk/id/7000000000007238,http://data.ordnancesurvey.co.uk/ontology/admingeo/County,Eastern,http://data.ordnancesurvey.co.uk/id/7000000000041425,England,http://data.ordnancesurvey.co.uk/id/country/england,,,
PE343BP,http://data.ordnancesurvey.co.uk/id/postcodeunit/PE343BP,PE34 3BP,,,,other,Postcode,557453,312292,3500,18000,,,,,,,Tilney cum Islington,http://data.ordnancesurvey.co.uk/id/4000000074550575,http://www.ordnancesurvey.co.uk/xml/codelists/localtype.xml#village,King's Lynn and West Norfolk,http://data.ordnancesurvey.co.uk/id/7000000000007016,http://data.ordnancesurvey.co.uk/ontology/admingeo/District,Norfolk,http://data.ordnancesurvey.co.uk/id/7000000000007238,http://data.ordnancesurvey.co.uk/ontology/admingeo/County,Eastern,http://data.ordnancesurvey.co.uk/id/7000000000041425,England,http://data.ordnancesurvey.co.uk/id/country/england,,,
PE133SE,http://data.ordnancesurvey.co.uk/id/postcodeunit/PE133SE,PE13 3SE,,,,other,Postcode,547702,310750,3500,18000,,,,,,,Wisbech,http://data.ordnancesurvey.co.uk/id/4000000074551318,http://www.ordnancesurvey.co.uk/xml/codelists/localtype.xml#town,Fenland,http://data.ordnancesurvey.co.uk/id/7000000000001357,http://data.ordnancesurvey.co.uk/ontology/admingeo/District,Cambridgeshire,http://data.ordnancesurvey.co.uk/id/7000000000001386,http://data.ordnancesurvey.co.uk/ontology/admingeo/County,Eastern,http://data.ordnancesurvey.co.uk/id/7000000000041425,England,http://data.ordnancesurvey.co.uk/id/country/england,,,
PE135TF,http://data.ordnancesurvey.co.uk/id/postcodeunit/PE135TF,PE13 5TF,,,,other,Postcode,544120,310775,3500,18000,,,,,,,Leverington,http://data.ordnancesurvey.co.uk/id/4000000074551313,http://www.ordnancesurvey.co.uk/xml/codelists/localtype.xml#village,Fenland,http://data.ordnancesurvey.co.uk/id/7000000000001357,http://data.ordnancesurvey.co.uk/ontology/admingeo/District,Cambridgeshire,http://data.ordnancesurvey.co.uk/id/7000000000001386,http://data.ordnancesurvey.co.uk/ontology/admingeo/County,Eastern,http://data.ordnancesurvey.co.uk/id/7000000000041425,England,http://data.ordnancesurvey.co.uk/id/country/england,,,
PE135EY,http://data.ordnancesurvey.co.uk/id/postcodeunit/PE135EY,PE13 5EY,,,,other,Postcode,544861,314651,3500,18000,,,,,,,Newton-in-the-Isle,http://data.ordnancesurvey.co.uk/id/4000000074548769,http://www.ordnancesurvey.co.uk/xml/codelists/localtype.xml#village,Fenland,http://data.ordnancesurvey.co.uk/id/7000000000001357,http://data.ordnancesurvey.co.uk/ontology/admingeo/District,Cambridgeshire,http://data.ordnancesurvey.co.uk/id/7000000000001386,http://data.ordnancesurvey.co.uk/ontology/admingeo/County,Eastern,http://data.ordnancesurvey.co.uk/id/7000000000041425,England,http://data.ordnancesurvey.co.uk/id/country/england,,,
PE131RH,http://data.ordnancesurvey.co.uk/id/postcodeunit/PE131RH,PE13 1RH,,,,other,Postcode,545734,309656,3500,18000,,,,,,,Wisbech,http://data.ordnancesurvey.co.uk/id/4000000074551318,http://www.ordnancesurvey.co.uk/xml/codelists/localtype.xml#town,Fenland,http://data.ordnancesurvey.co.uk/id/7000000000001357,http://data.ordnancesurvey.co.uk/ontology/admingeo/District,Cambridgeshire,http://data.ordnancesurvey.co.uk/id/7000000000001386,http://data.ordnancesurvey.co.uk/ontology/admingeo/County,Eastern,http://data.ordnancesurvey.co.uk/id/7000000000041425,England,http://data.ordnancesurvey.co.uk/id/country/england,,,
PE148BG,http://data.ordnancesurvey.co.uk/id/postcodeunit/PE148BG,PE14 8BG,,,,other,Postcode,549420,305889,3500,18000,,,,,,,,,,King's Lynn and West Norfolk,http://data.ordnancesurvey.co.uk/id/7000000000007016,http://data.ordnancesurvey.co.uk/ontology/admingeo/District,Norfolk,http://data.ordnancesurvey.co.uk/id/7000000000007238,http://data.ordnancesurvey.co.uk/ontology/admingeo/County,Eastern,http://data.ordnancesurvey.co.uk/id/7000000000041425,England,http://data.ordnancesurvey.co.uk/id/country/england,,,
PE132LR,http://data.ordnancesurvey.co.uk/id/postcodeunit/PE132LR,PE13 2LR,,,,other,Postcode,546427,308945,3500,18000,,,,,,,Wisbech,http://data.ordnancesurvey.co.uk/id/4000000074551318,http://www.ordnancesurvey.co.uk/xml/codelists/localtype.xml#town,Fenland,http://data.ordnancesurvey.co.uk/id/7000000000001357,http://data.ordnancesurvey.co.uk/ontology/admingeo/District,Cambridgeshire,http://data.ordnancesurvey.co.uk/id/7000000000001386,http://data.ordnancesurvey.co.uk/ontology/admingeo/County,Eastern,http://data.ordnancesurvey.co.uk/id/7000000000041425,England,http://data.ordnancesurvey.co.uk/id/country/england,,,
PE132LS,http://data.ordnancesurvey.co.uk/id/postcodeunit/PE132LS,PE13 2LS,,,,other,Postcode,546385,309033,3500,18000,,,,,,,Wisbech,http://data.ordnancesurvey.co.uk/id/4000000074551318,http://www.ordnancesurvey.co.uk/xml/codelists/localtype.xml#town,Fenland,http://data.ordnancesurvey.co.uk/id/7000000000001357,http://data.ordnancesurvey.co.uk/ontology/admingeo/District,Cambridgeshire,http://data.ordnancesurvey.co.uk/id/7000000000001386,http://data.ordnancesurvey.co.uk/ontology/admingeo/County,Eastern,http://data.ordnancesurvey.co.uk/id/7000000000041425,England,http://data.ordnancesurvey.co.uk/id/country/england,,,
PE134EE,http://data.ordnancesurvey.co.uk/id/postcodeunit/PE134EE,PE13 4EE,,,,other,Postcode,540128,304015,3500,18000,,,,,,,Guyhirn,http://data.ordnancesurvey.co.uk/id/4000000074550590,http://www.ordnancesurvey.co.uk/xml/codelists/localtype.xml#village,Fenland,http://data.ordnancesurvey.co.uk/id/7000000000001357,http://data.ordnancesurvey.co.uk/ontology/admingeo/District,Cambridgeshire,http://data.ordnancesurvey.co.uk/id/7000000000001386,http://data.ordnancesurvey.co.uk/ontology/admingeo/County,Eastern,http://data.ordnancesurvey.co.uk/id/7000000000041425,England,http://data.ordnancesurvey.co.uk/id/country/england,,,
PE135JP,http://data.ordnancesurvey.co.uk/id/postcodeunit/PE135JP,PE13 5JP,,,,other,Postcode,541354,309744,3500,18000,,,,,,,,,,Fenland,http://data.ordnancesurvey.co.uk/id/7000000000001357,http://data.ordnancesurvey.co.uk/ontology/admingeo/District,Cambridgeshire,http://data.ordnancesurvey.co.uk/id/7000000000001386,http://data.ordnancesurvey.co.uk/ontology/admingeo/County,Eastern,http://data.ordnancesurvey.co.uk/id/7000000000041425,England,http://data.ordnancesurvey.co.uk/id/country/england,,,
PE132AQ,http://data.ordnancesurvey.co.uk/id/postcodeunit/PE132AQ,PE13 2AQ,,,,other,Postcode,546618,309304,3500,18000,,,,,,,Wisbech,http://data.ordnancesurvey.co.uk/id/4000000074551318,http://www.ordnancesurvey.co.uk/xml/codelists/localtype.xml#town,Fenland,http://data.ordnancesurvey.co.uk/id/7000000000001357,http://data.ordnancesurvey.co.uk/ontology/admingeo/District,Cambridgeshire,http://data.ordnancesurvey.co.uk/id/7000000000001386,http://data.ordnancesurvey.co.uk/ontology/admingeo/County,Eastern,http://data.ordnancesurvey.co.uk/id/7000000000041425,England,http://data.ordnancesurvey.co.uk/id/country/england,,,
PE135JF,http://data.ordnancesurvey.co.uk/id/postcodeunit/PE135JF,PE13 5JF,,,,other,Postcode,542734,310642,3500,18000,,,,,,,,,,Fenland,http://data.ordnancesurvey.co.uk/id/7000000000001357,http://data.ordnancesurvey.co.uk/ontology/admingeo/District,Cambridgeshire,http://data.ordnancesurvey.co.uk/id/7000000000001386,http://data.ordnancesurvey.co.uk/ontology/admingeo/County,Eastern,http://data.ordnancesurvey.co.uk/id/7000000000041425,England,http://data.ordnancesurvey.co.uk/id/country/england,,,
PE140DW,http://data.ordnancesurvey.co.uk/id/postcodeunit/PE140DW,PE14 0DW,,,,other,Postcode,547610,307477,3500,18000,,,,,,,Elm,http://data.ordnancesurvey.co.uk/id/4000000074341528,http://www.ordnancesurvey.co.uk/xml/codelists/localtype.xml#village,King's Lynn and West Norfolk,http://data.ordnancesurvey.co.uk/id/7000000000007016,http://data.ordnancesurvey.co.uk/ontology/admingeo/District,Norfolk,http://data.ordnancesurvey.co.uk/id/7000000000007238,http://data.ordnancesurvey.co.uk/ontology/admingeo/County,Eastern,http://data.ordnancesurvey.co.uk/id/7000000000041425,England,http://data.ordnancesurvey.co.uk/id/country/england,,,
PE132TB,http://data.ordnancesurvey.co.uk/id/postcodeunit/PE132TB,PE13 2TB,,,,other,Postcode,546590,308996,3500,18000,,,,,,,Wisbech,http://data.ordnancesurvey.co.uk/id/4000000074551318,http://www.ordnancesurvey.co.uk/xml/codelists/localtype.xml#town,Fenland,http://data.ordnancesurvey.co.uk/id/7000000000001357,http://data.ordnancesurvey.co.uk/ontology/admingeo/District,Cambridgeshire,http://data.ordnancesurvey.co.uk/id/7000000000001386,http://data.ordnancesurvey.co.uk/ontology/admingeo/County,Eastern,http://data.ordnancesurvey.co.uk/id/7000000000041425,England,http://data.ordnancesurvey.co.uk/id/country/england,,,
PE133NG,http://data.ordnancesurvey.co.uk/id/postcodeunit/PE133NG,PE13 3NG,,,,other,Postcode,546320,310426,3500,18000,,,,,,,Wisbech,http://data.ordnancesurvey.co.uk/id/4000000074551318,http://www.ordnancesurvey.co.uk/xml/codelists/localtype.xml#town,Fenland,http://data.ordnancesurvey.co.uk/id/7000000000001357,http://data.ordnancesurvey.co.uk/ontology/admingeo/District,Cambridgeshire,http://data.ordnancesurvey.co.uk/id/7000000000001386,http://data.ordnancesurvey.co.uk/ontology/admingeo/County,Eastern,http://data.ordnancesurvey.co.uk/id/7000000000041425,England,http://data.ordnancesurvey.co.uk/id/country/england,,,
PE120HW,http://data.ordnancesurvey.co.uk/id/postcodeunit/PE120HW,PE12 0HW,,,,other,Postcode,540106,318419,3500,18000,,,,,,,Sutton St James,http://data.ordnancesurvey.co.uk/id/4000000074548771,http://www.ordnancesurvey.co.uk/xml/codelists/localtype.xml#village,South Holland,http://data.ordnancesurvey.co.uk/id/7000000000005599,http://data.ordnancesurvey.co.uk/ontology/admingeo/District,Lincolnshire,http://data.ordnancesurvey.co.uk/id/7000000000005942,http://data.ordnancesurvey.co.uk/ontology/admingeo/County,East Midlands,http://data.ordnancesurvey.co.uk/id/7000000000041423,England,http://data.ordnancesurvey.co.uk/id/country/england,,,
PE147JB,http://data.ordnancesurvey.co.uk/id/postcodeunit/PE147JB,PE14 7JB,,,,other,Postcode,548424,315850,3500,18000,,,,,,,,,,King's Lynn and West Norfolk,http://data.ordnancesurvey.co.uk/id/7000000000007016,http://data.ordnancesurvey.co.uk/ontology/admingeo/District,Norfolk,http://data.ordnancesurvey.co.uk/id/7000000000007238,http://data.ordnancesurvey.co.uk/ontology/admingeo/County,Eastern,http://data.ordnancesurvey.co.uk/id/7000000000041425,England,http://data.ordnancesurvey.co.uk/id/country/england,,,
PE148DL,http://data.ordnancesurvey.co.uk/id/postcodeunit/PE148DL,PE14 8DL,,,,other,Postcode,550216,309777,3500,18000,,,,,,,,,,King's Lynn and West Norfolk,http://data.ordnancesurvey.co.uk/id/7000000000007016,http://data.ordnancesurvey.co.uk/ontology/admingeo/District,Norfolk,http://data.ordnancesurvey.co.uk/id/7000000000007238,http://data.ordnancesurvey.co.uk/ontology/admingeo/County,Eastern,http://data.ordnancesurvey.co.uk/id/7000000000041425,England,http://data.ordnancesurvey.co.uk/id/country/england,,,
PE135DP,http://data.ordnancesurvey.co.uk/id/postcodeunit/PE135DP,PE13 5DP,,,,other,Postcode,545226,310784,3500,18000,,,,,,,Wisbech,http://data.ordnancesurvey.co.uk/id/4000000074551318,http://www.ordnancesurvey.co.uk/xml/codelists/localtype.xml#town,Fenland,http://data.ordnancesurvey.co.uk/id/7000000000001357,http://data.ordnancesurvey.co.uk/ontology/admingeo/District,Cambridgeshire,http://data.ordnancesurvey.co.uk/id/7000000000001386,http://data.ordnancesurvey.co.uk/ontology/admingeo/County,Eastern,http://data.ordnancesurvey.co.uk/id/7000000000041425,England,http://data.ordnancesurvey.co.uk/id/country/england,,,
PE344NT,http://data.ordnancesurvey.co.uk/id/postcodeunit/PE344NT,PE34 4NT,,,,other,Postcode,554016,319821,3500,18000,,,,,,,Terrington St Clement,http://data.ordnancesurvey.co.uk/id/4000000074548395,http://www.ordnancesurvey.co.uk/xml/codelists/localtype.xml#otherSettlement,King's Lynn and West Norfolk,http://data.ordnancesurvey.co.uk/id/7000000000007016,http://data.ordnancesurvey.co.uk/ontology/admingeo/District,Norfolk,http://data.ordnancesurvey.co.uk/id/7000000000007238,http://data.ordnancesurvey.co.uk/ontology/admingeo/County,Eastern,http://data.ordnancesurvey.co.uk/id/7000000000041425,England,http://data.ordnancesurvey.co.uk/id/country/england,,,
PE147DE,http://data.ordnancesurvey.co.uk/id/postcodeunit/PE147DE,PE14 7DE,,,,other,Postcode,549188,313021,3500,18000,,,,,,,Walton Highway,http://data.ordnancesurvey.co.uk/id/4000000074552040,http://www.ordnancesurvey.co.uk/xml/codelists/localtype.xml#village,King's Lynn and West Norfolk,http://data.ordnancesurvey.co.uk/id/7000000000007016,http://data.ordnancesurvey.co.uk/ontology/admingeo/District,Norfolk,http://data.ordnancesurvey.co.uk/id/7000000000007238,http://data.ordnancesurvey.co.uk/ontology/admingeo/County,Eastern,http://data.ordnancesurvey.co.uk/id/7000000000041425,England,http://data.ordnancesurvey.co.uk/id/country/england,,,
PE132BX,http://data.ordnancesurvey.co.uk/id/postcodeunit/PE132BX,PE13 2BX,,,,other,Postcode,546919,309433,3500,18000,,,,,,,Wisbech,http://data.ordnancesurvey.co.uk/id/4000000074551318,http://www.ordnancesurvey.co.uk/xml/codelists/localtype.xml#town,Fenland,http://data.ordnancesurvey.co.uk/id/7000000000001357,http://data.ordnancesurvey.co.uk/ontology/admingeo/District,Cambridgeshire,http://data.ordnancesurvey.co.uk/id/7000000000001386,http://data.ordnancesurvey.co.uk/ontology/admingeo/County,Eastern,http://data.ordnancesurvey.co.uk/id/7000000000041425,England,http://data.ordnancesurvey.co.uk/id/country/england,,,
PE133LB,http://data.ordnancesurvey.co.uk/id/postcodeunit/PE133LB,PE13 3LB,,,,other,Postcode,545996,311068,3500,18000,,,,,,,Wisbech,http://data.ordnancesurvey.co.uk/id/4000000074551318,http://www.ordnancesurvey.co.uk/xml/codelists/localtype.xml#town,Fenland,http://data.ordnancesurvey.co.uk/id/7000000000001357,http://data.ordnancesurvey.co.uk/ontology/admingeo/District,Cambridgeshire,http://data.ordnancesurvey.co.uk/id/7000000000001386,http://data.ordnancesurvey.co.uk/ontology/admingeo/County,Eastern,http://data.ordnancesurvey.co.uk/id/7000000000041425,England,http://data.ordnancesurvey.co.uk/id/country/england,,,
PE132AJ,http://data.ordnancesurvey.co.uk/id/postcodeunit/PE132AJ,PE13 2AJ,,,,other,Postcode,546494,309437,3500,18000,,,,,,,Wisbech,http://data.ordnancesurvey.co.uk/id/4000000074551318,http://www.ordnancesurvey.co.uk/xml/codelists/localtype.xml#town,Fenland,http://data.ordnancesurvey.co.uk/id/7000000000001357,http://data.ordnancesurvey.co.uk/ontology/admingeo/District,Cambridgeshire,http://data.ordnancesurvey.co.uk/id/7000000000001386,http://data.ordnancesurvey.co.uk/ontology/admingeo/County,Eastern,http://data.ordnancesurvey.co.uk/id/7000000000041425,England,http://data.ordnancesurvey.co.uk/id/country/england,,,
PE147JY,http://data.ordnancesurvey.co.uk/id/postcodeunit/PE147JY,PE14 7JY,,,,other,Postcode,550092,318123,3500,18000,,,,,,,,,,King's Lynn and West Norfolk,http://data.ordnancesurvey.co.uk/id/7000000000007016,http://data.ordnancesurvey.co.uk/ontology/admingeo/District,Norfolk,http://data.ordnancesurvey.co.uk/id/7000000000007238,http://data.ordnancesurvey.co.uk/ontology/admingeo/County,Eastern,http://data.ordnancesurvey.co.uk/id/7000000000041425,England,http://data.ordnancesurvey.co.uk/id/country/england,,,
PE132TR,http://data.ordnancesurvey.co.uk/id/postcodeunit/PE132TR,PE13 2TR,,,,other,Postcode,546742,308297,3500,18000,,,,,,,Wisbech,http://data.ordnancesurvey.co.uk/id/4000000074551318,http://www.ordnancesurvey.co.uk/xml/codelists/localtype.xml#town,Fenland,http://data.ordnancesurvey.co.uk/id/7000000000001357,http://data.ordnancesurvey.co.uk/ontology/admingeo/District,Cambridgeshire,http://data.ordnancesurvey.co.uk/id/7000000000001386,http://data.ordnancesurvey.co.uk/ontology/admingeo/County,Eastern,http://data.ordnancesurvey.co.uk/id/7000000000041425,England,http://data.ordnancesurvey.co.uk/id/country/england,,,
PE133HA,http://data.ordnancesurvey.co.uk/id/postcodeunit/PE133HA,PE13 3HA,,,,other,Postcode,547029,310775,3500,18000,,,,,,,Wisbech,http://data.ordnancesurvey.co.uk/id/4000000074551318,http://www.ordnancesurvey.co.uk/xml/codelists/localtype.xml#town,Fenland,http://data.ordnancesurvey.co.uk/id/7000000000001357,http://data.ordnancesurvey.co.uk/ontology/admingeo/District,Cambridgeshire,http://data.ordnancesurvey.co.uk/id/7000000000001386,http://data.ordnancesurvey.co.uk/ontology/admingeo/County,Eastern,http://data.ordnancesurvey.co.uk/id/7000000000041425,England,http://data.ordnancesurvey.co.uk/id/country/england,,,
PE133RU,http://data.ordnancesurvey.co.uk/id/postcodeunit/PE133RU,PE13 3RU,,,,other,Postcode,547892,310763,3500,18000,,,,,,,Wisbech,http://data.ordnancesurvey.co.uk/id/4000000074551318,http://www.ordnancesurvey.co.uk/xml/codelists/localtype.xml#town,King's Lynn and West Norfolk,http://data.ordnancesurvey.co.uk/id/7000000000007016,http://data.ordnancesurvey.co.uk/ontology/admingeo/District,Norfolk,http://data.ordnancesurvey.co.uk/id/7000000000007238,http://data.ordnancesurvey.co.uk/ontology/admingeo/County,Eastern,http://data.ordnancesurvey.co.uk/id/7000000000041425,England,http://data.ordnancesurvey.co.uk/id/country/england,,,
PE149AU,http://data.ordnancesurvey.co.uk/id/postcodeunit/PE149AU,PE14 9AU,,,,other,Postcode,550939,303313,3500,18000,,,,,,,Upwell,http://data.ordnancesurvey.co.uk/id/4000000074550938,http://www.ordnancesurvey.co.uk/xml/codelists/localtype.xml#village,King's Lynn and West Norfolk,http://data.ordnancesurvey.co.uk/id/7000000000007016,http://data.ordnancesurvey.co.uk/ontology/admingeo/District,Norfolk,http://data.ordnancesurvey.co.uk/id/7000000000007238,http://data.ordnancesurvey.co.uk/ontology/admingeo/County,Eastern,http://data.ordnancesurvey.co.uk/id/7000000000041425,England,http://data.ordnancesurvey.co.uk/id/country/england,,,
PE133AQ,http://data.ordnancesurvey.co.uk/id/postcodeunit/PE133AQ,PE13 3AQ,,,,other,Postcode,546447,309939,3500,18000,,,,,,,Wisbech,http://data.ordnancesurvey.co.uk/id/4000000074551318,http://www.ordnancesurvey.co.uk/xml/codelists/localtype.xml#town,Fenland,http://data.ordnancesurvey.co.uk/id/7000000000001357,http://data.ordnancesurvey.co.uk/ontology/admingeo/District,Cambridgeshire,http://data.ordnancesurvey.co.uk/id/7000000000001386,http://data.ordnancesurvey.co.uk/ontology/admingeo/County,Eastern,http://data.ordnancesurvey.co.uk/id/7000000000041425,England,http://data.ordnancesurvey.co.uk/id/country/england,,,
PE380BQ,http://data.ordnancesurvey.co.uk/id/postcodeunit/PE380BQ,PE38 0BQ,,,,other,Postcode,555815,301026,3500,18000,,,,,,,Nordelph,http://data.ordnancesurvey.co.uk/id/4000000074550935,http://www.ordnancesurvey.co.uk/xml/codelists/localtype.xml#village,King's Lynn and West Norfolk,http://data.ordnancesurvey.co.uk/id/7000000000007016,http://data.ordnancesurvey.co.uk/ontology/admingeo/District,Norfolk,http://data.ordnancesurvey.co.uk/id/7000000000007238,http://data.ordnancesurvey.co.uk/ontology/admingeo/County,Eastern,http://data.ordnancesurvey.co.uk/id/7000000000041425,England,http://data.ordnancesurvey.co.uk/id/country/england,,,
PE344SD,http://data.ordnancesurvey.co.uk/id/postcodeunit/PE344SD,PE34 4SD,,,,other,Postcode,557274,317210,3500,18000,,,,,,,,,,King's Lynn and West Norfolk,http://data.ordnancesurvey.co.uk/id/7000000000007016,http://data.ordnancesurvey.co.uk/ontology/admingeo/District,Norfolk,http://data.ordnancesurvey.co.uk/id/7000000000007238,http://data.ordnancesurvey.co.uk/ontology/admingeo/County,Eastern,http://data.ordnancesurvey.co.uk/id/7000000000041425,England,http://data.ordnancesurvey.co.uk/id/country/england,,,
PE148SE,http://data.ordnancesurvey.co.uk/id/postcodeunit/PE148SE,PE14 8SE,,,,other,Postcode,551747,303628,3500,18000,,,,,,,Outwell,http://data.ordnancesurvey.co.uk/id/4000000074548389,http://www.ordnancesurvey.co.uk/xml/codelists/localtype.xml#village,King's Lynn and West Norfolk,http://data.ordnancesurvey.co.uk/id/7000000000007016,http://data.ordnancesurvey.co.uk/ontology/admingeo/District,Norfolk,http://data.ordnancesurvey.co.uk/id/7000000000007238,http://data.ordnancesurvey.co.uk/ontology/admingeo/County,Eastern,http://data.ordnancesurvey.co.uk/id/7000000000041425,England,http://data.ordnancesurvey.co.uk/id/country/england,,,
PE131QA,http://data.ordnancesurvey.co.uk/id/postcodeunit/PE131QA,PE13 1QA,,,,other,Postcode,545535,311089,3500,18000,,,,,,,Wisbech,http://data.ordnancesurvey.co.uk/id/4000000074551318,http://www.ordnancesurvey.co.uk/xml/codelists/localtype.xml#town,Fenland,http://data.ordnancesurvey.co.uk/id/7000000000001357,http://data.ordnancesurvey.co.uk/ontology/admingeo/District,Cambridgeshire,http://data.ordnancesurvey.co.uk/id/7000000000001386,http://data.ordnancesurvey.co.uk/ontology/admingeo/County,Eastern,http://data.ordnancesurvey.co.uk/id/7000000000041425,England,http://data.ordnancesurvey.co.uk/id/country/england,,,
PE132AT,http://data.ordnancesurvey.co.uk/id/postcodeunit/PE132AT,PE13 2AT,,,,other,Postcode,546656,309536,3500,18000,,,,,,,Wisbech,http://data.ordnancesurvey.co.uk/id/4000000074551318,http://www.ordnancesurvey.co.uk/xml/codelists/localtype.xml#town,Fenland,http://data.ordnancesurvey.co.uk/id/7000000000001357,http://data.ordnancesurvey.co.uk/ontology/admingeo/District,Cambridgeshire,http://data.ordnancesurvey.co.uk/id/7000000000001386,http://data.ordnancesurvey.co.uk/ontology/admingeo/County,Eastern,http://data.ordnancesurvey.co.uk/id/7000000000041425,England,http://data.ordnancesurvey.co.uk/id/country/england,,,
PE147AT,http://data.ordnancesurvey.co.uk/id/postcodeunit/PE147AT,PE14 7AT,,,,other,Postcode,548204,311266,3500,18000,,,,,,,,,,King's Lynn and West Norfolk,http://data.ordnancesurvey.co.uk/id/7000000000007016,http://data.ordnancesurvey.co.uk/ontology/admingeo/District,Norfolk,http://data.ordnancesurvey.co.uk/id/7000000000007238,http://data.ordnancesurvey.co.uk/ontology/admingeo/County,Eastern,http://data.ordnancesurvey.co.uk/id/7000000000041425,England,http://data.ordnancesurvey.co.uk/id/country/england,,,
PE135ES,http://data.ordnancesurvey.co.uk/id/postcodeunit/PE135ES,PE13 5ES,,,,other,Postcode,542809,314614,3500,18000,,,,,,,Newton-in-the-Isle,http://data.ordnancesurvey.co.uk/id/4000000074548769,http://www.ordnancesurvey.co.uk/xml/codelists/localtype.xml#village,Fenland,http://data.ordnancesurvey.co.uk/id/7000000000001357,http://data.ordnancesurvey.co.uk/ontology/admingeo/District,Cambridgeshire,http://data.ordnancesurvey.co.uk/id/7000000000001386,http://data.ordnancesurvey.co.uk/ontology/admingeo/County,Eastern,http://data.ordnancesurvey.co.uk/id/7000000000041425,England,http://data.ordnancesurvey.co.uk/id/country/england,,,
PE149BQ,http://data.ordnancesurvey.co.uk/id/postcodeunit/PE149BQ,PE14 9BQ,,,,other,Postcode,551049,302632,3500,18000,,,,,,,Upwell,http://data.ordnancesurvey.co.uk/id/4000000074550938,http://www.ordnancesurvey.co.uk/xml/codelists/localtype.xml#village,King's Lynn and West Norfolk,http://data.ordnancesurvey.co.uk/id/7000000000007016,http://data.ordnancesurvey.co.uk/ontology/admingeo/District,Norfolk,http://data.ordnancesurvey.co.uk/id/7000000000007238,http://data.ordnancesurvey.co.uk/ontology/admingeo/County,Eastern,http://data.ordnancesurvey.co.uk/id/7000000000041425,England,http://data.ordnancesurvey.co.uk/id/country/england,,,
PE147LL,http://data.ordnancesurvey.co.uk/id/postcodeunit/PE147LL,PE14 7LL,,,,other,Postcode,550056,317471,3500,18000,,,,,,,Walpole St Andrew,http://data.ordnancesurvey.co.uk/id/4000000074550944,http://www.ordnancesurvey.co.uk/xml/codelists/localtype.xml#village,King's Lynn and West Norfolk,http://data.ordnancesurvey.co.uk/id/7000000000007016,http://data.ordnancesurvey.co.uk/ontology/admingeo/District,Norfolk,http://data.ordnancesurvey.co.uk/id/7000000000007238,http://data.ordnancesurvey.co.uk/ontology/admingeo/County,Eastern,http://data.ordnancesurvey.co.uk/id/7000000000041425,England,http://data.ordnancesurvey.co.uk/id/country/england,,,
PE132AS,http://data.ordnancesurvey.co.uk/id/postcodeunit/PE132AS,PE13 2AS,,,,other,Postcode,546671,309449,3500,18000,,,,,,,Wisbech,http://data.ordnancesurvey.co.uk/id/4000000074551318,http://www.ordnancesurvey.co.uk/xml/codelists/localtype.xml#town,Fenland,http://data.ordnancesurvey.co.uk/id/7000000000001357,http://data.ordnancesurvey.co.uk/ontology/admingeo/District,Cambridgeshire,http://data.ordnancesurvey.co.uk/id/7000000000001386,http://data.ordnancesurvey.co.uk/ontology/admingeo/County,Eastern,http://data.ordnancesurvey.co.uk/id/7000000000041425,England,http://data.ordnancesurvey.co.uk/id/country/england,,,
PE140NU,http://data.ordnancesurvey.co.uk/id/postcodeunit/PE140NU,PE14 0NU,,,,other,Postcode,545038,304908,3500,18000,,,,,,,,,,Fenland,http://data.ordnancesurvey.co.uk/id/7000000000001357,http://data.ordnancesurvey.co.uk/ontology/admingeo/District,Cambridgeshire,http://data.ordnancesurvey.co.uk/id/7000000000001386,http://data.ordnancesurvey.co.uk/ontology/admingeo/County,Eastern,http://data.ordnancesurvey.co.uk/id/7000000000041425,England,http://data.ordnancesurvey.co.uk/id/country/england,,,
PE134NH,http://data.ordnancesurvey.co.uk/id/postcodeunit/PE134NH,PE13 4NH,,,,other,Postcode,541600,312890,3500,18000,,,,,,,,,,Fenland,http://data.ordnancesurvey.co.uk/id/7000000000001357,http://data.ordnancesurvey.co.uk/ontology/admingeo/District,Cambridgeshire,http://data.ordnancesurvey.co.uk/id/7000000000001386,http://data.ordnancesurvey.co.uk/ontology/admingeo/County,Eastern,http://data.ordnancesurvey.co.uk/id/7000000000041425,England,http://data.ordnancesurvey.co.uk/id/country/england,,,
PE132RZ,http://data.ordnancesurvey.co.uk/id/postcodeunit/PE132RZ,PE13 2RZ,,,,other,Postcode,546404,308212,3500,18000,,,,,,,Wisbech,http://data.ordnancesurvey.co.uk/id/4000000074551318,http://www.ordnancesurvey.co.uk/xml/codelists/localtype.xml#town,Fenland,http://data.ordnancesurvey.co.uk/id/7000000000001357,http://data.ordnancesurvey.co.uk/ontology/admingeo/District,Cambridgeshire,http://data.ordnancesurvey.co.uk/id/7000000000001386,http://data.ordnancesurvey.co.uk/ontology/admingeo/County,Eastern,http://data.ordnancesurvey.co.uk/id/7000000000041425,England,http://data.ordnancesurvey.co.uk/id/country/england,,,
PE149DU,http://data.ordnancesurvey.co.uk/id/postcodeunit/PE149DU,PE14 9DU,,,,other,Postcode,549965,301953,3500,18000,,,,,,,Upwell,http://data.ordnancesurvey.co.uk/id/4000000074550938,http://www.ordnancesurvey.co.uk/xml/codelists/localtype.xml#village,King's Lynn and West Norfolk,http://data.ordnancesurvey.co.uk/id/7000000000007016,http://data.ordnancesurvey.co.uk/ontology/admingeo/District,Norfolk,http://data.ordnancesurvey.co.uk/id/7000000000007238,http://data.ordnancesurvey.co.uk/ontology/admingeo/County,Eastern,http://data.ordnancesurvey.co.uk/id/7000000000041425,England,http://data.ordnancesurvey.co.uk/id/country/england,,,
PE140NE,http://data.ordnancesurvey.co.uk/id/postcodeunit/PE140NE,PE14 0NE,,,,other,Postcode,543348,302849,3500,18000,,,,,,,Coldham,http://data.ordnancesurvey.co.uk/id/4000000074550588,http://www.ordnancesurvey.co.uk/xml/codelists/localtype.xml#village,Fenland,http://data.ordnancesurvey.co.uk/id/7000000000001357,http://data.ordnancesurvey.co.uk/ontology/admingeo/District,Cambridgeshire,http://data.ordnancesurvey.co.uk/id/7000000000001386,http://data.ordnancesurvey.co.uk/ontology/admingeo/County,Eastern,http://data.ordnancesurvey.co.uk/id/7000000000041425,England,http://data.ordnancesurvey.co.uk/id/country/england,,,
PE343BH,http://data.ordnancesurvey.co.uk/id/postcodeunit/PE343BH,PE34 3BH,,,,other,Postcode,557454,314096,3500,18000,,,,,,,Tilney cum Islington,http://data.ordnancesurvey.co.uk/id/4000000074550575,http://www.ordnancesurvey.co.uk/xml/codelists/localtype.xml#village,King's Lynn and West Norfolk,http://data.ordnancesurvey.co.uk/id/7000000000007016,http://data.ordnancesurvey.co.uk/ontology/admingeo/District,Norfolk,http://data.ordnancesurvey.co.uk/id/7000000000007238,http://data.ordnancesurvey.co.uk/ontology/admingeo/County,Eastern,http://data.ordnancesurvey.co.uk/id/7000000000041425,England,http://data.ordnancesurvey.co.uk/id/country/england,,,
PE131RF,http://data.ordnancesurvey.co.uk/id/postcodeunit/PE131RF,PE13 1RF,,,,other,Postcode,545972,309785,3500,18000,,,,,,,Wisbech,http://data.ordnancesurvey.co.uk/id/4000000074551318,http://www.ordnancesurvey.co.uk/xml/codelists/localtype.xml#town,Fenland,http://data.ordnancesurvey.co.uk/id/7000000000001357,http://data.ordnancesurvey.co.uk/ontology/admingeo/District,Cambridgeshire,http://data.ordnancesurvey.co.uk/id/7000000000001386,http://data.ordnancesurvey.co.uk/ontology/admingeo/County,Eastern,http://data.ordnancesurvey.co.uk/id/7000000000041425,England,http://data.ordnancesurvey.co.uk/id/country/england,,,
PE131SP,http://data.ordnancesurvey.co.uk/id/postcodeunit/PE131SP,PE13 1SP,,,,other,Postcode,546113,309570,3500,18000,,,,,,,Wisbech,http://data.ordnancesurvey.co.uk/id/4000000074551318,http://www.ordnancesurvey.co.uk/xml/codelists/localtype.xml#town,Fenland,http://data.ordnancesurvey.co.uk/id/7000000000001357,http://data.ordnancesurvey.co.uk/ontology/admingeo/District,Cambridgeshire,http://data.ordnancesurvey.co.uk/id/7000000000001386,http://data.ordnancesurvey.co.uk/ontology/admingeo/County,Eastern,http://data.ordnancesurvey.co.uk/id/7000000000041425,England,http://data.ordnancesurvey.co.uk/id/country/england,,,
PE131JR,http://data.ordnancesurvey.co.uk/id/postcodeunit/PE131JR,PE13 1JR,,,,other,Postcode,545812,309622,3500,18000,,,,,,,Wisbech,http://data.ordnancesurvey.co.uk/id/4000000074551318,http://www.ordnancesurvey.co.uk/xml/codelists/localtype.xml#town,Fenland,http://data.ordnancesurvey.co.uk/id/7000000000001357,http://data.ordnancesurvey.co.uk/ontology/admingeo/District,Cambridgeshire,http://data.ordnancesurvey.co.uk/id/7000000000001386,http://data.ordnancesurvey.co.uk/ontology/admingeo/County,Eastern,http://data.ordnancesurvey.co.uk/id/7000000000041425,England,http://data.ordnancesurvey.co.uk/id/country/england,,,
PE132LA,http://data.ordnancesurvey.co.uk/id/postcodeunit/PE132LA,PE13 2LA,,,,other,Postcode,547507,309365,3500,18000,,,,,,,Wisbech,http://data.ordnancesurvey.co.uk/id/4000000074551318,http://www.ordnancesurvey.co.uk/xml/codelists/localtype.xml#town,Fenland,http://data.ordnancesurvey.co.uk/id/7000000000001357,http://data.ordnancesurvey.co.uk/ontology/admingeo/District,Cambridgeshire,http://data.ordnancesurvey.co.uk/id/7000000000001386,http://data.ordnancesurvey.co.uk/ontology/admingeo/County,Eastern,http://data.ordnancesurvey.co.uk/id/7000000000041425,England,http://data.ordnancesurvey.co.uk/id/country/england,,,
PE135DQ,http://data.ordnancesurvey.co.uk/id/postcodeunit/PE135DQ,PE13 5DQ,,,,other,Postcode,544503,310609,3500,18000,,,,,,,Leverington,http://data.ordnancesurvey.co.uk/id/4000000074551313,http://www.ordnancesurvey.co.uk/xml/codelists/localtype.xml#village,Fenland,http://data.ordnancesurvey.co.uk/id/7000000000001357,http://data.ordnancesurvey.co.uk/ontology/admingeo/District,Cambridgeshire,http://data.ordnancesurvey.co.uk/id/7000000000001386,http://data.ordnancesurvey.co.uk/ontology/admingeo/County,Eastern,http://data.ordnancesurvey.co.uk/id/7000000000041425,England,http://data.ordnancesurvey.co.uk/id/country/england,,,
PE140RU,http://data.ordnancesurvey.co.uk/id/postcodeunit/PE140RU,PE14 0RU,,,,other,Postcode,544775,306886,3500,18000,,,,,,,,,,Fenland,http://data.ordnancesurvey.co.uk/id/7000000000001357,http://data.ordnancesurvey.co.uk/ontology/admingeo/District,Cambridgeshire,http://data.ordnancesurvey.co.uk/id/7000000000001386,http://data.ordnancesurvey.co.uk/ontology/admingeo/County,Eastern,http://data.ordnancesurvey.co.uk/id/7000000000041425,England,http://data.ordnancesurvey.co.uk/id/country/england,,,
PE133EB,http://data.ordnancesurvey.co.uk/id/postcodeunit/PE133EB,PE13 3EB,,,,other,Postcode,546885,310452,3500,18000,,,,,,,Wisbech,http://data.ordnancesurvey.co.uk/id/4000000074551318,http://www.ordnancesurvey.co.uk/xml/codelists/localtype.xml#town,Fenland,http://data.ordnancesurvey.co.uk/id/7000000000001357,http://data.ordnancesurvey.co.uk/ontology/admingeo/District,Cambridgeshire,http://data.ordnancesurvey.co.uk/id/7000000000001386,http://data.ordnancesurvey.co.uk/ontology/admingeo/County,Eastern,http://data.ordnancesurvey.co.uk/id/7000000000041425,England,http://data.ordnancesurvey.co.uk/id/country/england,,,
PE134LJ,http://data.ordnancesurvey.co.uk/id/postcodeunit/PE134LJ,PE13 4LJ,,,,other,Postcode,540230,308675,3500,18000,,,,,,,,,,Fenland,http://data.ordnancesurvey.co.uk/id/7000000000001357,http://data.ordnancesurvey.co.uk/ontology/admingeo/District,Cambridgeshire,http://data.ordnancesurvey.co.uk/id/7000000000001386,http://data.ordnancesurvey.co.uk/ontology/admingeo/County,Eastern,http://data.ordnancesurvey.co.uk/id/7000000000041425,England,http://data.ordnancesurvey.co.uk/id/country/england,,,
PE132TU,http://data.ordnancesurvey.co.uk/id/postcodeunit/PE132TU,PE13 2TU,,,,other,Postcode,546500,308196,3500,18000,,,,,,,Wisbech,http://data.ordnancesurvey.co.uk/id/4000000074551318,http://www.ordnancesurvey.co.uk/xml/codelists/localtype.xml#town,Fenland,http://data.ordnancesurvey.co.uk/id/7000000000001357,http://data.ordnancesurvey.co.uk/ontology/admingeo/District,Cambridgeshire,http://data.ordnancesurvey.co.uk/id/7000000000001386,http://data.ordnancesurvey.co.uk/ontology/admingeo/County,Eastern,http://data.ordnancesurvey.co.uk/id/7000000000041425,England,http://data.ordnancesurvey.co.uk/id/country/england,,,
PE132DX,http://data.ordnancesurvey.co.uk/id/postcodeunit/PE132DX,PE13 2DX,,,,other,Postcode,546725,309802,3500,18000,,,,,,,Wisbech,http://data.ordnancesurvey.co.uk/id/4000000074551318,http://www.ordnancesurvey.co.uk/xml/codelists/localtype.xml#town,Fenland,http://data.ordnancesurvey.co.uk/id/7000000000001357,http://data.ordnancesurvey.co.uk/ontology/admingeo/District,Cambridgeshire,http://data.ordnancesurvey.co.uk/id/7000000000001386,http://data.ordnancesurvey.co.uk/ontology/admingeo/County,Eastern,http://data.ordnancesurvey.co.uk/id/7000000000041425,England,http://data.ordnancesurvey.co.uk/id/country/england,,,
PE133QX,http://data.ordnancesurvey.co.uk/id/postcodeunit/PE133QX,PE13 3QX,,,,other,Postcode,547394,310613,3500,18000,,,,,,,Wisbech,http://data.ordnancesurvey.co.uk/id/4000000074551318,http://www.ordnancesurvey.co.uk/xml/codelists/localtype.xml#town,Fenland,http://data.ordnancesurvey.co.uk/id/7000000000001357,http://data.ordnancesurvey.co.uk/ontology/admingeo/District,Cambridgeshire,http://data.ordnancesurvey.co.uk/id/7000000000001386,http://data.ordnancesurvey.co.uk/ontology/admingeo/County,Eastern,http://data.ordnancesurvey.co.uk/id/7000000000041425,England,http://data.ordnancesurvey.co.uk/id/country/england,,,
PE132DU,http://data.ordnancesurvey.co.uk/id/postcodeunit/PE132DU,PE13 2DU,,,,other,Postcode,546683,309727,3500,18000,,,,,,,Wisbech,http://data.ordnancesurvey.co.uk/id/4000000074551318,http://www.ordnancesurvey.co.uk/xml/codelists/localtype.xml#town,Fenland,http://data.ordnancesurvey.co.uk/id/7000000000001357,http://data.ordnancesurvey.co.uk/ontology/admingeo/District,Cambridgeshire,http://data.ordnancesurvey.co.uk/id/7000000000001386,http://data.ordnancesurvey.co.uk/ontology/admingeo/County,Eastern,http://data.ordnancesurvey.co.uk/id/7000000000041425,England,http://data.ordnancesurvey.co.uk/id/country/england,,,
PE132QA,http://data.ordnancesurvey.co.uk/id/postcodeunit/PE132QA,PE13 2QA,,,,other,Postcode,546314,308695,3500,18000,,,,,,,Wisbech,http://data.ordnancesurvey.co.uk/id/4000000074551318,http://www.ordnancesurvey.co.uk/xml/codelists/localtype.xml#town,Fenland,http://data.ordnancesurvey.co.uk/id/7000000000001357,http://data.ordnancesurvey.co.uk/ontology/admingeo/District,Cambridgeshire,http://data.ordnancesurvey.co.uk/id/7000000000001386,http://data.ordnancesurvey.co.uk/ontology/admingeo/County,Eastern,http://data.ordnancesurvey.co.uk/id/7000000000041425,England,http://data.ordnancesurvey.co.uk/id/country/england,,,
PE131BW,http://data.ordnancesurvey.co.uk/id/postcodeunit/PE131BW,PE13 1BW,,,,other,Postcode,546272,309471,3500,18000,,,,,,,Wisbech,http://data.ordnancesurvey.co.uk/id/4000000074551318,http://www.ordnancesurvey.co.uk/xml/codelists/localtype.xml#town,Fenland,http://data.ordnancesurvey.co.uk/id/7000000000001357,http://data.ordnancesurvey.co.uk/ontology/admingeo/District,Cambridgeshire,http://data.ordnancesurvey.co.uk/id/7000000000001386,http://data.ordnancesurvey.co.uk/ontology/admingeo/County,Eastern,http://data.ordnancesurvey.co.uk/id/7000000000041425,England,http://data.ordnancesurvey.co.uk/id/country/england,,,
PE343NZ,http://data.ordnancesurvey.co.uk/id/postcodeunit/PE343NZ,PE34 3NZ,,,,other,Postcode,559878,305695,3500,18000,,,,,,,,,,King's Lynn and West Norfolk,http://data.ordnancesurvey.co.uk/id/7000000000007016,http://data.ordnancesurvey.co.uk/ontology/admingeo/District,Norfolk,http://data.ordnancesurvey.co.uk/id/7000000000007238,http://data.ordnancesurvey.co.uk/ontology/admingeo/County,Eastern,http://data.ordnancesurvey.co.uk/id/7000000000041425,England,http://data.ordnancesurvey.co.uk/id/country/england,,,
PE131RX,http://data.ordnancesurvey.co.uk/id/postcodeunit/PE131RX,PE13 1RX,,,,other,Postcode,545395,310632,3500,18000,,,,,,,Wisbech,http://data.ordnancesurvey.co.uk/id/4000000074551318,http://www.ordnancesurvey.co.uk/xml/codelists/localtype.xml#town,Fenland,http://data.ordnancesurvey.co.uk/id/7000000000001357,http://data.ordnancesurvey.co.uk/ontology/admingeo/District,Cambridgeshire,http://data.ordnancesurvey.co.uk/id/7000000000001386,http://data.ordnancesurvey.co.uk/ontology/admingeo/County,Eastern,http://data.ordnancesurvey.co.uk/id/7000000000041425,England,http://data.ordnancesurvey.co.uk/id/country/england,,,
PE140LS,http://data.ordnancesurvey.co.uk/id/postcodeunit/PE140LS,PE14 0LS,,,,other,Postcode,545651,304503,3500,18000,,,,,,,,,,Fenland,http://data.ordnancesurvey.co.uk/id/7000000000001357,http://data.ordnancesurvey.co.uk/ontology/admingeo/District,Cambridgeshire,http://data.ordnancesurvey.co.uk/id/7000000000001386,http://data.ordnancesurvey.co.uk/ontology/admingeo/County,Eastern,http://data.ordnancesurvey.co.uk/id/7000000000041425,England,http://data.ordnancesurvey.co.uk/id/country/england,,,
PE343AT,http://data.ordnancesurvey.co.uk/id/postcodeunit/PE343AT,PE34 3AT,,,,other,Postcode,559801,314838,3500,18000,,,,,,,Wiggenhall St Germans,http://data.ordnancesurvey.co.uk/id/4000000074550213,http://www.ordnancesurvey.co.uk/xml/codelists/localtype.xml#village,King's Lynn and West Norfolk,http://data.ordnancesurvey.co.uk/id/7000000000007016,http://data.ordnancesurvey.co.uk/ontology/admingeo/District,Norfolk,http://data.ordnancesurvey.co.uk/id/7000000000007238,http://data.ordnancesurvey.co.uk/ontology/admingeo/County,Eastern,http://data.ordnancesurvey.co.uk/id/7000000000041425,England,http://data.ordnancesurvey.co.uk/id/country/england,,,
PE132DT,http://data.ordnancesurvey.co.uk/id/postcodeunit/PE132DT,PE13 2DT,,,,other,Postcode,546638,309654,3500,18000,,,,,,,Wisbech,http://data.ordnancesurvey.co.uk/id/4000000074551318,http://www.ordnancesurvey.co.uk/xml/codelists/localtype.xml#town,Fenland,http://data.ordnancesurvey.co.uk/id/7000000000001357,http://data.ordnancesurvey.co.uk/ontology/admingeo/District,Cambridgeshire,http://data.ordnancesurvey.co.uk/id/7000000000001386,http://data.ordnancesurvey.co.uk/ontology/admingeo/County,Eastern,http://data.ordnancesurvey.co.uk/id/7000000000041425,England,http://data.ordnancesurvey.co.uk/id/country/england,,,
PE135JA,http://data.ordnancesurvey.co.uk/id/postcodeunit/PE135JA,PE13 5JA,,,,other,Postcode,543743,314739,3500,18000,,,,,,,Newton-in-the-Isle,http://data.ordnancesurvey.co.uk/id/4000000074548769,http://www.ordnancesurvey.co.uk/xml/codelists/localtype.xml#village,Fenland,http://data.ordnancesurvey.co.uk/id/7000000000001357,http://data.ordnancesurvey.co.uk/ontology/admingeo/District,Cambridgeshire,http://data.ordnancesurvey.co.uk/id/7000000000001386,http://data.ordnancesurvey.co.uk/ontology/admingeo/County,Eastern,http://data.ordnancesurvey.co.uk/id/7000000000041425,England,http://data.ordnancesurvey.co.uk/id/country/england,,,
PE148BU,http://data.ordnancesurvey.co.uk/id/postcodeunit/PE148BU,PE14 8BU,,,,other,Postcode,549395,307134,3500,18000,,,,,,,Emneth,http://data.ordnancesurvey.co.uk/id/4000000074550948,http://www.ordnancesurvey.co.uk/xml/codelists/localtype.xml#village,King's Lynn and West Norfolk,http://data.ordnancesurvey.co.uk/id/7000000000007016,http://data.ordnancesurvey.co.uk/ontology/admingeo/District,Norfolk,http://data.ordnancesurvey.co.uk/id/7000000000007238,http://data.ordnancesurvey.co.uk/ontology/admingeo/County,Eastern,http://data.ordnancesurvey.co.uk/id/7000000000041425,England,http://data.ordnancesurvey.co.uk/id/country/england,,,
PE344HR,http://data.ordnancesurvey.co.uk/id/postcodeunit/PE344HR,PE34 4HR,,,,other,Postcode,553320,319003,3500,18000,,,,,,,,,,King's Lynn and West Norfolk,http://data.ordnancesurvey.co.uk/id/7000000000007016,http://data.ordnancesurvey.co.uk/ontology/admingeo/District,Norfolk,http://data.ordnancesurvey.co.uk/id/7000000000007238,http://data.ordnancesurvey.co.uk/ontology/admingeo/County,Eastern,http://data.ordnancesurvey.co.uk/id/7000000000041425,England,http://data.ordnancesurvey.co.uk/id/country/england,,,
PE147HT,http://data.ordnancesurvey.co.uk/id/postcodeunit/PE147HT,PE14 7HT,,,,other,Postcode,549828,316538,3500,18000,,,,,,,Walpole St Peter,http://data.ordnancesurvey.co.uk/id/4000000074550943,http://www.ordnancesurvey.co.uk/xml/codelists/localtype.xml#village,King's Lynn and West Norfolk,http://data.ordnancesurvey.co.uk/id/7000000000007016,http://data.ordnancesurvey.co.uk/ontology/admingeo/District,Norfolk,http://data.ordnancesurvey.co.uk/id/7000000000007238,http://data.ordnancesurvey.co.uk/ontology/admingeo/County,Eastern,http://data.ordnancesurvey.co.uk/id/7000000000041425,England,http://data.ordnancesurvey.co.uk/id/country/england,,,
PE140NT,http://data.ordnancesurvey.co.uk/id/postcodeunit/PE140NT,PE14 0NT,,,,other,Postcode,545449,306325,3500,18000,,,,,,,Begdale,http://data.ordnancesurvey.co.uk/id/4000000074550949,http://www.ordnancesurvey.co.uk/xml/codelists/localtype.xml#hamlet,Fenland,http://data.ordnancesurvey.co.uk/id/7000000000001357,http://data.ordnancesurvey.co.uk/ontology/admingeo/District,Cambridgeshire,http://data.ordnancesurvey.co.uk/id/7000000000001386,http://data.ordnancesurvey.co.uk/ontology/admingeo/County,Eastern,http://data.ordnancesurvey.co.uk/id/7000000000041425,England,http://data.ordnancesurvey.co.uk/id/country/england,,,
PE135JQ,http://data.ordnancesurvey.co.uk/id/postcodeunit/PE135JQ,PE13 5JQ,,,,other,Postcode,542140,309782,3500,18000,,,,,,,,,,Fenland,http://data.ordnancesurvey.co.uk/id/7000000000001357,http://data.ordnancesurvey.co.uk/ontology/admingeo/District,Cambridgeshire,http://data.ordnancesurvey.co.uk/id/7000000000001386,http://data.ordnancesurvey.co.uk/ontology/admingeo/County,Eastern,http://data.ordnancesurvey.co.uk/id/7000000000041425,England,http://data.ordnancesurvey.co.uk/id/country/england,,,
PE131SN,http://data.ordnancesurvey.co.uk/id/postcodeunit/PE131SN,PE13 1SN,,,,other,Postcode,545359,310353,3500,18000,,,,,,,Wisbech,http://data.ordnancesurvey.co.uk/id/4000000074551318,http://www.ordnancesurvey.co.uk/xml/codelists/localtype.xml#town,Fenland,http://data.ordnancesurvey.co.uk/id/7000000000001357,http://data.ordnancesurvey.co.uk/ontology/admingeo/District,Cambridgeshire,http://data.ordnancesurvey.co.uk/id/7000000000001386,http://data.ordnancesurvey.co.uk/ontology/admingeo/County,Eastern,http://data.ordnancesurvey.co.uk/id/7000000000041425,England,http://data.ordnancesurvey.co.uk/id/country/england,,,
PE132ES,http://data.ordnancesurvey.co.uk/id/postcodeunit/PE132ES,PE13 2ES,,,,other,Postcode,547109,310206,3500,18000,,,,,,,Wisbech,http://data.ordnancesurvey.co.uk/id/4000000074551318,http://www.ordnancesurvey.co.uk/xml/codelists/localtype.xml#town,Fenland,http://data.ordnancesurvey.co.uk/id/7000000000001357,http://data.ordnancesurvey.co.uk/ontology/admingeo/District,Cambridgeshire,http://data.ordnancesurvey.co.uk/id/7000000000001386,http://data.ordnancesurvey.co.uk/ontology/admingeo/County,Eastern,http://data.ordnancesurvey.co.uk/id/7000000000041425,England,http://data.ordnancesurvey.co.uk/id/country/england,,,
PE380DQ,http://data.ordnancesurvey.co.uk/id/postcodeunit/PE380DQ,PE38 0DQ,,,,other,Postcode,558435,301668,3500,18000,,,,,,,Salters Lode,http://data.ordnancesurvey.co.uk/id/4000000074550570,http://www.ordnancesurvey.co.uk/xml/codelists/localtype.xml#village,King's Lynn and West Norfolk,http://data.ordnancesurvey.co.uk/id/7000000000007016,http://data.ordnancesurvey.co.uk/ontology/admingeo/District,Norfolk,http://data.ordnancesurvey.co.uk/id/7000000000007238,http://data.ordnancesurvey.co.uk/ontology/admingeo/County,Eastern,http://data.ordnancesurvey.co.uk/id/7000000000041425,England,http://data.ordnancesurvey.co.uk/id/country/england,,,
PE140LF,http://data.ordnancesurvey.co.uk/id/postcodeunit/PE140LF,PE14 0LF,,,,other,Postcode,548298,305166,3500,18000,,,,,,,,,,Fenland,http://data.ordnancesurvey.co.uk/id/7000000000001357,http://data.ordnancesurvey.co.uk/ontology/admingeo/District,Cambridgeshire,http://data.ordnancesurvey.co.uk/id/7000000000001386,http://data.ordnancesurvey.co.uk/ontology/admingeo/County,Eastern,http://data.ordnancesurvey.co.uk/id/7000000000041425,England,http://data.ordnancesurvey.co.uk/id/country/england,,,
PE148DQ,http://data.ordnancesurvey.co.uk/id/postcodeunit/PE148DQ,PE14 8DQ,,,,other,Postcode,549482,308593,3500,18000,,,,,,,,,,King's Lynn and West Norfolk,http://data.ordnancesurvey.co.uk/id/7000000000007016,http://data.ordnancesurvey.co.uk/ontology/admingeo/District,Norfolk,http://data.ordnancesurvey.co.uk/id/7000000000007238,http://data.ordnancesurvey.co.uk/ontology/admingeo/County,Eastern,http://data.ordnancesurvey.co.uk/id/7000000000041425,England,http://data.ordnancesurvey.co.uk/id/country/england,,,
PE144ED,http://data.ordnancesurvey.co.uk/id/postcodeunit/PE144ED,PE14 4ED,,,,other,Postcode,545574,308434,3500,18000,,,,,,,Wisbech,http://data.ordnancesurvey.co.uk/id/4000000074551318,http://www.ordnancesurvey.co.uk/xml/codelists/localtype.xml#town,Fenland,http://data.ordnancesurvey.co.uk/id/7000000000001357,http://data.ordnancesurvey.co.uk/ontology/admingeo/District,Cambridgeshire,http://data.ordnancesurvey.co.uk/id/7000000000001386,http://data.ordnancesurvey.co.uk/ontology/admingeo/County,Eastern,http://data.ordnancesurvey.co.uk/id/7000000000041425,England,http://data.ordnancesurvey.co.uk/id/country/england,,,
PE344SP,http://data.ordnancesurvey.co.uk/id/postcodeunit/PE344SP,PE34 4SP,,,,other,Postcode,556955,318807,3500,18000,,,,,,,,,,King's Lynn and West Norfolk,http://data.ordnancesurvey.co.uk/id/7000000000007016,http://data.ordnancesurvey.co.uk/ontology/admingeo/District,Norfolk,http://data.ordnancesurvey.co.uk/id/7000000000007238,http://data.ordnancesurvey.co.uk/ontology/admingeo/County,Eastern,http://data.ordnancesurvey.co.uk/id/7000000000041425,England,http://data.ordnancesurvey.co.uk/id/country/england,,,
PE132QN,http://data.ordnancesurvey.co.uk/id/postcodeunit/PE132QN,PE13 2QN,,,,other,Postcode,546273,309132,3500,18000,,,,,,,Wisbech,http://data.ordnancesurvey.co.uk/id/4000000074551318,http://www.ordnancesurvey.co.uk/xml/codelists/localtype.xml#town,Fenland,http://data.ordnancesurvey.co.uk/id/7000000000001357,http://data.ordnancesurvey.co.uk/ontology/admingeo/District,Cambridgeshire,http://data.ordnancesurvey.co.uk/id/7000000000001386,http://data.ordnancesurvey.co.uk/ontology/admingeo/County,Eastern,http://data.ordnancesurvey.co.uk/id/7000000000041425,England,http://data.ordnancesurvey.co.uk/id/country/england,,,
PE133QJ,http://data.ordnancesurvey.co.uk/id/postcodeunit/PE133QJ,PE13 3QJ,,,,other,Postcode,547371,310541,3500,18000,,,,,,,Wisbech,http://data.ordnancesurvey.co.uk/id/4000000074551318,http://www.ordnancesurvey.co.uk/xml/codelists/localtype.xml#town,Fenland,http://data.ordnancesurvey.co.uk/id/7000000000001357,http://data.ordnancesurvey.co.uk/ontology/admingeo/District,Cambridgeshire,http://data.ordnancesurvey.co.uk/id/7000000000001386,http://data.ordnancesurvey.co.uk/ontology/admingeo/County,Eastern,http://data.ordnancesurvey.co.uk/id/7000000000041425,England,http://data.ordnancesurvey.co.uk/id/country/england,,,
PE148PX,http://data.ordnancesurvey.co.uk/id/postcodeunit/PE148PX,PE14 8PX,,,,other,Postcode,553224,303713,3500,18000,,,,,,,,,,King's Lynn and West Norfolk,http://data.ordnancesurvey.co.uk/id/7000000000007016,http://data.ordnancesurvey.co.uk/ontology/admingeo/District,Norfolk,http://data.ordnancesurvey.co.uk/id/7000000000007238,http://data.ordnancesurvey.co.uk/ontology/admingeo/County,Eastern,http://data.ordnancesurvey.co.uk/id/7000000000041425,England,http://data.ordnancesurvey.co.uk/id/country/england,,,
PE148RQ,http://data.ordnancesurvey.co.uk/id/postcodeunit/PE148RQ,PE14 8RQ,,,,other,Postcode,551335,303631,3500,18000,,,,,,,Outwell,http://data.ordnancesurvey.co.uk/id/4000000074548389,http://www.ordnancesurvey.co.uk/xml/codelists/localtype.xml#village,King's Lynn and West Norfolk,http://data.ordnancesurvey.co.uk/id/7000000000007016,http://data.ordnancesurvey.co.uk/ontology/admingeo/District,Norfolk,http://data.ordnancesurvey.co.uk/id/7000000000007238,http://data.ordnancesurvey.co.uk/ontology/admingeo/County,Eastern,http://data.ordnancesurvey.co.uk/id/7000000000041425,England,http://data.ordnancesurvey.co.uk/id/country/england,,,
PE149EU,http://data.ordnancesurvey.co.uk/id/postcodeunit/PE149EU,PE14 9EU,,,,other,Postcode,549595,301162,3500,18000,,,,,,,Upwell,http://data.ordnancesurvey.co.uk/id/4000000074550938,http://www.ordnancesurvey.co.uk/xml/codelists/localtype.xml#village,King's Lynn and West Norfolk,http://data.ordnancesurvey.co.uk/id/7000000000007016,http://data.ordnancesurvey.co.uk/ontology/admingeo/District,Norfolk,http://data.ordnancesurvey.co.uk/id/7000000000007238,http://data.ordnancesurvey.co.uk/ontology/admingeo/County,Eastern,http://data.ordnancesurvey.co.uk/id/7000000000041425,England,http://data.ordnancesurvey.co.uk/id/country/england,,,
PE131HQ,http://data.ordnancesurvey.co.uk/id/postcodeunit/PE131HQ,PE13 1HQ,,,,other,Postcode,546082,309524,3500,18000,,,,,,,Wisbech,http://data.ordnancesurvey.co.uk/id/4000000074551318,http://www.ordnancesurvey.co.uk/xml/codelists/localtype.xml#town,Fenland,http://data.ordnancesurvey.co.uk/id/7000000000001357,http://data.ordnancesurvey.co.uk/ontology/admingeo/District,Cambridgeshire,http://data.ordnancesurvey.co.uk/id/7000000000001386,http://data.ordnancesurvey.co.uk/ontology/admingeo/County,Eastern,http://data.ordnancesurvey.co.uk/id/7000000000041425,England,http://data.ordnancesurvey.co.uk/id/country/england,,,
PE133TZ,http://data.ordnancesurvey.co.uk/id/postcodeunit/PE133TZ,PE13 3TZ,,,,other,Postcode,547965,310292,3500,18000,,,,,,,Wisbech,http://data.ordnancesurvey.co.uk/id/4000000074551318,http://www.ordnancesurvey.co.uk/xml/codelists/localtype.xml#town,King's Lynn and West Norfolk,http://data.ordnancesurvey.co.uk/id/7000000000007016,http://data.ordnancesurvey.co.uk/ontology/admingeo/District,Norfolk,http://data.ordnancesurvey.co.uk/id/7000000000007238,http://data.ordnancesurvey.co.uk/ontology/admingeo/County,Eastern,http://data.ordnancesurvey.co.uk/id/7000000000041425,England,http://data.ordnancesurvey.co.uk/id/country/england,,,
PE135RF,http://data.ordnancesurvey.co.uk/id/postcodeunit/PE135RF,PE13 5RF,,,,other,Postcode,546398,317796,3500,18000,,,,,,,Foul Anchor,http://data.ordnancesurvey.co.uk/id/4000000074548408,http://www.ordnancesurvey.co.uk/xml/codelists/localtype.xml#village,Fenland,http://data.ordnancesurvey.co.uk/id/7000000000001357,http://data.ordnancesurvey.co.uk/ontology/admingeo/District,Cambridgeshire,http://data.ordnancesurvey.co.uk/id/7000000000001386,http://data.ordnancesurvey.co.uk/ontology/admingeo/County,Eastern,http://data.ordnancesurvey.co.uk/id/7000000000041425,England,http://data.ordnancesurvey.co.uk/id/country/england,,,
PE133AR,http://data.ordnancesurvey.co.uk/id/postcodeunit/PE133AR,PE13 3AR,,,,other,Postcode,546342,310318,3500,18000,,,,,,,Wisbech,http://data.ordnancesurvey.co.uk/id/4000000074551318,http://www.ordnancesurvey.co.uk/xml/codelists/localtype.xml#town,Fenland,http://data.ordnancesurvey.co.uk/id/7000000000001357,http://data.ordnancesurvey.co.uk/ontology/admingeo/District,Cambridgeshire,http://data.ordnancesurvey.co.uk/id/7000000000001386,http://data.ordnancesurvey.co.uk/ontology/admingeo/County,Eastern,http://data.ordnancesurvey.co.uk/id/7000000000041425,England,http://data.ordnancesurvey.co.uk/id/country/england,,,
PE148JF,http://data.ordnancesurvey.co.uk/id/postcodeunit/PE148JF,PE14 8JF,,,,other,Postcode,553371,311024,3500,18000,,,,,,,St John's Fen End,http://data.ordnancesurvey.co.uk/id/4000000074548752,http://www.ordnancesurvey.co.uk/xml/codelists/localtype.xml#village,King's Lynn and West Norfolk,http://data.ordnancesurvey.co.uk/id/7000000000007016,http://data.ordnancesurvey.co.uk/ontology/admingeo/District,Norfolk,http://data.ordnancesurvey.co.uk/id/7000000000007238,http://data.ordnancesurvey.co.uk/ontology/admingeo/County,Eastern,http://data.ordnancesurvey.co.uk/id/7000000000041425,England,http://data.ordnancesurvey.co.uk/id/country/england,,,
PE135AN,http://data.ordnancesurvey.co.uk/id/postcodeunit/PE135AN,PE13 5AN,,,,other,Postcode,544525,311709,3500,18000,,,,,,,Leverington,http://data.ordnancesurvey.co.uk/id/4000000074551313,http://www.ordnancesurvey.co.uk/xml/codelists/localtype.xml#village,Fenland,http://data.ordnancesurvey.co.uk/id/7000000000001357,http://data.ordnancesurvey.co.uk/ontology/admingeo/District,Cambridgeshire,http://data.ordnancesurvey.co.uk/id/7000000000001386,http://data.ordnancesurvey.co.uk/ontology/admingeo/County,Eastern,http://data.ordnancesurvey.co.uk/id/7000000000041425,England,http://data.ordnancesurvey.co.uk/id/country/england,,,
PE135LR,http://data.ordnancesurvey.co.uk/id/postcodeunit/PE135LR,PE13 5LR,,,,other,Postcode,542098,316073,3500,18000,,,,,,,Tydd St Giles,http://data.ordnancesurvey.co.uk/id/4000000074548770,http://www.ordnancesurvey.co.uk/xml/codelists/localtype.xml#village,Fenland,http://data.ordnancesurvey.co.uk/id/7000000000001357,http://data.ordnancesurvey.co.uk/ontology/admingeo/District,Cambridgeshire,http://data.ordnancesurvey.co.uk/id/7000000000001386,http://data.ordnancesurvey.co.uk/ontology/admingeo/County,Eastern,http://data.ordnancesurvey.co.uk/id/7000000000041425,England,http://data.ordnancesurvey.co.uk/id/country/england,,,
PE135RA,http://data.ordnancesurvey.co.uk/id/postcodeunit/PE135RA,PE13 5RA,,,,other,Postcode,543852,318467,3500,18000,,,,,,,Tydd St Mary,http://data.ordnancesurvey.co.uk/id/4000000074548410,http://www.ordnancesurvey.co.uk/xml/codelists/localtype.xml#village,South Holland,http://data.ordnancesurvey.co.uk/id/7000000000005599,http://data.ordnancesurvey.co.uk/ontology/admingeo/District,Lincolnshire,http://data.ordnancesurvey.co.uk/id/7000000000005942,http://data.ordnancesurvey.co.uk/ontology/admingeo/County,East Midlands,http://data.ordnancesurvey.co.uk/id/7000000000041423,England,http://data.ordnancesurvey.co.uk/id/country/england,,,
PE132HS,http://data.ordnancesurvey.co.uk/id/postcodeunit/PE132HS,PE13 2HS,,,,other,Postcode,547316,309180,3500,18000,,,,,,,Wisbech,http://data.ordnancesurvey.co.uk/id/4000000074551318,http://www.ordnancesurvey.co.uk/xml/codelists/localtype.xml#town,Fenland,http://data.ordnancesurvey.co.uk/id/7000000000001357,http://data.ordnancesurvey.co.uk/ontology/admingeo/District,Cambridgeshire,http://data.ordnancesurvey.co.uk/id/7000000000001386,http://data.ordnancesurvey.co.uk/ontology/admingeo/County,Eastern,http://data.ordnancesurvey.co.uk/id/7000000000041425,England,http://data.ordnancesurvey.co.uk/id/country/england,,,
PE131DG,http://data.ordnancesurvey.co.uk/id/postcodeunit/PE131DG,PE13 1DG,,,,other,Postcode,546154,309690,3500,18000,,,,,,,Wisbech,http://data.ordnancesurvey.co.uk/id/4000000074551318,http://www.ordnancesurvey.co.uk/xml/codelists/localtype.xml#town,Fenland,http://data.ordnancesurvey.co.uk/id/7000000000001357,http://data.ordnancesurvey.co.uk/ontology/admingeo/District,Cambridgeshire,http://data.ordnancesurvey.co.uk/id/7000000000001386,http://data.ordnancesurvey.co.uk/ontology/admingeo/County,Eastern,http://data.ordnancesurvey.co.uk/id/7000000000041425,England,http://data.ordnancesurvey.co.uk/id/country/england,,,
PE133TF,http://data.ordnancesurvey.co.uk/id/postcodeunit/PE133TF,PE13 3TF,,,,other,Postcode,547347,309929,3500,18000,,,,,,,Wisbech,http://data.ordnancesurvey.co.uk/id/4000000074551318,http://www.ordnancesurvey.co.uk/xml/codelists/localtype.xml#town,Fenland,http://data.ordnancesurvey.co.uk/id/7000000000001357,http://data.ordnancesurvey.co.uk/ontology/admingeo/District,Cambridgeshire,http://data.ordnancesurvey.co.uk/id/7000000000001386,http://data.ordnancesurvey.co.uk/ontology/admingeo/County,Eastern,http://data.ordnancesurvey.co.uk/id/7000000000041425,England,http://data.ordnancesurvey.co.uk/id/country/england,,,
PE135BX,http://data.ordnancesurvey.co.uk/id/postcodeunit/PE135BX,PE13 5BX,,,,other,Postcode,543327,311915,3500,18000,,,,,,,,,,Fenland,http://data.ordnancesurvey.co.uk/id/7000000000001357,http://data.ordnancesurvey.co.uk/ontology/admingeo/District,Cambridgeshire,http://data.ordnancesurvey.co.uk/id/7000000000001386,http://data.ordnancesurvey.co.uk/ontology/admingeo/County,Eastern,http://data.ordnancesurvey.co.uk/id/7000000000041425,England,http://data.ordnancesurvey.co.uk/id/country/england,,,
PE132TS,http://data.ordnancesurvey.co.uk/id/postcodeunit/PE132TS,PE13 2TS,,,,other,Postcode,546733,308406,3500,18000,,,,,,,Wisbech,http://data.ordnancesurvey.co.uk/id/4000000074551318,http://www.ordnancesurvey.co.uk/xml/codelists/localtype.xml#town,Fenland,http://data.ordnancesurvey.co.uk/id/7000000000001357,http://data.ordnancesurvey.co.uk/ontology/admingeo/District,Cambridgeshire,http://data.ordnancesurvey.co.uk/id/7000000000001386,http://data.ordnancesurvey.co.uk/ontology/admingeo/County,Eastern,http://data.ordnancesurvey.co.uk/id/7000000000041425,England,http://data.ordnancesurvey.co.uk/id/country/england,,,
PE133PL,http://data.ordnancesurvey.co.uk/id/postcodeunit/PE133PL,PE13 3PL,,,,other,Postcode,546357,311138,3500,18000,,,,,,,Wisbech,http://data.ordnancesurvey.co.uk/id/4000000074551318,http://www.ordnancesurvey.co.uk/xml/codelists/localtype.xml#town,Fenland,http://data.ordnancesurvey.co.uk/id/7000000000001357,http://data.ordnancesurvey.co.uk/ontology/admingeo/District,Cambridgeshire,http://data.ordnancesurvey.co.uk/id/7000000000001386,http://data.ordnancesurvey.co.uk/ontology/admingeo/County,Eastern,http://data.ordnancesurvey.co.uk/id/7000000000041425,England,http://data.ordnancesurvey.co.uk/id/country/england,,,
PE148DY,http://data.ordnancesurvey.co.uk/id/postcodeunit/PE148DY,PE14 8DY,,,,other,Postcode,551062,307936,3500,18000,,,,,,,,,,King's Lynn and West Norfolk,http://data.ordnancesurvey.co.uk/id/7000000000007016,http://data.ordnancesurvey.co.uk/ontology/admingeo/District,Norfolk,http://data.ordnancesurvey.co.uk/id/7000000000007238,http://data.ordnancesurvey.co.uk/ontology/admingeo/County,Eastern,http://data.ordnancesurvey.co.uk/id/7000000000041425,England,http://data.ordnancesurvey.co.uk/id/country/england,,,
PE344PH,http://data.ordnancesurvey.co.uk/id/postcodeunit/PE344PH,PE34 4PH,,,,other,Postcode,554640,319969,3500,18000,,,,,,,Terrington St Clement,http://data.ordnancesurvey.co.uk/id/4000000074548395,http://www.ordnancesurvey.co.uk/xml/codelists/localtype.xml#otherSettlement,King's Lynn and West Norfolk,http://data.ordnancesurvey.co.uk/id/7000000000007016,http://data.ordnancesurvey.co.uk/ontology/admingeo/District,Norfolk,http://data.ordnancesurvey.co.uk/id/7000000000007238,http://data.ordnancesurvey.co.uk/ontology/admingeo/County,Eastern,http://data.ordnancesurvey.co.uk/id/7000000000041425,England,http://data.ordnancesurvey.co.uk/id/country/england,,,
PE148PT,http://data.ordnancesurvey.co.uk/id/postcodeunit/PE148PT,PE14 8PT,,,,other,Postcode,553110,304163,3500,18000,,,,,,,,,,King's Lynn and West Norfolk,http://data.ordnancesurvey.co.uk/id/7000000000007016,http://data.ordnancesurvey.co.uk/ontology/admingeo/District,Norfolk,http://data.ordnancesurvey.co.uk/id/7000000000007238,http://data.ordnancesurvey.co.uk/ontology/admingeo/County,Eastern,http://data.ordnancesurvey.co.uk/id/7000000000041425,England,http://data.ordnancesurvey.co.uk/id/country/england,,,
PE133JL,http://data.ordnancesurvey.co.uk/id/postcodeunit/PE133JL,PE13 3JL,,,,other,Postcode,545795,310820,3500,18000,,,,,,,Wisbech,http://data.ordnancesurvey.co.uk/id/4000000074551318,http://www.ordnancesurvey.co.uk/xml/codelists/localtype.xml#town,Fenland,http://data.ordnancesurvey.co.uk/id/7000000000001357,http://data.ordnancesurvey.co.uk/ontology/admingeo/District,Cambridgeshire,http://data.ordnancesurvey.co.uk/id/7000000000001386,http://data.ordnancesurvey.co.uk/ontology/admingeo/County,Eastern,http://data.ordnancesurvey.co.uk/id/7000000000041425,England,http://data.ordnancesurvey.co.uk/id/country/england,,,
PE131BF,http://data.ordnancesurvey.co.uk/id/postcodeunit/PE131BF,PE13 1BF,,,,other,Postcode,545946,310126,3500,18000,,,,,,,Wisbech,http://data.ordnancesurvey.co.uk/id/4000000074551318,http://www.ordnancesurvey.co.uk/xml/codelists/localtype.xml#town,Fenland,http://data.ordnancesurvey.co.uk/id/7000000000001357,http://data.ordnancesurvey.co.uk/ontology/admingeo/District,Cambridgeshire,http://data.ordnancesurvey.co.uk/id/7000000000001386,http://data.ordnancesurvey.co.uk/ontology/admingeo/County,Eastern,http://data.ordnancesurvey.co.uk/id/7000000000041425,England,http://data.ordnancesurvey.co.uk/id/country/england,,,
PE344PR,http://data.ordnancesurvey.co.uk/id/postcodeunit/PE344PR,PE34 4PR,,,,other,Postcode,554467,318253,3500,18000,,,,,,,,,,King's Lynn and West Norfolk,http://data.ordnancesurvey.co.uk/id/7000000000007016,http://data.ordnancesurvey.co.uk/ontology/admingeo/District,Norfolk,http://data.ordnancesurvey.co.uk/id/7000000000007238,http://data.ordnancesurvey.co.uk/ontology/admingeo/County,Eastern,http://data.ordnancesurvey.co.uk/id/7000000000041425,England,http://data.ordnancesurvey.co.uk/id/country/england,,,
PE131LB,http://data.ordnancesurvey.co.uk/id/postcodeunit/PE131LB,PE13 1LB,,,,other,Postcode,545464,309397,3500,18000,,,,,,,Wisbech,http://data.ordnancesurvey.co.uk/id/4000000074551318,http://www.ordnancesurvey.co.uk/xml/codelists/localtype.xml#town,Fenland,http://data.ordnancesurvey.co.uk/id/7000000000001357,http://data.ordnancesurvey.co.uk/ontology/admingeo/District,Cambridgeshire,http://data.ordnancesurvey.co.uk/id/7000000000001386,http://data.ordnancesurvey.co.uk/ontology/admingeo/County,Eastern,http://data.ordnancesurvey.co.uk/id/7000000000041425,England,http://data.ordnancesurvey.co.uk/id/country/england,,,
PE344SH,http://data.ordnancesurvey.co.uk/id/postcodeunit/PE344SH,PE34 4SH,,,,other,Postcode,556724,317683,3500,18000,,,,,,,Tilney All Saints,http://data.ordnancesurvey.co.uk/id/4000000074550578,http://www.ordnancesurvey.co.uk/xml/codelists/localtype.xml#village,King's Lynn and West Norfolk,http://data.ordnancesurvey.co.uk/id/7000000000007016,http://data.ordnancesurvey.co.uk/ontology/admingeo/District,Norfolk,http://data.ordnancesurvey.co.uk/id/7000000000007238,http://data.ordnancesurvey.co.uk/ontology/admingeo/County,Eastern,http://data.ordnancesurvey.co.uk/id/7000000000041425,England,http://data.ordnancesurvey.co.uk/id/country/england,,,
PE343BU,http://data.ordnancesurvey.co.uk/id/postcodeunit/PE343BU,PE34 3BU,,,,other,Postcode,559614,311006,3500,18000,,,,,,,Wiggenhall St Mary Magdalen,http://data.ordnancesurvey.co.uk/id/4000000074548392,http://www.ordnancesurvey.co.uk/xml/codelists/localtype.xml#village,King's Lynn and West Norfolk,http://data.ordnancesurvey.co.uk/id/7000000000007016,http://data.ordnancesurvey.co.uk/ontology/admingeo/District,Norfolk,http://data.ordnancesurvey.co.uk/id/7000000000007238,http://data.ordnancesurvey.co.uk/ontology/admingeo/County,Eastern,http://data.ordnancesurvey.co.uk/id/7000000000041425,England,http://data.ordnancesurvey.co.uk/id/country/england,,,
PE343EB,http://data.ordnancesurvey.co.uk/id/postcodeunit/PE343EB,PE34 3EB,,,,other,Postcode,559154,314118,3500,18000,,,,,,,Wiggenhall St Germans,http://data.ordnancesurvey.co.uk/id/4000000074550213,http://www.ordnancesurvey.co.uk/xml/codelists/localtype.xml#village,King's Lynn and West Norfolk,http://data.ordnancesurvey.co.uk/id/7000000000007016,http://data.ordnancesurvey.co.uk/ontology/admingeo/District,Norfolk,http://data.ordnancesurvey.co.uk/id/7000000000007238,http://data.ordnancesurvey.co.uk/ontology/admingeo/County,Eastern,http://data.ordnancesurvey.co.uk/id/7000000000041425,England,http://data.ordnancesurvey.co.uk/id/country/england,,,
PE131AF,http://data.ordnancesurvey.co.uk/id/postcodeunit/PE131AF,PE13 1AF,,,,other,Postcode,546054,309608,3500,18000,,,,,,,Wisbech,http://data.ordnancesurvey.co.uk/id/4000000074551318,http://www.ordnancesurvey.co.uk/xml/codelists/localtype.xml#town,Fenland,http://data.ordnancesurvey.co.uk/id/7000000000001357,http://data.ordnancesurvey.co.uk/ontology/admingeo/District,Cambridgeshire,http://data.ordnancesurvey.co.uk/id/7000000000001386,http://data.ordnancesurvey.co.uk/ontology/admingeo/County,Eastern,http://data.ordnancesurvey.co.uk/id/7000000000041425,England,http://data.ordnancesurvey.co.uk/id/country/england,,,
PE147EH,http://data.ordnancesurvey.co.uk/id/postcodeunit/PE147EH,PE14 7EH,,,,other,Postcode,547611,313251,3500,18000,,,,,,,West Walton,http://data.ordnancesurvey.co.uk/id/4000000074552041,http://www.ordnancesurvey.co.uk/xml/codelists/localtype.xml#village,King's Lynn and West Norfolk,http://data.ordnancesurvey.co.uk/id/7000000000007016,http://data.ordnancesurvey.co.uk/ontology/admingeo/District,Norfolk,http://data.ordnancesurvey.co.uk/id/7000000000007238,http://data.ordnancesurvey.co.uk/ontology/admingeo/County,Eastern,http://data.ordnancesurvey.co.uk/id/7000000000041425,England,http://data.ordnancesurvey.co.uk/id/country/england,,,
PE134EU,http://data.ordnancesurvey.co.uk/id/postcodeunit/PE134EU,PE13 4EU,,,,other,Postcode,540165,303870,3500,18000,,,,,,,Guyhirn,http://data.ordnancesurvey.co.uk/id/4000000074550590,http://www.ordnancesurvey.co.uk/xml/codelists/localtype.xml#village,Fenland,http://data.ordnancesurvey.co.uk/id/7000000000001357,http://data.ordnancesurvey.co.uk/ontology/admingeo/District,Cambridgeshire,http://data.ordnancesurvey.co.uk/id/7000000000001386,http://data.ordnancesurvey.co.uk/ontology/admingeo/County,Eastern,http://data.ordnancesurvey.co.uk/id/7000000000041425,England,http://data.ordnancesurvey.co.uk/id/country/england,,,
PE148QD,http://data.ordnancesurvey.co.uk/id/postcodeunit/PE148QD,PE14 8QD,,,,other,Postcode,553229,302876,3500,18000,,,,,,,,,,King's Lynn and West Norfolk,http://data.ordnancesurvey.co.uk/id/7000000000007016,http://data.ordnancesurvey.co.uk/ontology/admingeo/District,Norfolk,http://data.ordnancesurvey.co.uk/id/7000000000007238,http://data.ordnancesurvey.co.uk/ontology/admingeo/County,Eastern,http://data.ordnancesurvey.co.uk/id/7000000000041425,England,http://data.ordnancesurvey.co.uk/id/country/england,,,
PE135BQ,http://data.ordnancesurvey.co.uk/id/postcodeunit/PE135BQ,PE13 5BQ,,,,other,Postcode,544171,310992,3500,18000,,,,,,,Leverington,http://data.ordnancesurvey.co.uk/id/4000000074551313,http://www.ordnancesurvey.co.uk/xml/codelists/localtype.xml#village,Fenland,http://data.ordnancesurvey.co.uk/id/7000000000001357,http://data.ordnancesurvey.co.uk/ontology/admingeo/District,Cambridgeshire,http://data.ordnancesurvey.co.uk/id/7000000000001386,http://data.ordnancesurvey.co.uk/ontology/admingeo/County,Eastern,http://data.ordnancesurvey.co.uk/id/7000000000041425,England,http://data.ordnancesurvey.co.uk/id/country/england,,,
PE132PZ,http://data.ordnancesurvey.co.uk/id/postcodeunit/PE132PZ,PE13 2PZ,,,,other,Postcode,546095,308950,3500,18000,,,,,,,Wisbech,http://data.ordnancesurvey.co.uk/id/4000000074551318,http://www.ordnancesurvey.co.uk/xml/codelists/localtype.xml#town,Fenland,http://data.ordnancesurvey.co.uk/id/7000000000001357,http://data.ordnancesurvey.co.uk/ontology/admingeo/District,Cambridgeshire,http://data.ordnancesurvey.co.uk/id/7000000000001386,http://data.ordnancesurvey.co.uk/ontology/admingeo/County,Eastern,http://data.ordnancesurvey.co.uk/id/7000000000041425,England,http://data.ordnancesurvey.co.uk/id/country/england,,,
PE133QA,http://data.ordnancesurvey.co.uk/id/postcodeunit/PE133QA,PE13 3QA,,,,other,Postcode,547159,310555,3500,18000,,,,,,,Wisbech,http://data.ordnancesurvey.co.uk/id/4000000074551318,http://www.ordnancesurvey.co.uk/xml/codelists/localtype.xml#town,Fenland,http://data.ordnancesurvey.co.uk/id/7000000000001357,http://data.ordnancesurvey.co.uk/ontology/admingeo/District,Cambridgeshire,http://data.ordnancesurvey.co.uk/id/7000000000001386,http://data.ordnancesurvey.co.uk/ontology/admingeo/County,Eastern,http://data.ordnancesurvey.co.uk/id/7000000000041425,England,http://data.ordnancesurvey.co.uk/id/country/england,,,
PE133QY,http://data.ordnancesurvey.co.uk/id/postcodeunit/PE133QY,PE13 3QY,,,,other,Postcode,547308,310659,3500,18000,,,,,,,Wisbech,http://data.ordnancesurvey.co.uk/id/4000000074551318,http://www.ordnancesurvey.co.uk/xml/codelists/localtype.xml#town,Fenland,http://data.ordnancesurvey.co.uk/id/7000000000001357,http://data.ordnancesurvey.co.uk/ontology/admingeo/District,Cambridgeshire,http://data.ordnancesurvey.co.uk/id/7000000000001386,http://data.ordnancesurvey.co.uk/ontology/admingeo/County,Eastern,http://data.ordnancesurvey.co.uk/id/7000000000041425,England,http://data.ordnancesurvey.co.uk/id/country/england,,,
PE147NA,http://data.ordnancesurvey.co.uk/id/postcodeunit/PE147NA,PE14 7NA,,,,other,Postcode,552179,318814,3500,18000,,,,,,,Walpole Cross Keys,http://data.ordnancesurvey.co.uk/id/4000000074548396,http://www.ordnancesurvey.co.uk/xml/codelists/localtype.xml#village,King's Lynn and West Norfolk,http://data.ordnancesurvey.co.uk/id/7000000000007016,http://data.ordnancesurvey.co.uk/ontology/admingeo/District,Norfolk,http://data.ordnancesurvey.co.uk/id/7000000000007238,http://data.ordnancesurvey.co.uk/ontology/admingeo/County,Eastern,http://data.ordnancesurvey.co.uk/id/7000000000041425,England,http://data.ordnancesurvey.co.uk/id/country/england,,,
PE132QR,http://data.ordnancesurvey.co.uk/id/postcodeunit/PE132QR,PE13 2QR,,,,other,Postcode,546209,309138,3500,18000,,,,,,,Wisbech,http://data.ordnancesurvey.co.uk/id/4000000074551318,http://www.ordnancesurvey.co.uk/xml/codelists/localtype.xml#town,Fenland,http://data.ordnancesurvey.co.uk/id/7000000000001357,http://data.ordnancesurvey.co.uk/ontology/admingeo/District,Cambridgeshire,http://data.ordnancesurvey.co.uk/id/7000000000001386,http://data.ordnancesurvey.co.uk/ontology/admingeo/County,Eastern,http://data.ordnancesurvey.co.uk/id/7000000000041425,England,http://data.ordnancesurvey.co.uk/id/country/england,,,
PE131BJ,http://data.ordnancesurvey.co.uk/id/postcodeunit/PE131BJ,PE13 1BJ,,,,other,Postcode,546321,309615,3500,18000,,,,,,,Wisbech,http://data.ordnancesurvey.co.uk/id/4000000074551318,http://www.ordnancesurvey.co.uk/xml/codelists/localtype.xml#town,Fenland,http://data.ordnancesurvey.co.uk/id/7000000000001357,http://data.ordnancesurvey.co.uk/ontology/admingeo/District,Cambridgeshire,http://data.ordnancesurvey.co.uk/id/7000000000001386,http://data.ordnancesurvey.co.uk/ontology/admingeo/County,Eastern,http://data.ordnancesurvey.co.uk/id/7000000000041425,England,http://data.ordnancesurvey.co.uk/id/country/england,,,
PE148BB,http://data.ordnancesurvey.co.uk/id/postcodeunit/PE148BB,PE14 8BB,,,,other,Postcode,549938,306286,3500,18000,,,,,,,Emneth,http://data.ordnancesurvey.co.uk/id/4000000074550948,http://www.ordnancesurvey.co.uk/xml/codelists/localtype.xml#village,King's Lynn and West Norfolk,http://data.ordnancesurvey.co.uk/id/7000000000007016,http://data.ordnancesurvey.co.uk/ontology/admingeo/District,Norfolk,http://data.ordnancesurvey.co.uk/id/7000000000007238,http://data.ordnancesurvey.co.uk/ontology/admingeo/County,Eastern,http://data.ordnancesurvey.co.uk/id/7000000000041425,England,http://data.ordnancesurvey.co.uk/id/country/england,,,
PE147DF,http://data.ordnancesurvey.co.uk/id/postcodeunit/PE147DF,PE14 7DF,,,,other,Postcode,549322,313279,3500,18000,,,,,,,Walton Highway,http://data.ordnancesurvey.co.uk/id/4000000074552040,http://www.ordnancesurvey.co.uk/xml/codelists/localtype.xml#village,King's Lynn and West Norfolk,http://data.ordnancesurvey.co.uk/id/7000000000007016,http://data.ordnancesurvey.co.uk/ontology/admingeo/District,Norfolk,http://data.ordnancesurvey.co.uk/id/7000000000007238,http://data.ordnancesurvey.co.uk/ontology/admingeo/County,Eastern,http://data.ordnancesurvey.co.uk/id/7000000000041425,England,http://data.ordnancesurvey.co.uk/id/country/england,,,
PE344XJ,http://data.ordnancesurvey.co.uk/id/postcodeunit/PE344XJ,PE34 4XJ,,,,other,Postcode,557512,319578,3500,18000,,,,,,,Clenchwarton,http://data.ordnancesurvey.co.uk/id/4000000074548398,http://www.ordnancesurvey.co.uk/xml/codelists/localtype.xml#village,King's Lynn and West Norfolk,http://data.ordnancesurvey.co.uk/id/7000000000007016,http://data.ordnancesurvey.co.uk/ontology/admingeo/District,Norfolk,http://data.ordnancesurvey.co.uk/id/7000000000007238,http://data.ordnancesurvey.co.uk/ontology/admingeo/County,Eastern,http://data.ordnancesurvey.co.uk/id/7000000000041425,England,http://data.ordnancesurvey.co.uk/id/country/england,,,
PE140BL,http://data.ordnancesurvey.co.uk/id/postcodeunit/PE140BL,PE14 0BL,,,,other,Postcode,546833,306544,3500,18000,,,,,,,Elm,http://data.ordnancesurvey.co.uk/id/4000000074341528,http://www.ordnancesurvey.co.uk/xml/codelists/localtype.xml#village,Fenland,http://data.ordnancesurvey.co.uk/id/7000000000001357,http://data.ordnancesurvey.co.uk/ontology/admingeo/District,Cambridgeshire,http://data.ordnancesurvey.co.uk/id/7000000000001386,http://data.ordnancesurvey.co.uk/ontology/admingeo/County,Eastern,http://data.ordnancesurvey.co.uk/id/7000000000041425,England,http://data.ordnancesurvey.co.uk/id/country/england,,,
PE147QL,http://data.ordnancesurvey.co.uk/id/postcodeunit/PE147QL,PE14 7QL,,,,other,Postcode,551397,314742,3500,18000,,,,,,,,,,King's Lynn and West Norfolk,http://data.ordnancesurvey.co.uk/id/7000000000007016,http://data.ordnancesurvey.co.uk/ontology/admingeo/District,Norfolk,http://data.ordnancesurvey.co.uk/id/7000000000007238,http://data.ordnancesurvey.co.uk/ontology/admingeo/County,Eastern,http://data.ordnancesurvey.co.uk/id/7000000000041425,England,http://data.ordnancesurvey.co.uk/id/country/england,,,
PE131PY,http://data.ordnancesurvey.co.uk/id/postcodeunit/PE131PY,PE13 1PY,,,,other,Postcode,545525,310972,3500,18000,,,,,,,Wisbech,http://data.ordnancesurvey.co.uk/id/4000000074551318,http://www.ordnancesurvey.co.uk/xml/codelists/localtype.xml#town,Fenland,http://data.ordnancesurvey.co.uk/id/7000000000001357,http://data.ordnancesurvey.co.uk/ontology/admingeo/District,Cambridgeshire,http://data.ordnancesurvey.co.uk/id/7000000000001386,http://data.ordnancesurvey.co.uk/ontology/admingeo/County,Eastern,http://data.ordnancesurvey.co.uk/id/7000000000041425,England,http://data.ordnancesurvey.co.uk/id/country/england,,,
PE133LX,http://data.ordnancesurvey.co.uk/id/postcodeunit/PE133LX,PE13 3LX,,,,other,Postcode,547303,310136,3500,18000,,,,,,,Wisbech,http://data.ordnancesurvey.co.uk/id/4000000074551318,http://www.ordnancesurvey.co.uk/xml/codelists/localtype.xml#town,Fenland,http://data.ordnancesurvey.co.uk/id/7000000000001357,http://data.ordnancesurvey.co.uk/ontology/admingeo/District,Cambridgeshire,http://data.ordnancesurvey.co.uk/id/7000000000001386,http://data.ordnancesurvey.co.uk/ontology/admingeo/County,Eastern,http://data.ordnancesurvey.co.uk/id/7000000000041425,England,http://data.ordnancesurvey.co.uk/id/country/england,,,
PE147NT,http://data.ordnancesurvey.co.uk/id/postcodeunit/PE147NT,PE14 7NT,,,,other,Postcode,550036,316663,3500,18000,,,,,,,Walpole St Peter,http://data.ordnancesurvey.co.uk/id/4000000074550943,http://www.ordnancesurvey.co.uk/xml/codelists/localtype.xml#village,King's Lynn and West Norfolk,http://data.ordnancesurvey.co.uk/id/7000000000007016,http://data.ordnancesurvey.co.uk/ontology/admingeo/District,Norfolk,http://data.ordnancesurvey.co.uk/id/7000000000007238,http://data.ordnancesurvey.co.uk/ontology/admingeo/County,Eastern,http://data.ordnancesurvey.co.uk/id/7000000000041425,England,http://data.ordnancesurvey.co.uk/id/country/england,,,
PE134TN,http://data.ordnancesurvey.co.uk/id/postcodeunit/PE134TN,PE13 4TN,,,,other,Postcode,543299,309078,3500,18000,,,,,,,,,,Fenland,http://data.ordnancesurvey.co.uk/id/7000000000001357,http://data.ordnancesurvey.co.uk/ontology/admingeo/District,Cambridgeshire,http://data.ordnancesurvey.co.uk/id/7000000000001386,http://data.ordnancesurvey.co.uk/ontology/admingeo/County,Eastern,http://data.ordnancesurvey.co.uk/id/7000000000041425,England,http://data.ordnancesurvey.co.uk/id/country/england,,,
PE133RL,http://data.ordnancesurvey.co.uk/id/postcodeunit/PE133RL,PE13 3RL,,,,other,Postcode,547557,310724,3500,18000,,,,,,,Wisbech,http://data.ordnancesurvey.co.uk/id/4000000074551318,http://www.ordnancesurvey.co.uk/xml/codelists/localtype.xml#town,Fenland,http://data.ordnancesurvey.co.uk/id/7000000000001357,http://data.ordnancesurvey.co.uk/ontology/admingeo/District,Cambridgeshire,http://data.ordnancesurvey.co.uk/id/7000000000001386,http://data.ordnancesurvey.co.uk/ontology/admingeo/County,Eastern,http://data.ordnancesurvey.co.uk/id/7000000000041425,England,http://data.ordnancesurvey.co.uk/id/country/england,,,
PE135ER,http://data.ordnancesurvey.co.uk/id/postcodeunit/PE135ER,PE13 5ER,,,,other,Postcode,544199,313631,3500,18000,,,,,,,,,,Fenland,http://data.ordnancesurvey.co.uk/id/7000000000001357,http://data.ordnancesurvey.co.uk/ontology/admingeo/District,Cambridgeshire,http://data.ordnancesurvey.co.uk/id/7000000000001386,http://data.ordnancesurvey.co.uk/ontology/admingeo/County,Eastern,http://data.ordnancesurvey.co.uk/id/7000000000041425,England,http://data.ordnancesurvey.co.uk/id/country/england,,,
PE344SQ,http://data.ordnancesurvey.co.uk/id/postcodeunit/PE344SQ,PE34 4SQ,,,,other,Postcode,558458,316140,3500,18000,,,,,,,,,,King's Lynn and West Norfolk,http://data.ordnancesurvey.co.uk/id/7000000000007016,http://data.ordnancesurvey.co.uk/ontology/admingeo/District,Norfolk,http://data.ordnancesurvey.co.uk/id/7000000000007238,http://data.ordnancesurvey.co.uk/ontology/admingeo/County,Eastern,http://data.ordnancesurvey.co.uk/id/7000000000041425,England,http://data.ordnancesurvey.co.uk/id/country/england,,,
PE343AX,http://data.ordnancesurvey.co.uk/id/postcodeunit/PE343AX,PE34 3AX,,,,other,Postcode,559351,313442,3500,18000,,,,,,,Wiggenhall St Germans,http://data.ordnancesurvey.co.uk/id/4000000074550213,http://www.ordnancesurvey.co.uk/xml/codelists/localtype.xml#village,King's Lynn and West Norfolk,http://data.ordnancesurvey.co.uk/id/7000000000007016,http://data.ordnancesurvey.co.uk/ontology/admingeo/District,Norfolk,http://data.ordnancesurvey.co.uk/id/7000000000007238,http://data.ordnancesurvey.co.uk/ontology/admingeo/County,Eastern,http://data.ordnancesurvey.co.uk/id/7000000000041425,England,http://data.ordnancesurvey.co.uk/id/country/england,,,
PE148DZ,http://data.ordnancesurvey.co.uk/id/postcodeunit/PE148DZ,PE14 8DZ,,,,other,Postcode,550036,308325,3500,18000,,,,,,,,,,King's Lynn and West Norfolk,http://data.ordnancesurvey.co.uk/id/7000000000007016,http://data.ordnancesurvey.co.uk/ontology/admingeo/District,Norfolk,http://data.ordnancesurvey.co.uk/id/7000000000007238,http://data.ordnancesurvey.co.uk/ontology/admingeo/County,Eastern,http://data.ordnancesurvey.co.uk/id/7000000000041425,England,http://data.ordnancesurvey.co.uk/id/country/england,,,
PE147AQ,http://data.ordnancesurvey.co.uk/id/postcodeunit/PE147AQ,PE14 7AQ,,,,other,Postcode,547317,311617,3500,18000,,,,,,,,,,King's Lynn and West Norfolk,http://data.ordnancesurvey.co.uk/id/7000000000007016,http://data.ordnancesurvey.co.uk/ontology/admingeo/District,Norfolk,http://data.ordnancesurvey.co.uk/id/7000000000007238,http://data.ordnancesurvey.co.uk/ontology/admingeo/County,Eastern,http://data.ordnancesurvey.co.uk/id/7000000000041425,England,http://data.ordnancesurvey.co.uk/id/country/england,,,
PE135HN,http://data.ordnancesurvey.co.uk/id/postcodeunit/PE135HN,PE13 5HN,,,,other,Postcode,543507,315000,3500,18000,,,,,,,Newton-in-the-Isle,http://data.ordnancesurvey.co.uk/id/4000000074548769,http://www.ordnancesurvey.co.uk/xml/codelists/localtype.xml#village,Fenland,http://data.ordnancesurvey.co.uk/id/7000000000001357,http://data.ordnancesurvey.co.uk/ontology/admingeo/District,Cambridgeshire,http://data.ordnancesurvey.co.uk/id/7000000000001386,http://data.ordnancesurvey.co.uk/ontology/admingeo/County,Eastern,http://data.ordnancesurvey.co.uk/id/7000000000041425,England,http://data.ordnancesurvey.co.uk/id/country/england,,,
PE148AU,http://data.ordnancesurvey.co.uk/id/postcodeunit/PE148AU,PE14 8AU,,,,other,Postcode,549655,307041,3500,18000,,,,,,,Emneth,http://data.ordnancesurvey.co.uk/id/4000000074550948,http://www.ordnancesurvey.co.uk/xml/codelists/localtype.xml#village,King's Lynn and West Norfolk,http://data.ordnancesurvey.co.uk/id/7000000000007016,http://data.ordnancesurvey.co.uk/ontology/admingeo/District,Norfolk,http://data.ordnancesurvey.co.uk/id/7000000000007238,http://data.ordnancesurvey.co.uk/ontology/admingeo/County,Eastern,http://data.ordnancesurvey.co.uk/id/7000000000041425,England,http://data.ordnancesurvey.co.uk/id/country/england,,,
PE140AQ,http://data.ordnancesurvey.co.uk/id/postcodeunit/PE140AQ,PE14 0AQ,,,,other,Postcode,546706,306692,3500,18000,,,,,,,Elm,http://data.ordnancesurvey.co.uk/id/4000000074341528,http://www.ordnancesurvey.co.uk/xml/codelists/localtype.xml#village,Fenland,http://data.ordnancesurvey.co.uk/id/7000000000001357,http://data.ordnancesurvey.co.uk/ontology/admingeo/District,Cambridgeshire,http://data.ordnancesurvey.co.uk/id/7000000000001386,http://data.ordnancesurvey.co.uk/ontology/admingeo/County,Eastern,http://data.ordnancesurvey.co.uk/id/7000000000041425,England,http://data.ordnancesurvey.co.uk/id/country/england,,,
PE148QP,http://data.ordnancesurvey.co.uk/id/postcodeunit/PE148QP,PE14 8QP,,,,other,Postcode,551283,304218,3500,18000,,,,,,,Outwell,http://data.ordnancesurvey.co.uk/id/4000000074548389,http://www.ordnancesurvey.co.uk/xml/codelists/localtype.xml#village,King's Lynn and West Norfolk,http://data.ordnancesurvey.co.uk/id/7000000000007016,http://data.ordnancesurvey.co.uk/ontology/admingeo/District,Norfolk,http://data.ordnancesurvey.co.uk/id/7000000000007238,http://data.ordnancesurvey.co.uk/ontology/admingeo/County,Eastern,http://data.ordnancesurvey.co.uk/id/7000000000041425,England,http://data.ordnancesurvey.co.uk/id/country/england,,,
PE380AP,http://data.ordnancesurvey.co.uk/id/postcodeunit/PE380AP,PE38 0AP,,,,other,Postcode,555820,303565,3500,18000,,,,,,,,,,King's Lynn and West Norfolk,http://data.ordnancesurvey.co.uk/id/7000000000007016,http://data.ordnancesurvey.co.uk/ontology/admingeo/District,Norfolk,http://data.ordnancesurvey.co.uk/id/7000000000007238,http://data.ordnancesurvey.co.uk/ontology/admingeo/County,Eastern,http://data.ordnancesurvey.co.uk/id/7000000000041425,England,http://data.ordnancesurvey.co.uk/id/country/england,,,
PE132SD,http://data.ordnancesurvey.co.uk/id/postcodeunit/PE132SD,PE13 2SD,,,,other,Postcode,546680,308615,3500,18000,,,,,,,Wisbech,http://data.ordnancesurvey.co.uk/id/4000000074551318,http://www.ordnancesurvey.co.uk/xml/codelists/localtype.xml#town,Fenland,http://data.ordnancesurvey.co.uk/id/7000000000001357,http://data.ordnancesurvey.co.uk/ontology/admingeo/District,Cambridgeshire,http://data.ordnancesurvey.co.uk/id/7000000000001386,http://data.ordnancesurvey.co.uk/ontology/admingeo/County,Eastern,http://data.ordnancesurvey.co.uk/id/7000000000041425,England,http://data.ordnancesurvey.co.uk/id/country/england,,,
PE344TF,http://data.ordnancesurvey.co.uk/id/postcodeunit/PE344TF,PE34 4TF,,,,other,Postcode,557440,314654,3500,18000,,,,,,,,,,King's Lynn and West Norfolk,http://data.ordnancesurvey.co.uk/id/7000000000007016,http://data.ordnancesurvey.co.uk/ontology/admingeo/District,Norfolk,http://data.ordnancesurvey.co.uk/id/7000000000007238,http://data.ordnancesurvey.co.uk/ontology/admingeo/County,Eastern,http://data.ordnancesurvey.co.uk/id/7000000000041425,England,http://data.ordnancesurvey.co.uk/id/country/england,,,
PE131LX,http://data.ordnancesurvey.co.uk/id/postcodeunit/PE131LX,PE13 1LX,,,,other,Postcode,545328,309214,3500,18000,,,,,,,Wisbech,http://data.ordnancesurvey.co.uk/id/4000000074551318,http://www.ordnancesurvey.co.uk/xml/codelists/localtype.xml#town,Fenland,http://data.ordnancesurvey.co.uk/id/7000000000001357,http://data.ordnancesurvey.co.uk/ontology/admingeo/District,Cambridgeshire,http://data.ordnancesurvey.co.uk/id/7000000000001386,http://data.ordnancesurvey.co.uk/ontology/admingeo/County,Eastern,http://data.ordnancesurvey.co.uk/id/7000000000041425,England,http://data.ordnancesurvey.co.uk/id/country/england,,,
PE135ED,http://data.ordnancesurvey.co.uk/id/postcodeunit/PE135ED,PE13 5ED,,,,other,Postcode,545091,311174,3500,18000,,,,,,,Wisbech,http://data.ordnancesurvey.co.uk/id/4000000074551318,http://www.ordnancesurvey.co.uk/xml/codelists/localtype.xml#town,Fenland,http://data.ordnancesurvey.co.uk/id/7000000000001357,http://data.ordnancesurvey.co.uk/ontology/admingeo/District,Cambridgeshire,http://data.ordnancesurvey.co.uk/id/7000000000001386,http://data.ordnancesurvey.co.uk/ontology/admingeo/County,Eastern,http://data.ordnancesurvey.co.uk/id/7000000000041425,England,http://data.ordnancesurvey.co.uk/id/country/england,,,
PE135AS,http://data.ordnancesurvey.co.uk/id/postcodeunit/PE135AS,PE13 5AS,,,,other,Postcode,544331,311445,3500,18000,,,,,,,Leverington,http://data.ordnancesurvey.co.uk/id/4000000074551313,http://www.ordnancesurvey.co.uk/xml/codelists/localtype.xml#village,Fenland,http://data.ordnancesurvey.co.uk/id/7000000000001357,http://data.ordnancesurvey.co.uk/ontology/admingeo/District,Cambridgeshire,http://data.ordnancesurvey.co.uk/id/7000000000001386,http://data.ordnancesurvey.co.uk/ontology/admingeo/County,Eastern,http://data.ordnancesurvey.co.uk/id/7000000000041425,England,http://data.ordnancesurvey.co.uk/id/country/england,,,
PE343EQ,http://data.ordnancesurvey.co.uk/id/postcodeunit/PE343EQ,PE34 3EQ,,,,other,Postcode,558456,313877,3500,18000,,,,,,,Wiggenhall St Mary the Virgin,http://data.ordnancesurvey.co.uk/id/4000000074550574,http://www.ordnancesurvey.co.uk/xml/codelists/localtype.xml#village,King's Lynn and West Norfolk,http://data.ordnancesurvey.co.uk/id/7000000000007016,http://data.ordnancesurvey.co.uk/ontology/admingeo/District,Norfolk,http://data.ordnancesurvey.co.uk/id/7000000000007238,http://data.ordnancesurvey.co.uk/ontology/admingeo/County,Eastern,http://data.ordnancesurvey.co.uk/id/7000000000041425,England,http://data.ordnancesurvey.co.uk/id/country/england,,,
PE147JQ,http://data.ordnancesurvey.co.uk/id/postcodeunit/PE147JQ,PE14 7JQ,,,,other,Postcode,549943,316540,3500,18000,,,,,,,,,,King's Lynn and West Norfolk,http://data.ordnancesurvey.co.uk/id/7000000000007016,http://data.ordnancesurvey.co.uk/ontology/admingeo/District,Norfolk,http://data.ordnancesurvey.co.uk/id/7000000000007238,http://data.ordnancesurvey.co.uk/ontology/admingeo/County,Eastern,http://data.ordnancesurvey.co.uk/id/7000000000041425,England,http://data.ordnancesurvey.co.uk/id/country/england,,,
PE344SS,http://data.ordnancesurvey.co.uk/id/postcodeunit/PE344SS,PE34 4SS,,,,other,Postcode,556189,319603,3500,18000,,,,,,,,,,King's Lynn and West Norfolk,http://data.ordnancesurvey.co.uk/id/7000000000007016,http://data.ordnancesurvey.co.uk/ontology/admingeo/District,Norfolk,http://data.ordnancesurvey.co.uk/id/7000000000007238,http://data.ordnancesurvey.co.uk/ontology/admingeo/County,Eastern,http://data.ordnancesurvey.co.uk/id/7000000000041425,England,http://data.ordnancesurvey.co.uk/id/country/england,,,
PE344PS,http://data.ordnancesurvey.co.uk/id/postcodeunit/PE344PS,PE34 4PS,,,,other,Postcode,554371,317759,3500,18000,,,,,,,,,,King's Lynn and West Norfolk,http://data.ordnancesurvey.co.uk/id/7000000000007016,http://data.ordnancesurvey.co.uk/ontology/admingeo/District,Norfolk,http://data.ordnancesurvey.co.uk/id/7000000000007238,http://data.ordnancesurvey.co.uk/ontology/admingeo/County,Eastern,http://data.ordnancesurvey.co.uk/id/7000000000041425,England,http://data.ordnancesurvey.co.uk/id/country/england,,,
PE133PJ,http://data.ordnancesurvey.co.uk/id/postcodeunit/PE133PJ,PE13 3PJ,,,,other,Postcode,546412,311028,3500,18000,,,,,,,Wisbech,http://data.ordnancesurvey.co.uk/id/4000000074551318,http://www.ordnancesurvey.co.uk/xml/codelists/localtype.xml#town,Fenland,http://data.ordnancesurvey.co.uk/id/7000000000001357,http://data.ordnancesurvey.co.uk/ontology/admingeo/District,Cambridgeshire,http://data.ordnancesurvey.co.uk/id/7000000000001386,http://data.ordnancesurvey.co.uk/ontology/admingeo/County,Eastern,http://data.ordnancesurvey.co.uk/id/7000000000041425,England,http://data.ordnancesurvey.co.uk/id/country/england,,,
PE147HS,http://data.ordnancesurvey.co.uk/id/postcodeunit/PE147HS,PE14 7HS,,,,other,Postcode,549764,316606,3500,18000,,,,,,,Walpole St Peter,http://data.ordnancesurvey.co.uk/id/4000000074550943,http://www.ordnancesurvey.co.uk/xml/codelists/localtype.xml#village,King's Lynn and West Norfolk,http://data.ordnancesurvey.co.uk/id/7000000000007016,http://data.ordnancesurvey.co.uk/ontology/admingeo/District,Norfolk,http://data.ordnancesurvey.co.uk/id/7000000000007238,http://data.ordnancesurvey.co.uk/ontology/admingeo/County,Eastern,http://data.ordnancesurvey.co.uk/id/7000000000041425,England,http://data.ordnancesurvey.co.uk/id/country/england,,,
PE132BE,http://data.ordnancesurvey.co.uk/id/postcodeunit/PE132BE,PE13 2BE,,,,other,Postcode,546651,309570,3500,18000,,,,,,,Wisbech,http://data.ordnancesurvey.co.uk/id/4000000074551318,http://www.ordnancesurvey.co.uk/xml/codelists/localtype.xml#town,Fenland,http://data.ordnancesurvey.co.uk/id/7000000000001357,http://data.ordnancesurvey.co.uk/ontology/admingeo/District,Cambridgeshire,http://data.ordnancesurvey.co.uk/id/7000000000001386,http://data.ordnancesurvey.co.uk/ontology/admingeo/County,Eastern,http://data.ordnancesurvey.co.uk/id/7000000000041425,England,http://data.ordnancesurvey.co.uk/id/country/england,,,
PE132FD,http://data.ordnancesurvey.co.uk/id/postcodeunit/PE132FD,PE13 2FD,,,,other,Postcode,546536,308951,3500,18000,,,,,,,Wisbech,http://data.ordnancesurvey.co.uk/id/4000000074551318,http://www.ordnancesurvey.co.uk/xml/codelists/localtype.xml#town,Fenland,http://data.ordnancesurvey.co.uk/id/7000000000001357,http://data.ordnancesurvey.co.uk/ontology/admingeo/District,Cambridgeshire,http://data.ordnancesurvey.co.uk/id/7000000000001386,http://data.ordnancesurvey.co.uk/ontology/admingeo/County,Eastern,http://data.ordnancesurvey.co.uk/id/7000000000041425,England,http://data.ordnancesurvey.co.uk/id/country/england,,,
PE132SL,http://data.ordnancesurvey.co.uk/id/postcodeunit/PE132SL,PE13 2SL,,,,other,Postcode,547205,308379,3500,18000,,,,,,,Wisbech,http://data.ordnancesurvey.co.uk/id/4000000074551318,http://www.ordnancesurvey.co.uk/xml/codelists/localtype.xml#town,Fenland,http://data.ordnancesurvey.co.uk/id/7000000000001357,http://data.ordnancesurvey.co.uk/ontology/admingeo/District,Cambridgeshire,http://data.ordnancesurvey.co.uk/id/7000000000001386,http://data.ordnancesurvey.co.uk/ontology/admingeo/County,Eastern,http://data.ordnancesurvey.co.uk/id/7000000000041425,England,http://data.ordnancesurvey.co.uk/id/country/england,,,
PE133RY,http://data.ordnancesurvey.co.uk/id/postcodeunit/PE133RY,PE13 3RY,,,,other,Postcode,547671,310864,3500,18000,,,,,,,Wisbech,http://data.ordnancesurvey.co.uk/id/4000000074551318,http://www.ordnancesurvey.co.uk/xml/codelists/localtype.xml#town,Fenland,http://data.ordnancesurvey.co.uk/id/7000000000001357,http://data.ordnancesurvey.co.uk/ontology/admingeo/District,Cambridgeshire,http://data.ordnancesurvey.co.uk/id/7000000000001386,http://data.ordnancesurvey.co.uk/ontology/admingeo/County,Eastern,http://data.ordnancesurvey.co.uk/id/7000000000041425,England,http://data.ordnancesurvey.co.uk/id/country/england,,,
PE133TN,http://data.ordnancesurvey.co.uk/id/postcodeunit/PE133TN,PE13 3TN,,,,other,Postcode,547266,309902,3500,18000,,,,,,,Wisbech,http://data.ordnancesurvey.co.uk/id/4000000074551318,http://www.ordnancesurvey.co.uk/xml/codelists/localtype.xml#town,Fenland,http://data.ordnancesurvey.co.uk/id/7000000000001357,http://data.ordnancesurvey.co.uk/ontology/admingeo/District,Cambridgeshire,http://data.ordnancesurvey.co.uk/id/7000000000001386,http://data.ordnancesurvey.co.uk/ontology/admingeo/County,Eastern,http://data.ordnancesurvey.co.uk/id/7000000000041425,England,http://data.ordnancesurvey.co.uk/id/country/england,,,
PE133FB,http://data.ordnancesurvey.co.uk/id/postcodeunit/PE133FB,PE13 3FB,,,,other,Postcode,547184,311029,3500,18000,,,,,,,Wisbech,http://data.ordnancesurvey.co.uk/id/4000000074551318,http://www.ordnancesurvey.co.uk/xml/codelists/localtype.xml#town,Fenland,http://data.ordnancesurvey.co.uk/id/7000000000001357,http://data.ordnancesurvey.co.uk/ontology/admingeo/District,Cambridgeshire,http://data.ordnancesurvey.co.uk/id/7000000000001386,http://data.ordnancesurvey.co.uk/ontology/admingeo/County,Eastern,http://data.ordnancesurvey.co.uk/id/7000000000041425,England,http://data.ordnancesurvey.co.uk/id/country/england,,,
PE149AW,http://data.ordnancesurvey.co.uk/id/postcodeunit/PE149AW,PE14 9AW,,,,other,Postcode,549733,303221,3500,18000,,,,,,,,,,King's Lynn and West Norfolk,http://data.ordnancesurvey.co.uk/id/7000000000007016,http://data.ordnancesurvey.co.uk/ontology/admingeo/District,Norfolk,http://data.ordnancesurvey.co.uk/id/7000000000007238,http://data.ordnancesurvey.co.uk/ontology/admingeo/County,Eastern,http://data.ordnancesurvey.co.uk/id/7000000000041425,England,http://data.ordnancesurvey.co.uk/id/country/england,,,
PE135LT,http://data.ordnancesurvey.co.uk/id/postcodeunit/PE135LT,PE13 5LT,,,,other,Postcode,542132,316601,3500,18000,,,,,,,Tydd St Giles,http://data.ordnancesurvey.co.uk/id/4000000074548770,http://www.ordnancesurvey.co.uk/xml/codelists/localtype.xml#village,Fenland,http://data.ordnancesurvey.co.uk/id/7000000000001357,http://data.ordnancesurvey.co.uk/ontology/admingeo/District,Cambridgeshire,http://data.ordnancesurvey.co.uk/id/7000000000001386,http://data.ordnancesurvey.co.uk/ontology/admingeo/County,Eastern,http://data.ordnancesurvey.co.uk/id/7000000000041425,England,http://data.ordnancesurvey.co.uk/id/country/england,,,
PE131NR,http://data.ordnancesurvey.co.uk/id/postcodeunit/PE131NR,PE13 1NR,,,,other,Postcode,546052,309871,3500,18000,,,,,,,Wisbech,http://data.ordnancesurvey.co.uk/id/4000000074551318,http://www.ordnancesurvey.co.uk/xml/codelists/localtype.xml#town,Fenland,http://data.ordnancesurvey.co.uk/id/7000000000001357,http://data.ordnancesurvey.co.uk/ontology/admingeo/District,Cambridgeshire,http://data.ordnancesurvey.co.uk/id/7000000000001386,http://data.ordnancesurvey.co.uk/ontology/admingeo/County,Eastern,http://data.ordnancesurvey.co.uk/id/7000000000041425,England,http://data.ordnancesurvey.co.uk/id/country/england,,,
PE344RW,http://data.ordnancesurvey.co.uk/id/postcodeunit/PE344RW,PE34 4RW,,,,other,Postcode,555295,318347,3500,18000,,,,,,,Shepherds' Gate,http://data.ordnancesurvey.co.uk/id/4000000074543173,http://www.ordnancesurvey.co.uk/xml/codelists/localtype.xml#otherSettlement,King's Lynn and West Norfolk,http://data.ordnancesurvey.co.uk/id/7000000000007016,http://data.ordnancesurvey.co.uk/ontology/admingeo/District,Norfolk,http://data.ordnancesurvey.co.uk/id/7000000000007238,http://data.ordnancesurvey.co.uk/ontology/admingeo/County,Eastern,http://data.ordnancesurvey.co.uk/id/7000000000041425,England,http://data.ordnancesurvey.co.uk/id/country/england,,,
PE134RZ,http://data.ordnancesurvey.co.uk/id/postcodeunit/PE134RZ,PE13 4RZ,,,,other,Postcode,540881,308631,3500,18000,,,,,,,,,,Fenland,http://data.ordnancesurvey.co.uk/id/7000000000001357,http://data.ordnancesurvey.co.uk/ontology/admingeo/District,Cambridgeshire,http://data.ordnancesurvey.co.uk/id/7000000000001386,http://data.ordnancesurvey.co.uk/ontology/admingeo/County,Eastern,http://data.ordnancesurvey.co.uk/id/7000000000041425,England,http://data.ordnancesurvey.co.uk/id/country/england,,,
PE133HY,http://data.ordnancesurvey.co.uk/id/postcodeunit/PE133HY,PE13 3HY,,,,other,Postcode,546850,310552,3500,18000,,,,,,,Wisbech,http://data.ordnancesurvey.co.uk/id/4000000074551318,http://www.ordnancesurvey.co.uk/xml/codelists/localtype.xml#town,Fenland,http://data.ordnancesurvey.co.uk/id/7000000000001357,http://data.ordnancesurvey.co.uk/ontology/admingeo/District,Cambridgeshire,http://data.ordnancesurvey.co.uk/id/7000000000001386,http://data.ordnancesurvey.co.uk/ontology/admingeo/County,Eastern,http://data.ordnancesurvey.co.uk/id/7000000000041425,England,http://data.ordnancesurvey.co.uk/id/country/england,,,
PE147EB,http://data.ordnancesurvey.co.uk/id/postcodeunit/PE147EB,PE14 7EB,,,,other,Postcode,549103,313273,3500,18000,,,,,,,Walton Highway,http://data.ordnancesurvey.co.uk/id/4000000074552040,http://www.ordnancesurvey.co.uk/xml/codelists/localtype.xml#village,King's Lynn and West Norfolk,http://data.ordnancesurvey.co.uk/id/7000000000007016,http://data.ordnancesurvey.co.uk/ontology/admingeo/District,Norfolk,http://data.ordnancesurvey.co.uk/id/7000000000007238,http://data.ordnancesurvey.co.uk/ontology/admingeo/County,Eastern,http://data.ordnancesurvey.co.uk/id/7000000000041425,England,http://data.ordnancesurvey.co.uk/id/country/england,,,
PE135JL,http://data.ordnancesurvey.co.uk/id/postcodeunit/PE135JL,PE13 5JL,,,,other,Postcode,540813,308730,3500,18000,,,,,,,,,,Fenland,http://data.ordnancesurvey.co.uk/id/7000000000001357,http://data.ordnancesurvey.co.uk/ontology/admingeo/District,Cambridgeshire,http://data.ordnancesurvey.co.uk/id/7000000000001386,http://data.ordnancesurvey.co.uk/ontology/admingeo/County,Eastern,http://data.ordnancesurvey.co.uk/id/7000000000041425,England,http://data.ordnancesurvey.co.uk/id/country/england,,,
PE129AP,http://data.ordnancesurvey.co.uk/id/postcodeunit/PE129AP,PE12 9AP,,,,other,Postcode,542588,319649,3500,18000,,,,,,,,,,South Holland,http://data.ordnancesurvey.co.uk/id/7000000000005599,http://data.ordnancesurvey.co.uk/ontology/admingeo/District,Lincolnshire,http://data.ordnancesurvey.co.uk/id/7000000000005942,http://data.ordnancesurvey.co.uk/ontology/admingeo/County,East Midlands,http://data.ordnancesurvey.co.uk/id/7000000000041423,England,http://data.ordnancesurvey.co.uk/id/country/england,,,
PE140BW,http://data.ordnancesurvey.co.uk/id/postcodeunit/PE140BW,PE14 0BW,,,,other,Postcode,546850,306595,3500,18000,,,,,,,Elm,http://data.ordnancesurvey.co.uk/id/4000000074341528,http://www.ordnancesurvey.co.uk/xml/codelists/localtype.xml#village,Fenland,http://data.ordnancesurvey.co.uk/id/7000000000001357,http://data.ordnancesurvey.co.uk/ontology/admingeo/District,Cambridgeshire,http://data.ordnancesurvey.co.uk/id/7000000000001386,http://data.ordnancesurvey.co.uk/ontology/admingeo/County,Eastern,http://data.ordnancesurvey.co.uk/id/7000000000041425,England,http://data.ordnancesurvey.co.uk/id/country/england,,,
PE131DB,http://data.ordnancesurvey.co.uk/id/postcodeunit/PE131DB,PE13 1DB,,,,other,Postcode,546142,309643,3500,18000,,,,,,,Wisbech,http://data.ordnancesurvey.co.uk/id/4000000074551318,http://www.ordnancesurvey.co.uk/xml/codelists/localtype.xml#town,Fenland,http://data.ordnancesurvey.co.uk/id/7000000000001357,http://data.ordnancesurvey.co.uk/ontology/admingeo/District,Cambridgeshire,http://data.ordnancesurvey.co.uk/id/7000000000001386,http://data.ordnancesurvey.co.uk/ontology/admingeo/County,Eastern,http://data.ordnancesurvey.co.uk/id/7000000000041425,England,http://data.ordnancesurvey.co.uk/id/country/england,,,
PE147DB,http://data.ordnancesurvey.co.uk/id/postcodeunit/PE147DB,PE14 7DB,,,,other,Postcode,549063,312712,3500,18000,,,,,,,Walton Highway,http://data.ordnancesurvey.co.uk/id/4000000074552040,http://www.ordnancesurvey.co.uk/xml/codelists/localtype.xml#village,King's Lynn and West Norfolk,http://data.ordnancesurvey.co.uk/id/7000000000007016,http://data.ordnancesurvey.co.uk/ontology/admingeo/District,Norfolk,http://data.ordnancesurvey.co.uk/id/7000000000007238,http://data.ordnancesurvey.co.uk/ontology/admingeo/County,Eastern,http://data.ordnancesurvey.co.uk/id/7000000000041425,England,http://data.ordnancesurvey.co.uk/id/country/england,,,
PE133DU,http://data.ordnancesurvey.co.uk/id/postcodeunit/PE133DU,PE13 3DU,,,,other,Postcode,547870,310741,3500,18000,,,,,,,Wisbech,http://data.ordnancesurvey.co.uk/id/4000000074551318,http://www.ordnancesurvey.co.uk/xml/codelists/localtype.xml#town,King's Lynn and West Norfolk,http://data.ordnancesurvey.co.uk/id/7000000000007016,http://data.ordnancesurvey.co.uk/ontology/admingeo/District,Norfolk,http://data.ordnancesurvey.co.uk/id/7000000000007238,http://data.ordnancesurvey.co.uk/ontology/admingeo/County,Eastern,http://data.ordnancesurvey.co.uk/id/7000000000041425,England,http://data.ordnancesurvey.co.uk/id/country/england,,,
PE380AY,http://data.ordnancesurvey.co.uk/id/postcodeunit/PE380AY,PE38 0AY,,,,other,Postcode,558849,302150,3500,18000,,,,,,,,,,King's Lynn and West Norfolk,http://data.ordnancesurvey.co.uk/id/7000000000007016,http://data.ordnancesurvey.co.uk/ontology/admingeo/District,Norfolk,http://data.ordnancesurvey.co.uk/id/7000000000007238,http://data.ordnancesurvey.co.uk/ontology/admingeo/County,Eastern,http://data.ordnancesurvey.co.uk/id/7000000000041425,England,http://data.ordnancesurvey.co.uk/id/country/england,,,
PE132AF,http://data.ordnancesurvey.co.uk/id/postcodeunit/PE132AF,PE13 2AF,,,,other,Postcode,546597,309321,3500,18000,,,,,,,Wisbech,http://data.ordnancesurvey.co.uk/id/4000000074551318,http://www.ordnancesurvey.co.uk/xml/codelists/localtype.xml#town,Fenland,http://data.ordnancesurvey.co.uk/id/7000000000001357,http://data.ordnancesurvey.co.uk/ontology/admingeo/District,Cambridgeshire,http://data.ordnancesurvey.co.uk/id/7000000000001386,http://data.ordnancesurvey.co.uk/ontology/admingeo/County,Eastern,http://data.ordnancesurvey.co.uk/id/7000000000041425,England,http://data.ordnancesurvey.co.uk/id/country/england,,,
PE132JJ,http://data.ordnancesurvey.co.uk/id/postcodeunit/PE132JJ,PE13 2JJ,,,,other,Postcode,547253,309224,3500,18000,,,,,,,Wisbech,http://data.ordnancesurvey.co.uk/id/4000000074551318,http://www.ordnancesurvey.co.uk/xml/codelists/localtype.xml#town,Fenland,http://data.ordnancesurvey.co.uk/id/7000000000001357,http://data.ordnancesurvey.co.uk/ontology/admingeo/District,Cambridgeshire,http://data.ordnancesurvey.co.uk/id/7000000000001386,http://data.ordnancesurvey.co.uk/ontology/admingeo/County,Eastern,http://data.ordnancesurvey.co.uk/id/7000000000041425,England,http://data.ordnancesurvey.co.uk/id/country/england,,,
PE140RP,http://data.ordnancesurvey.co.uk/id/postcodeunit/PE140RP,PE14 0RP,,,,other,Postcode,544614,307599,3500,18000,,,,,,,Wisbech,http://data.ordnancesurvey.co.uk/id/4000000074551318,http://www.ordnancesurvey.co.uk/xml/codelists/localtype.xml#town,Fenland,http://data.ordnancesurvey.co.uk/id/7000000000001357,http://data.ordnancesurvey.co.uk/ontology/admingeo/District,Cambridgeshire,http://data.ordnancesurvey.co.uk/id/7000000000001386,http://data.ordnancesurvey.co.uk/ontology/admingeo/County,Eastern,http://data.ordnancesurvey.co.uk/id/7000000000041425,England,http://data.ordnancesurvey.co.uk/id/country/england,,,
PE132FB,http://data.ordnancesurvey.co.uk/id/postcodeunit/PE132FB,PE13 2FB,,,,other,Postcode,546525,308966,3500,18000,,,,,,,Wisbech,http://data.ordnancesurvey.co.uk/id/4000000074551318,http://www.ordnancesurvey.co.uk/xml/codelists/localtype.xml#town,Fenland,http://data.ordnancesurvey.co.uk/id/7000000000001357,http://data.ordnancesurvey.co.uk/ontology/admingeo/District,Cambridgeshire,http://data.ordnancesurvey.co.uk/id/7000000000001386,http://data.ordnancesurvey.co.uk/ontology/admingeo/County,Eastern,http://data.ordnancesurvey.co.uk/id/7000000000041425,England,http://data.ordnancesurvey.co.uk/id/country/england,,,
PE148PP,http://data.ordnancesurvey.co.uk/id/postcodeunit/PE148PP,PE14 8PP,,,,other,Postcode,552393,305107,3500,18000,,,,,,,,,,King's Lynn and West Norfolk,http://data.ordnancesurvey.co.uk/id/7000000000007016,http://data.ordnancesurvey.co.uk/ontology/admingeo/District,Norfolk,http://data.ordnancesurvey.co.uk/id/7000000000007238,http://data.ordnancesurvey.co.uk/ontology/admingeo/County,Eastern,http://data.ordnancesurvey.co.uk/id/7000000000041425,England,http://data.ordnancesurvey.co.uk/id/country/england,,,
PE133PN,http://data.ordnancesurvey.co.uk/id/postcodeunit/PE133PN,PE13 3PN,,,,other,Postcode,546330,311147,3500,18000,,,,,,,Wisbech,http://data.ordnancesurvey.co.uk/id/4000000074551318,http://www.ordnancesurvey.co.uk/xml/codelists/localtype.xml#town,Fenland,http://data.ordnancesurvey.co.uk/id/7000000000001357,http://data.ordnancesurvey.co.uk/ontology/admingeo/District,Cambridgeshire,http://data.ordnancesurvey.co.uk/id/7000000000001386,http://data.ordnancesurvey.co.uk/ontology/admingeo/County,Eastern,http://data.ordnancesurvey.co.uk/id/7000000000041425,England,http://data.ordnancesurvey.co.uk/id/country/england,,,
PE131HG,http://data.ordnancesurvey.co.uk/id/postcodeunit/PE131HG,PE13 1HG,,,,other,Postcode,546082,309594,3500,18000,,,,,,,Wisbech,http://data.ordnancesurvey.co.uk/id/4000000074551318,http://www.ordnancesurvey.co.uk/xml/codelists/localtype.xml#town,Fenland,http://data.ordnancesurvey.co.uk/id/7000000000001357,http://data.ordnancesurvey.co.uk/ontology/admingeo/District,Cambridgeshire,http://data.ordnancesurvey.co.uk/id/7000000000001386,http://data.ordnancesurvey.co.uk/ontology/admingeo/County,Eastern,http://data.ordnancesurvey.co.uk/id/7000000000041425,England,http://data.ordnancesurvey.co.uk/id/country/england,,,
PE133PZ,http://data.ordnancesurvey.co.uk/id/postcodeunit/PE133PZ,PE13 3PZ,,,,other,Postcode,546216,311214,3500,18000,,,,,,,Wisbech,http://data.ordnancesurvey.co.uk/id/4000000074551318,http://www.ordnancesurvey.co.uk/xml/codelists/localtype.xml#town,Fenland,http://data.ordnancesurvey.co.uk/id/7000000000001357,http://data.ordnancesurvey.co.uk/ontology/admingeo/District,Cambridgeshire,http://data.ordnancesurvey.co.uk/id/7000000000001386,http://data.ordnancesurvey.co.uk/ontology/admingeo/County,Eastern,http://data.ordnancesurvey.co.uk/id/7000000000041425,England,http://data.ordnancesurvey.co.uk/id/country/england,,,
PE133ED,http://data.ordnancesurvey.co.uk/id/postcodeunit/PE133ED,PE13 3ED,,,,other,Postcode,546903,310321,3500,18000,,,,,,,Wisbech,http://data.ordnancesurvey.co.uk/id/4000000074551318,http://www.ordnancesurvey.co.uk/xml/codelists/localtype.xml#town,Fenland,http://data.ordnancesurvey.co.uk/id/7000000000001357,http://data.ordnancesurvey.co.uk/ontology/admingeo/District,Cambridgeshire,http://data.ordnancesurvey.co.uk/id/7000000000001386,http://data.ordnancesurvey.co.uk/ontology/admingeo/County,Eastern,http://data.ordnancesurvey.co.uk/id/7000000000041425,England,http://data.ordnancesurvey.co.uk/id/country/england,,,
PE132PQ,http://data.ordnancesurvey.co.uk/id/postcodeunit/PE132PQ,PE13 2PQ,,,,other,Postcode,546130,309169,3500,18000,,,,,,,Wisbech,http://data.ordnancesurvey.co.uk/id/4000000074551318,http://www.ordnancesurvey.co.uk/xml/codelists/localtype.xml#town,Fenland,http://data.ordnancesurvey.co.uk/id/7000000000001357,http://data.ordnancesurvey.co.uk/ontology/admingeo/District,Cambridgeshire,http://data.ordnancesurvey.co.uk/id/7000000000001386,http://data.ordnancesurvey.co.uk/ontology/admingeo/County,Eastern,http://data.ordnancesurvey.co.uk/id/7000000000041425,England,http://data.ordnancesurvey.co.uk/id/country/england,,,
PE133UD,http://data.ordnancesurvey.co.uk/id/postcodeunit/PE133UD,PE13 3UD,,,,other,Postcode,547805,310439,3500,18000,,,,,,,Wisbech,http://data.ordnancesurvey.co.uk/id/4000000074551318,http://www.ordnancesurvey.co.uk/xml/codelists/localtype.xml#town,King's Lynn and West Norfolk,http://data.ordnancesurvey.co.uk/id/7000000000007016,http://data.ordnancesurvey.co.uk/ontology/admingeo/District,Norfolk,http://data.ordnancesurvey.co.uk/id/7000000000007238,http://data.ordnancesurvey.co.uk/ontology/admingeo/County,Eastern,http://data.ordnancesurvey.co.uk/id/7000000000041425,England,http://data.ordnancesurvey.co.uk/id/country/england,,,
PE120HX,http://data.ordnancesurvey.co.uk/id/postcodeunit/PE120HX,PE12 0HX,,,,other,Postcode,540852,319468,3500,18000,,,,,,,,,,South Holland,http://data.ordnancesurvey.co.uk/id/7000000000005599,http://data.ordnancesurvey.co.uk/ontology/admingeo/District,Lincolnshire,http://data.ordnancesurvey.co.uk/id/7000000000005942,http://data.ordnancesurvey.co.uk/ontology/admingeo/County,East Midlands,http://data.ordnancesurvey.co.uk/id/7000000000041423,England,http://data.ordnancesurvey.co.uk/id/country/england,,,
PE133SR,http://data.ordnancesurvey.co.uk/id/postcodeunit/PE133SR,PE13 3SR,,,,other,Postcode,547479,309641,3500,18000,,,,,,,Wisbech,http://data.ordnancesurvey.co.uk/id/4000000074551318,http://www.ordnancesurvey.co.uk/xml/codelists/localtype.xml#town,Fenland,http://data.ordnancesurvey.co.uk/id/7000000000001357,http://data.ordnancesurvey.co.uk/ontology/admingeo/District,Cambridgeshire,http://data.ordnancesurvey.co.uk/id/7000000000001386,http://data.ordnancesurvey.co.uk/ontology/admingeo/County,Eastern,http://data.ordnancesurvey.co.uk/id/7000000000041425,England,http://data.ordnancesurvey.co.uk/id/country/england,,,
PE140TF,http://data.ordnancesurvey.co.uk/id/postcodeunit/PE140TF,PE14 0TF,,,,other,Postcode,545484,308737,3500,18000,,,,,,,Wisbech,http://data.ordnancesurvey.co.uk/id/4000000074551318,http://www.ordnancesurvey.co.uk/xml/codelists/localtype.xml#town,Fenland,http://data.ordnancesurvey.co.uk/id/7000000000001357,http://data.ordnancesurvey.co.uk/ontology/admingeo/District,Cambridgeshire,http://data.ordnancesurvey.co.uk/id/7000000000001386,http://data.ordnancesurvey.co.uk/ontology/admingeo/County,Eastern,http://data.ordnancesurvey.co.uk/id/7000000000041425,England,http://data.ordnancesurvey.co.uk/id/country/england,,,
PE140NF,http://data.ordnancesurvey.co.uk/id/postcodeunit/PE140NF,PE14 0NF,,,,other,Postcode,543331,302809,3500,18000,,,,,,,Coldham,http://data.ordnancesurvey.co.uk/id/4000000074550588,http://www.ordnancesurvey.co.uk/xml/codelists/localtype.xml#village,Fenland,http://data.ordnancesurvey.co.uk/id/7000000000001357,http://data.ordnancesurvey.co.uk/ontology/admingeo/District,Cambridgeshire,http://data.ordnancesurvey.co.uk/id/7000000000001386,http://data.ordnancesurvey.co.uk/ontology/admingeo/County,Eastern,http://data.ordnancesurvey.co.uk/id/7000000000041425,England,http://data.ordnancesurvey.co.uk/id/country/england,,,
PE135JS,http://data.ordnancesurvey.co.uk/id/postcodeunit/PE135JS,PE13 5JS,,,,other,Postcode,542524,309692,3500,18000,,,,,,,,,,Fenland,http://data.ordnancesurvey.co.uk/id/7000000000001357,http://data.ordnancesurvey.co.uk/ontology/admingeo/District,Cambridgeshire,http://data.ordnancesurvey.co.uk/id/7000000000001386,http://data.ordnancesurvey.co.uk/ontology/admingeo/County,Eastern,http://data.ordnancesurvey.co.uk/id/7000000000041425,England,http://data.ordnancesurvey.co.uk/id/country/england,,,
PE132RJ,http://data.ordnancesurvey.co.uk/id/postcodeunit/PE132RJ,PE13 2RJ,,,,other,Postcode,545775,308948,3500,18000,,,,,,,Wisbech,http://data.ordnancesurvey.co.uk/id/4000000074551318,http://www.ordnancesurvey.co.uk/xml/codelists/localtype.xml#town,Fenland,http://data.ordnancesurvey.co.uk/id/7000000000001357,http://data.ordnancesurvey.co.uk/ontology/admingeo/District,Cambridgeshire,http://data.ordnancesurvey.co.uk/id/7000000000001386,http://data.ordnancesurvey.co.uk/ontology/admingeo/County,Eastern,http://data.ordnancesurvey.co.uk/id/7000000000041425,England,http://data.ordnancesurvey.co.uk/id/country/england,,,
PE133PA,http://data.ordnancesurvey.co.uk/id/postcodeunit/PE133PA,PE13 3PA,,,,other,Postcode,546440,310854,3500,18000,,,,,,,Wisbech,http://data.ordnancesurvey.co.uk/id/4000000074551318,http://www.ordnancesurvey.co.uk/xml/codelists/localtype.xml#town,Fenland,http://data.ordnancesurvey.co.uk/id/7000000000001357,http://data.ordnancesurvey.co.uk/ontology/admingeo/District,Cambridgeshire,http://data.ordnancesurvey.co.uk/id/7000000000001386,http://data.ordnancesurvey.co.uk/ontology/admingeo/County,Eastern,http://data.ordnancesurvey.co.uk/id/7000000000041425,England,http://data.ordnancesurvey.co.uk/id/country/england,,,
PE134SH,http://data.ordnancesurvey.co.uk/id/postcodeunit/PE134SH,PE13 4SH,,,,other,Postcode,540817,307085,3500,18000,,,,,,,Bunker's Hill,http://data.ordnancesurvey.co.uk/id/4000000074551314,http://www.ordnancesurvey.co.uk/xml/codelists/localtype.xml#hamlet,Fenland,http://data.ordnancesurvey.co.uk/id/7000000000001357,http://data.ordnancesurvey.co.uk/ontology/admingeo/District,Cambridgeshire,http://data.ordnancesurvey.co.uk/id/7000000000001386,http://data.ordnancesurvey.co.uk/ontology/admingeo/County,Eastern,http://data.ordnancesurvey.co.uk/id/7000000000041425,England,http://data.ordnancesurvey.co.uk/id/country/england,,,
PE132JS,http://data.ordnancesurvey.co.uk/id/postcodeunit/PE132JS,PE13 2JS,,,,other,Postcode,547231,309738,3500,18000,,,,,,,Wisbech,http://data.ordnancesurvey.co.uk/id/4000000074551318,http://www.ordnancesurvey.co.uk/xml/codelists/localtype.xml#town,Fenland,http://data.ordnancesurvey.co.uk/id/7000000000001357,http://data.ordnancesurvey.co.uk/ontology/admingeo/District,Cambridgeshire,http://data.ordnancesurvey.co.uk/id/7000000000001386,http://data.ordnancesurvey.co.uk/ontology/admingeo/County,Eastern,http://data.ordnancesurvey.co.uk/id/7000000000041425,England,http://data.ordnancesurvey.co.uk/id/country/england,,,
PE132UW,http://data.ordnancesurvey.co.uk/id/postcodeunit/PE132UW,PE13 2UW,,,,other,Postcode,546225,308923,3500,18000,,,,,,,Wisbech,http://data.ordnancesurvey.co.uk/id/4000000074551318,http://www.ordnancesurvey.co.uk/xml/codelists/localtype.xml#town,Fenland,http://data.ordnancesurvey.co.uk/id/7000000000001357,http://data.ordnancesurvey.co.uk/ontology/admingeo/District,Cambridgeshire,http://data.ordnancesurvey.co.uk/id/7000000000001386,http://data.ordnancesurvey.co.uk/ontology/admingeo/County,Eastern,http://data.ordnancesurvey.co.uk/id/7000000000041425,England,http://data.ordnancesurvey.co.uk/id/country/england,,,
PE147JD,http://data.ordnancesurvey.co.uk/id/postcodeunit/PE147JD,PE14 7JD,,,,other,Postcode,548540,315994,3500,18000,,,,,,,,,,King's Lynn and West Norfolk,http://data.ordnancesurvey.co.uk/id/7000000000007016,http://data.ordnancesurvey.co.uk/ontology/admingeo/District,Norfolk,http://data.ordnancesurvey.co.uk/id/7000000000007238,http://data.ordnancesurvey.co.uk/ontology/admingeo/County,Eastern,http://data.ordnancesurvey.co.uk/id/7000000000041425,England,http://data.ordnancesurvey.co.uk/id/country/england,,,
PE131LF,http://data.ordnancesurvey.co.uk/id/postcodeunit/PE131LF,PE13 1LF,,,,other,Postcode,544965,309187,3500,18000,,,,,,,Wisbech,http://data.ordnancesurvey.co.uk/id/4000000074551318,http://www.ordnancesurvey.co.uk/xml/codelists/localtype.xml#town,Fenland,http://data.ordnancesurvey.co.uk/id/7000000000001357,http://data.ordnancesurvey.co.uk/ontology/admingeo/District,Cambridgeshire,http://data.ordnancesurvey.co.uk/id/7000000000001386,http://data.ordnancesurvey.co.uk/ontology/admingeo/County,Eastern,http://data.ordnancesurvey.co.uk/id/7000000000041425,England,http://data.ordnancesurvey.co.uk/id/country/england,,,
PE140AB,http://data.ordnancesurvey.co.uk/id/postcodeunit/PE140AB,PE14 0AB,,,,other,Postcode,547063,307041,3500,18000,,,,,,,Elm,http://data.ordnancesurvey.co.uk/id/4000000074341528,http://www.ordnancesurvey.co.uk/xml/codelists/localtype.xml#village,Fenland,http://data.ordnancesurvey.co.uk/id/7000000000001357,http://data.ordnancesurvey.co.uk/ontology/admingeo/District,Cambridgeshire,http://data.ordnancesurvey.co.uk/id/7000000000001386,http://data.ordnancesurvey.co.uk/ontology/admingeo/County,Eastern,http://data.ordnancesurvey.co.uk/id/7000000000041425,England,http://data.ordnancesurvey.co.uk/id/country/england,,,
PE343DW,http://data.ordnancesurvey.co.uk/id/postcodeunit/PE343DW,PE34 3DW,,,,other,Postcode,559508,314016,3500,18000,,,,,,,Wiggenhall St Germans,http://data.ordnancesurvey.co.uk/id/4000000074550213,http://www.ordnancesurvey.co.uk/xml/codelists/localtype.xml#village,King's Lynn and West Norfolk,http://data.ordnancesurvey.co.uk/id/7000000000007016,http://data.ordnancesurvey.co.uk/ontology/admingeo/District,Norfolk,http://data.ordnancesurvey.co.uk/id/7000000000007238,http://data.ordnancesurvey.co.uk/ontology/admingeo/County,Eastern,http://data.ordnancesurvey.co.uk/id/7000000000041425,England,http://data.ordnancesurvey.co.uk/id/country/england,,,
PE147JX,http://data.ordnancesurvey.co.uk/id/postcodeunit/PE147JX,PE14 7JX,,,,other,Postcode,549568,318447,3500,18000,,,,,,,,,,King's Lynn and West Norfolk,http://data.ordnancesurvey.co.uk/id/7000000000007016,http://data.ordnancesurvey.co.uk/ontology/admingeo/District,Norfolk,http://data.ordnancesurvey.co.uk/id/7000000000007238,http://data.ordnancesurvey.co.uk/ontology/admingeo/County,Eastern,http://data.ordnancesurvey.co.uk/id/7000000000041425,England,http://data.ordnancesurvey.co.uk/id/country/england,,,
PE140RX,http://data.ordnancesurvey.co.uk/id/postcodeunit/PE140RX,PE14 0RX,,,,other,Postcode,543533,306354,3500,18000,,,,,,,,,,Fenland,http://data.ordnancesurvey.co.uk/id/7000000000001357,http://data.ordnancesurvey.co.uk/ontology/admingeo/District,Cambridgeshire,http://data.ordnancesurvey.co.uk/id/7000000000001386,http://data.ordnancesurvey.co.uk/ontology/admingeo/County,Eastern,http://data.ordnancesurvey.co.uk/id/7000000000041425,England,http://data.ordnancesurvey.co.uk/id/country/england,,,
PE149HW,http://data.ordnancesurvey.co.uk/id/postcodeunit/PE149HW,PE14 9HW,,,,other,Postcode,551374,301310,3500,18000,,,,,,,Plaw Field,http://data.ordnancesurvey.co.uk/id/4000000074550937,http://www.ordnancesurvey.co.uk/xml/codelists/localtype.xml#hamlet,King's Lynn and West Norfolk,http://data.ordnancesurvey.co.uk/id/7000000000007016,http://data.ordnancesurvey.co.uk/ontology/admingeo/District,Norfolk,http://data.ordnancesurvey.co.uk/id/7000000000007238,http://data.ordnancesurvey.co.uk/ontology/admingeo/County,Eastern,http://data.ordnancesurvey.co.uk/id/7000000000041425,England,http://data.ordnancesurvey.co.uk/id/country/england,,,
PE134TT,http://data.ordnancesurvey.co.uk/id/postcodeunit/PE134TT,PE13 4TT,,,,other,Postcode,544590,307740,3500,18000,,,,,,,Wisbech,http://data.ordnancesurvey.co.uk/id/4000000074551318,http://www.ordnancesurvey.co.uk/xml/codelists/localtype.xml#town,Fenland,http://data.ordnancesurvey.co.uk/id/7000000000001357,http://data.ordnancesurvey.co.uk/ontology/admingeo/District,Cambridgeshire,http://data.ordnancesurvey.co.uk/id/7000000000001386,http://data.ordnancesurvey.co.uk/ontology/admingeo/County,Eastern,http://data.ordnancesurvey.co.uk/id/7000000000041425,England,http://data.ordnancesurvey.co.uk/id/country/england,,,
PE148RB,http://data.ordnancesurvey.co.uk/id/postcodeunit/PE148RB,PE14 8RB,,,,other,Postcode,551043,303748,3500,18000,,,,,,,Outwell,http://data.ordnancesurvey.co.uk/id/4000000074548389,http://www.ordnancesurvey.co.uk/xml/codelists/localtype.xml#village,King's Lynn and West Norfolk,http://data.ordnancesurvey.co.uk/id/7000000000007016,http://data.ordnancesurvey.co.uk/ontology/admingeo/District,Norfolk,http://data.ordnancesurvey.co.uk/id/7000000000007238,http://data.ordnancesurvey.co.uk/ontology/admingeo/County,Eastern,http://data.ordnancesurvey.co.uk/id/7000000000041425,England,http://data.ordnancesurvey.co.uk/id/country/england,,,
PE344RS,http://data.ordnancesurvey.co.uk/id/postcodeunit/PE344RS,PE34 4RS,,,,other,Postcode,556169,317036,3500,18000,,,,,,,Tilney High End,http://data.ordnancesurvey.co.uk/id/4000000074550940,http://www.ordnancesurvey.co.uk/xml/codelists/localtype.xml#village,King's Lynn and West Norfolk,http://data.ordnancesurvey.co.uk/id/7000000000007016,http://data.ordnancesurvey.co.uk/ontology/admingeo/District,Norfolk,http://data.ordnancesurvey.co.uk/id/7000000000007238,http://data.ordnancesurvey.co.uk/ontology/admingeo/County,Eastern,http://data.ordnancesurvey.co.uk/id/7000000000041425,England,http://data.ordnancesurvey.co.uk/id/country/england,,,
PE148AP,http://data.ordnancesurvey.co.uk/id/postcodeunit/PE148AP,PE14 8AP,,,,other,Postcode,549116,307015,3500,18000,,,,,,,Emneth,http://data.ordnancesurvey.co.uk/id/4000000074550948,http://www.ordnancesurvey.co.uk/xml/codelists/localtype.xml#village,King's Lynn and West Norfolk,http://data.ordnancesurvey.co.uk/id/7000000000007016,http://data.ordnancesurvey.co.uk/ontology/admingeo/District,Norfolk,http://data.ordnancesurvey.co.uk/id/7000000000007238,http://data.ordnancesurvey.co.uk/ontology/admingeo/County,Eastern,http://data.ordnancesurvey.co.uk/id/7000000000041425,England,http://data.ordnancesurvey.co.uk/id/country/england,,,
PE133RH,http://data.ordnancesurvey.co.uk/id/postcodeunit/PE133RH,PE13 3RH,,,,other,Postcode,547616,310653,3500,18000,,,,,,,Wisbech,http://data.ordnancesurvey.co.uk/id/4000000074551318,http://www.ordnancesurvey.co.uk/xml/codelists/localtype.xml#town,Fenland,http://data.ordnancesurvey.co.uk/id/7000000000001357,http://data.ordnancesurvey.co.uk/ontology/admingeo/District,Cambridgeshire,http://data.ordnancesurvey.co.uk/id/7000000000001386,http://data.ordnancesurvey.co.uk/ontology/admingeo/County,Eastern,http://data.ordnancesurvey.co.uk/id/7000000000041425,England,http://data.ordnancesurvey.co.uk/id/country/england,,,
PE132PB,http://data.ordnancesurvey.co.uk/id/postcodeunit/PE132PB,PE13 2PB,,,,other,Postcode,545926,309434,3500,18000,,,,,,,Wisbech,http://data.ordnancesurvey.co.uk/id/4000000074551318,http://www.ordnancesurvey.co.uk/xml/codelists/localtype.xml#town,Fenland,http://data.ordnancesurvey.co.uk/id/7000000000001357,http://data.ordnancesurvey.co.uk/ontology/admingeo/District,Cambridgeshire,http://data.ordnancesurvey.co.uk/id/7000000000001386,http://data.ordnancesurvey.co.uk/ontology/admingeo/County,Eastern,http://data.ordnancesurvey.co.uk/id/7000000000041425,England,http://data.ordnancesurvey.co.uk/id/country/england,,,
PE140LH,http://data.ordnancesurvey.co.uk/id/postcodeunit/PE140LH,PE14 0LH,,,,other,Postcode,549464,304915,3500,18000,,,,,,,,,,Fenland,http://data.ordnancesurvey.co.uk/id/7000000000001357,http://data.ordnancesurvey.co.uk/ontology/admingeo/District,Cambridgeshire,http://data.ordnancesurvey.co.uk/id/7000000000001386,http://data.ordnancesurvey.co.uk/ontology/admingeo/County,Eastern,http://data.ordnancesurvey.co.uk/id/7000000000041425,England,http://data.ordnancesurvey.co.uk/id/country/england,,,
PE344JT,http://data.ordnancesurvey.co.uk/id/postcodeunit/PE344JT,PE34 4JT,,,,other,Postcode,554573,319971,3500,18000,,,,,,,Terrington St Clement,http://data.ordnancesurvey.co.uk/id/4000000074548395,http://www.ordnancesurvey.co.uk/xml/codelists/localtype.xml#otherSettlement,King's Lynn and West Norfolk,http://data.ordnancesurvey.co.uk/id/7000000000007016,http://data.ordnancesurvey.co.uk/ontology/admingeo/District,Norfolk,http://data.ordnancesurvey.co.uk/id/7000000000007238,http://data.ordnancesurvey.co.uk/ontology/admingeo/County,Eastern,http://data.ordnancesurvey.co.uk/id/7000000000041425,England,http://data.ordnancesurvey.co.uk/id/country/england,,,
PE134PD,http://data.ordnancesurvey.co.uk/id/postcodeunit/PE134PD,PE13 4PD,,,,other,Postcode,540903,311820,3500,18000,,,,,,,,,,Fenland,http://data.ordnancesurvey.co.uk/id/7000000000001357,http://data.ordnancesurvey.co.uk/ontology/admingeo/District,Cambridgeshire,http://data.ordnancesurvey.co.uk/id/7000000000001386,http://data.ordnancesurvey.co.uk/ontology/admingeo/County,Eastern,http://data.ordnancesurvey.co.uk/id/7000000000041425,England,http://data.ordnancesurvey.co.uk/id/country/england,,,
PE344QU,http://data.ordnancesurvey.co.uk/id/postcodeunit/PE344QU,PE34 4QU,,,,other,Postcode,554789,313798,3500,18000,,,,,,,Tilney St Lawrence,http://data.ordnancesurvey.co.uk/id/4000000074550579,http://www.ordnancesurvey.co.uk/xml/codelists/localtype.xml#village,King's Lynn and West Norfolk,http://data.ordnancesurvey.co.uk/id/7000000000007016,http://data.ordnancesurvey.co.uk/ontology/admingeo/District,Norfolk,http://data.ordnancesurvey.co.uk/id/7000000000007238,http://data.ordnancesurvey.co.uk/ontology/admingeo/County,Eastern,http://data.ordnancesurvey.co.uk/id/7000000000041425,England,http://data.ordnancesurvey.co.uk/id/country/england,,,
PE147QB,http://data.ordnancesurvey.co.uk/id/postcodeunit/PE147QB,PE14 7QB,,,,other,Postcode,551773,314014,3500,18000,,,,,,,Walpole Highway,http://data.ordnancesurvey.co.uk/id/4000000074550945,http://www.ordnancesurvey.co.uk/xml/codelists/localtype.xml#village,King's Lynn and West Norfolk,http://data.ordnancesurvey.co.uk/id/7000000000007016,http://data.ordnancesurvey.co.uk/ontology/admingeo/District,Norfolk,http://data.ordnancesurvey.co.uk/id/7000000000007238,http://data.ordnancesurvey.co.uk/ontology/admingeo/County,Eastern,http://data.ordnancesurvey.co.uk/id/7000000000041425,England,http://data.ordnancesurvey.co.uk/id/country/england,,,
PE135PW,http://data.ordnancesurvey.co.uk/id/postcodeunit/PE135PW,PE13 5PW,,,,other,Postcode,543927,311951,3500,18000,,,,,,,Leverington,http://data.ordnancesurvey.co.uk/id/4000000074551313,http://www.ordnancesurvey.co.uk/xml/codelists/localtype.xml#village,Fenland,http://data.ordnancesurvey.co.uk/id/7000000000001357,http://data.ordnancesurvey.co.uk/ontology/admingeo/District,Cambridgeshire,http://data.ordnancesurvey.co.uk/id/7000000000001386,http://data.ordnancesurvey.co.uk/ontology/admingeo/County,Eastern,http://data.ordnancesurvey.co.uk/id/7000000000041425,England,http://data.ordnancesurvey.co.uk/id/country/england,,,
PE147RN,http://data.ordnancesurvey.co.uk/id/postcodeunit/PE147RN,PE14 7RN,,,,other,Postcode,552381,314193,3500,18000,,,,,,,,,,King's Lynn and West Norfolk,http://data.ordnancesurvey.co.uk/id/7000000000007016,http://data.ordnancesurvey.co.uk/ontology/admingeo/District,Norfolk,http://data.ordnancesurvey.co.uk/id/7000000000007238,http://data.ordnancesurvey.co.uk/ontology/admingeo/County,Eastern,http://data.ordnancesurvey.co.uk/id/7000000000041425,England,http://data.ordnancesurvey.co.uk/id/country/england,,,
PE133EE,http://data.ordnancesurvey.co.uk/id/postcodeunit/PE133EE,PE13 3EE,,,,other,Postcode,547048,310528,3500,18000,,,,,,,Wisbech,http://data.ordnancesurvey.co.uk/id/4000000074551318,http://www.ordnancesurvey.co.uk/xml/codelists/localtype.xml#town,Fenland,http://data.ordnancesurvey.co.uk/id/7000000000001357,http://data.ordnancesurvey.co.uk/ontology/admingeo/District,Cambridgeshire,http://data.ordnancesurvey.co.uk/id/7000000000001386,http://data.ordnancesurvey.co.uk/ontology/admingeo/County,Eastern,http://data.ordnancesurvey.co.uk/id/7000000000041425,England,http://data.ordnancesurvey.co.uk/id/country/england,,,
PE135JR,http://data.ordnancesurvey.co.uk/id/postcodeunit/PE135JR,PE13 5JR,,,,other,Postcode,542350,309706,3500,18000,,,,,,,,,,Fenland,http://data.ordnancesurvey.co.uk/id/7000000000001357,http://data.ordnancesurvey.co.uk/ontology/admingeo/District,Cambridgeshire,http://data.ordnancesurvey.co.uk/id/7000000000001386,http://data.ordnancesurvey.co.uk/ontology/admingeo/County,Eastern,http://data.ordnancesurvey.co.uk/id/7000000000041425,England,http://data.ordnancesurvey.co.uk/id/country/england,,,
PE134TE,http://data.ordnancesurvey.co.uk/id/postcodeunit/PE134TE,PE13 4TE,,,,other,Postcode,544545,309304,3500,18000,,,,,,,Wisbech,http://data.ordnancesurvey.co.uk/id/4000000074551318,http://www.ordnancesurvey.co.uk/xml/codelists/localtype.xml#town,Fenland,http://data.ordnancesurvey.co.uk/id/7000000000001357,http://data.ordnancesurvey.co.uk/ontology/admingeo/District,Cambridgeshire,http://data.ordnancesurvey.co.uk/id/7000000000001386,http://data.ordnancesurvey.co.uk/ontology/admingeo/County,Eastern,http://data.ordnancesurvey.co.uk/id/7000000000041425,England,http://data.ordnancesurvey.co.uk/id/country/england,,,
PE132UP,http://data.ordnancesurvey.co.uk/id/postcodeunit/PE132UP,PE13 2UP,,,,other,Postcode,546160,308919,3500,18000,,,,,,,Wisbech,http://data.ordnancesurvey.co.uk/id/4000000074551318,http://www.ordnancesurvey.co.uk/xml/codelists/localtype.xml#town,Fenland,http://data.ordnancesurvey.co.uk/id/7000000000001357,http://data.ordnancesurvey.co.uk/ontology/admingeo/District,Cambridgeshire,http://data.ordnancesurvey.co.uk/id/7000000000001386,http://data.ordnancesurvey.co.uk/ontology/admingeo/County,Eastern,http://data.ordnancesurvey.co.uk/id/7000000000041425,England,http://data.ordnancesurvey.co.uk/id/country/england,,,
PE135AB,http://data.ordnancesurvey.co.uk/id/postcodeunit/PE135AB,PE13 5AB,,,,other,Postcode,544485,311586,3500,18000,,,,,,,Leverington,http://data.ordnancesurvey.co.uk/id/4000000074551313,http://www.ordnancesurvey.co.uk/xml/codelists/localtype.xml#village,Fenland,http://data.ordnancesurvey.co.uk/id/7000000000001357,http://data.ordnancesurvey.co.uk/ontology/admingeo/District,Cambridgeshire,http://data.ordnancesurvey.co.uk/id/7000000000001386,http://data.ordnancesurvey.co.uk/ontology/admingeo/County,Eastern,http://data.ordnancesurvey.co.uk/id/7000000000041425,England,http://data.ordnancesurvey.co.uk/id/country/england,,,
PE134UG,http://data.ordnancesurvey.co.uk/id/postcodeunit/PE134UG,PE13 4UG,,,,other,Postcode,540865,305508,3500,18000,,,,,,,,,,Fenland,http://data.ordnancesurvey.co.uk/id/7000000000001357,http://data.ordnancesurvey.co.uk/ontology/admingeo/District,Cambridgeshire,http://data.ordnancesurvey.co.uk/id/7000000000001386,http://data.ordnancesurvey.co.uk/ontology/admingeo/County,Eastern,http://data.ordnancesurvey.co.uk/id/7000000000041425,England,http://data.ordnancesurvey.co.uk/id/country/england,,,
PE140AP,http://data.ordnancesurvey.co.uk/id/postcodeunit/PE140AP,PE14 0AP,,,,other,Postcode,546986,306391,3500,18000,,,,,,,Elm,http://data.ordnancesurvey.co.uk/id/4000000074341528,http://www.ordnancesurvey.co.uk/xml/codelists/localtype.xml#village,Fenland,http://data.ordnancesurvey.co.uk/id/7000000000001357,http://data.ordnancesurvey.co.uk/ontology/admingeo/District,Cambridgeshire,http://data.ordnancesurvey.co.uk/id/7000000000001386,http://data.ordnancesurvey.co.uk/ontology/admingeo/County,Eastern,http://data.ordnancesurvey.co.uk/id/7000000000041425,England,http://data.ordnancesurvey.co.uk/id/country/england,,,
PE148DE,http://data.ordnancesurvey.co.uk/id/postcodeunit/PE148DE,PE14 8DE,,,,other,Postcode,549835,307243,3500,18000,,,,,,,Emneth,http://data.ordnancesurvey.co.uk/id/4000000074550948,http://www.ordnancesurvey.co.uk/xml/codelists/localtype.xml#village,King's Lynn and West Norfolk,http://data.ordnancesurvey.co.uk/id/7000000000007016,http://data.ordnancesurvey.co.uk/ontology/admingeo/District,Norfolk,http://data.ordnancesurvey.co.uk/id/7000000000007238,http://data.ordnancesurvey.co.uk/ontology/admingeo/County,Eastern,http://data.ordnancesurvey.co.uk/id/7000000000041425,England,http://data.ordnancesurvey.co.uk/id/country/england,,,
PE131LY,http://data.ordnancesurvey.co.uk/id/postcodeunit/PE131LY,PE13 1LY,,,,other,Postcode,546390,309524,3500,18000,,,,,,,Wisbech,http://data.ordnancesurvey.co.uk/id/4000000074551318,http://www.ordnancesurvey.co.uk/xml/codelists/localtype.xml#town,Fenland,http://data.ordnancesurvey.co.uk/id/7000000000001357,http://data.ordnancesurvey.co.uk/ontology/admingeo/District,Cambridgeshire,http://data.ordnancesurvey.co.uk/id/7000000000001386,http://data.ordnancesurvey.co.uk/ontology/admingeo/County,Eastern,http://data.ordnancesurvey.co.uk/id/7000000000041425,England,http://data.ordnancesurvey.co.uk/id/country/england,,,
PE132XQ,http://data.ordnancesurvey.co.uk/id/postcodeunit/PE132XQ,PE13 2XQ,,,,other,Postcode,545954,308016,3500,18000,,,,,,,Wisbech,http://data.ordnancesurvey.co.uk/id/4000000074551318,http://www.ordnancesurvey.co.uk/xml/codelists/localtype.xml#town,Fenland,http://data.ordnancesurvey.co.uk/id/7000000000001357,http://data.ordnancesurvey.co.uk/ontology/admingeo/District,Cambridgeshire,http://data.ordnancesurvey.co.uk/id/7000000000001386,http://data.ordnancesurvey.co.uk/ontology/admingeo/County,Eastern,http://data.ordnancesurvey.co.uk/id/7000000000041425,England,http://data.ordnancesurvey.co.uk/id/country/england,,,
PE147RX,http://data.ordnancesurvey.co.uk/id/postcodeunit/PE147RX,PE14 7RX,,,,other,Postcode,554162,314494,3500,18000,,,,,,,Terrington St John,http://data.ordnancesurvey.co.uk/id/4000000074550941,http://www.ordnancesurvey.co.uk/xml/codelists/localtype.xml#village,King's Lynn and West Norfolk,http://data.ordnancesurvey.co.uk/id/7000000000007016,http://data.ordnancesurvey.co.uk/ontology/admingeo/District,Norfolk,http://data.ordnancesurvey.co.uk/id/7000000000007238,http://data.ordnancesurvey.co.uk/ontology/admingeo/County,Eastern,http://data.ordnancesurvey.co.uk/id/7000000000041425,England,http://data.ordnancesurvey.co.uk/id/country/england,,,
PE148TP,http://data.ordnancesurvey.co.uk/id/postcodeunit/PE148TP,PE14 8TP,,,,other,Postcode,550288,303979,3500,18000,,,,,,,,,,King's Lynn and West Norfolk,http://data.ordnancesurvey.co.uk/id/7000000000007016,http://data.ordnancesurvey.co.uk/ontology/admingeo/District,Norfolk,http://data.ordnancesurvey.co.uk/id/7000000000007238,http://data.ordnancesurvey.co.uk/ontology/admingeo/County,Eastern,http://data.ordnancesurvey.co.uk/id/7000000000041425,England,http://data.ordnancesurvey.co.uk/id/country/england,,,
PE148HA,http://data.ordnancesurvey.co.uk/id/postcodeunit/PE148HA,PE14 8HA,,,,other,Postcode,554022,309242,3500,18000,,,,,,,,,,King's Lynn and West Norfolk,http://data.ordnancesurvey.co.uk/id/7000000000007016,http://data.ordnancesurvey.co.uk/ontology/admingeo/District,Norfolk,http://data.ordnancesurvey.co.uk/id/7000000000007238,http://data.ordnancesurvey.co.uk/ontology/admingeo/County,Eastern,http://data.ordnancesurvey.co.uk/id/7000000000041425,England,http://data.ordnancesurvey.co.uk/id/country/england,,,
PE147AE,http://data.ordnancesurvey.co.uk/id/postcodeunit/PE147AE,PE14 7AE,,,,other,Postcode,546439,311578,3500,18000,,,,,,,Wisbech,http://data.ordnancesurvey.co.uk/id/4000000074551318,http://www.ordnancesurvey.co.uk/xml/codelists/localtype.xml#town,King's Lynn and West Norfolk,http://data.ordnancesurvey.co.uk/id/7000000000007016,http://data.ordnancesurvey.co.uk/ontology/admingeo/District,Norfolk,http://data.ordnancesurvey.co.uk/id/7000000000007238,http://data.ordnancesurvey.co.uk/ontology/admingeo/County,Eastern,http://data.ordnancesurvey.co.uk/id/7000000000041425,England,http://data.ordnancesurvey.co.uk/id/country/england,,,
PE133SF,http://data.ordnancesurvey.co.uk/id/postcodeunit/PE133SF,PE13 3SF,,,,other,Postcode,547330,310741,3500,18000,,,,,,,Wisbech,http://data.ordnancesurvey.co.uk/id/4000000074551318,http://www.ordnancesurvey.co.uk/xml/codelists/localtype.xml#town,Fenland,http://data.ordnancesurvey.co.uk/id/7000000000001357,http://data.ordnancesurvey.co.uk/ontology/admingeo/District,Cambridgeshire,http://data.ordnancesurvey.co.uk/id/7000000000001386,http://data.ordnancesurvey.co.uk/ontology/admingeo/County,Eastern,http://data.ordnancesurvey.co.uk/id/7000000000041425,England,http://data.ordnancesurvey.co.uk/id/country/england,,,
PE147AJ,http://data.ordnancesurvey.co.uk/id/postcodeunit/PE147AJ,PE14 7AJ,,,,other,Postcode,547446,310917,3500,18000,,,,,,,Wisbech,http://data.ordnancesurvey.co.uk/id/4000000074551318,http://www.ordnancesurvey.co.uk/xml/codelists/localtype.xml#town,Fenland,http://data.ordnancesurvey.co.uk/id/7000000000001357,http://data.ordnancesurvey.co.uk/ontology/admingeo/District,Cambridgeshire,http://data.ordnancesurvey.co.uk/id/7000000000001386,http://data.ordnancesurvey.co.uk/ontology/admingeo/County,Eastern,http://data.ordnancesurvey.co.uk/id/7000000000041425,England,http://data.ordnancesurvey.co.uk/id/country/england,,,
PE133RZ,http://data.ordnancesurvey.co.uk/id/postcodeunit/PE133RZ,PE13 3RZ,,,,other,Postcode,547733,310869,3500,18000,,,,,,,Wisbech,http://data.ordnancesurvey.co.uk/id/4000000074551318,http://www.ordnancesurvey.co.uk/xml/codelists/localtype.xml#town,Fenland,http://data.ordnancesurvey.co.uk/id/7000000000001357,http://data.ordnancesurvey.co.uk/ontology/admingeo/District,Cambridgeshire,http://data.ordnancesurvey.co.uk/id/7000000000001386,http://data.ordnancesurvey.co.uk/ontology/admingeo/County,Eastern,http://data.ordnancesurvey.co.uk/id/7000000000041425,England,http://data.ordnancesurvey.co.uk/id/country/england,,,
PE140BH,http://data.ordnancesurvey.co.uk/id/postcodeunit/PE140BH,PE14 0BH,,,,other,Postcode,546717,306951,3500,18000,,,,,,,Elm,http://data.ordnancesurvey.co.uk/id/4000000074341528,http://www.ordnancesurvey.co.uk/xml/codelists/localtype.xml#village,Fenland,http://data.ordnancesurvey.co.uk/id/7000000000001357,http://data.ordnancesurvey.co.uk/ontology/admingeo/District,Cambridgeshire,http://data.ordnancesurvey.co.uk/id/7000000000001386,http://data.ordnancesurvey.co.uk/ontology/admingeo/County,Eastern,http://data.ordnancesurvey.co.uk/id/7000000000041425,England,http://data.ordnancesurvey.co.uk/id/country/england,,,
PE132FH,http://data.ordnancesurvey.co.uk/id/postcodeunit/PE132FH,PE13 2FH,,,,other,Postcode,546407,308311,3500,18000,,,,,,,Wisbech,http://data.ordnancesurvey.co.uk/id/4000000074551318,http://www.ordnancesurvey.co.uk/xml/codelists/localtype.xml#town,Fenland,http://data.ordnancesurvey.co.uk/id/7000000000001357,http://data.ordnancesurvey.co.uk/ontology/admingeo/District,Cambridgeshire,http://data.ordnancesurvey.co.uk/id/7000000000001386,http://data.ordnancesurvey.co.uk/ontology/admingeo/County,Eastern,http://data.ordnancesurvey.co.uk/id/7000000000041425,England,http://data.ordnancesurvey.co.uk/id/country/england,,,
PE132SN,http://data.ordnancesurvey.co.uk/id/postcodeunit/PE132SN,PE13 2SN,,,,other,Postcode,546889,308642,3500,18000,,,,,,,Wisbech,http://data.ordnancesurvey.co.uk/id/4000000074551318,http://www.ordnancesurvey.co.uk/xml/codelists/localtype.xml#town,Fenland,http://data.ordnancesurvey.co.uk/id/7000000000001357,http://data.ordnancesurvey.co.uk/ontology/admingeo/District,Cambridgeshire,http://data.ordnancesurvey.co.uk/id/7000000000001386,http://data.ordnancesurvey.co.uk/ontology/admingeo/County,Eastern,http://data.ordnancesurvey.co.uk/id/7000000000041425,England,http://data.ordnancesurvey.co.uk/id/country/england,,,
PE147RB,http://data.ordnancesurvey.co.uk/id/postcodeunit/PE147RB,PE14 7RB,,,,other,Postcode,550989,312514,3500,18000,,,,,,,,,,King's Lynn and West Norfolk,http://data.ordnancesurvey.co.uk/id/7000000000007016,http://data.ordnancesurvey.co.uk/ontology/admingeo/District,Norfolk,http://data.ordnancesurvey.co.uk/id/7000000000007238,http://data.ordnancesurvey.co.uk/ontology/admingeo/County,Eastern,http://data.ordnancesurvey.co.uk/id/7000000000041425,England,http://data.ordnancesurvey.co.uk/id/country/england,,,
PE147QG,http://data.ordnancesurvey.co.uk/id/postcodeunit/PE147QG,PE14 7QG,,,,other,Postcode,551707,313383,3500,18000,,,,,,,Walpole Highway,http://data.ordnancesurvey.co.uk/id/4000000074550945,http://www.ordnancesurvey.co.uk/xml/codelists/localtype.xml#village,King's Lynn and West Norfolk,http://data.ordnancesurvey.co.uk/id/7000000000007016,http://data.ordnancesurvey.co.uk/ontology/admingeo/District,Norfolk,http://data.ordnancesurvey.co.uk/id/7000000000007238,http://data.ordnancesurvey.co.uk/ontology/admingeo/County,Eastern,http://data.ordnancesurvey.co.uk/id/7000000000041425,England,http://data.ordnancesurvey.co.uk/id/country/england,,,
PE344PP,http://data.ordnancesurvey.co.uk/id/postcodeunit/PE344PP,PE34 4PP,,,,other,Postcode,554964,318189,3500,18000,,,,,,,Shepherds' Gate,http://data.ordnancesurvey.co.uk/id/4000000074543173,http://www.ordnancesurvey.co.uk/xml/codelists/localtype.xml#otherSettlement,King's Lynn and West Norfolk,http://data.ordnancesurvey.co.uk/id/7000000000007016,http://data.ordnancesurvey.co.uk/ontology/admingeo/District,Norfolk,http://data.ordnancesurvey.co.uk/id/7000000000007238,http://data.ordnancesurvey.co.uk/ontology/admingeo/County,Eastern,http://data.ordnancesurvey.co.uk/id/7000000000041425,England,http://data.ordnancesurvey.co.uk/id/country/england,,,
PE380QR,http://data.ordnancesurvey.co.uk/id/postcodeunit/PE380QR,PE38 0QR,,,,other,Postcode,559991,302618,3500,18000,,,,,,,Downham Market,http://data.ordnancesurvey.co.uk/id/4000000074550572,http://www.ordnancesurvey.co.uk/xml/codelists/localtype.xml#town,King's Lynn and West Norfolk,http://data.ordnancesurvey.co.uk/id/7000000000007016,http://data.ordnancesurvey.co.uk/ontology/admingeo/District,Norfolk,http://data.ordnancesurvey.co.uk/id/7000000000007238,http://data.ordnancesurvey.co.uk/ontology/admingeo/County,Eastern,http://data.ordnancesurvey.co.uk/id/7000000000041425,England,http://data.ordnancesurvey.co.uk/id/country/england,,,
PE344QL,http://data.ordnancesurvey.co.uk/id/postcodeunit/PE344QL,PE34 4QL,,,,other,Postcode,554502,314029,3500,18000,,,,,,,Tilney St Lawrence,http://data.ordnancesurvey.co.uk/id/4000000074550579,http://www.ordnancesurvey.co.uk/xml/codelists/localtype.xml#village,King's Lynn and West Norfolk,http://data.ordnancesurvey.co.uk/id/7000000000007016,http://data.ordnancesurvey.co.uk/ontology/admingeo/District,Norfolk,http://data.ordnancesurvey.co.uk/id/7000000000007238,http://data.ordnancesurvey.co.uk/ontology/admingeo/County,Eastern,http://data.ordnancesurvey.co.uk/id/7000000000041425,England,http://data.ordnancesurvey.co.uk/id/country/england,,,
PE133HU,http://data.ordnancesurvey.co.uk/id/postcodeunit/PE133HU,PE13 3HU,,,,other,Postcode,546831,310659,3500,18000,,,,,,,Wisbech,http://data.ordnancesurvey.co.uk/id/4000000074551318,http://www.ordnancesurvey.co.uk/xml/codelists/localtype.xml#town,Fenland,http://data.ordnancesurvey.co.uk/id/7000000000001357,http://data.ordnancesurvey.co.uk/ontology/admingeo/District,Cambridgeshire,http://data.ordnancesurvey.co.uk/id/7000000000001386,http://data.ordnancesurvey.co.uk/ontology/admingeo/County,Eastern,http://data.ordnancesurvey.co.uk/id/7000000000041425,England,http://data.ordnancesurvey.co.uk/id/country/england,,,
PE133RB,http://data.ordnancesurvey.co.uk/id/postcodeunit/PE133RB,PE13 3RB,,,,other,Postcode,547922,310547,3500,18000,,,,,,,Wisbech,http://data.ordnancesurvey.co.uk/id/4000000074551318,http://www.ordnancesurvey.co.uk/xml/codelists/localtype.xml#town,King's Lynn and West Norfolk,http://data.ordnancesurvey.co.uk/id/7000000000007016,http://data.ordnancesurvey.co.uk/ontology/admingeo/District,Norfolk,http://data.ordnancesurvey.co.uk/id/7000000000007238,http://data.ordnancesurvey.co.uk/ontology/admingeo/County,Eastern,http://data.ordnancesurvey.co.uk/id/7000000000041425,England,http://data.ordnancesurvey.co.uk/id/country/england,,,
PE147XA,http://data.ordnancesurvey.co.uk/id/postcodeunit/PE147XA,PE14 7XA,,,,other,Postcode,553755,314616,3500,18000,,,,,,,Terrington St John,http://data.ordnancesurvey.co.uk/id/4000000074550941,http://www.ordnancesurvey.co.uk/xml/codelists/localtype.xml#village,King's Lynn and West Norfolk,http://data.ordnancesurvey.co.uk/id/7000000000007016,http://data.ordnancesurvey.co.uk/ontology/admingeo/District,Norfolk,http://data.ordnancesurvey.co.uk/id/7000000000007238,http://data.ordnancesurvey.co.uk/ontology/admingeo/County,Eastern,http://data.ordnancesurvey.co.uk/id/7000000000041425,England,http://data.ordnancesurvey.co.uk/id/country/england,,,
PE344DL,http://data.ordnancesurvey.co.uk/id/postcodeunit/PE344DL,PE34 4DL,,,,other,Postcode,558133,319304,3500,18000,,,,,,,,,,King's Lynn and West Norfolk,http://data.ordnancesurvey.co.uk/id/7000000000007016,http://data.ordnancesurvey.co.uk/ontology/admingeo/District,Norfolk,http://data.ordnancesurvey.co.uk/id/7000000000007238,http://data.ordnancesurvey.co.uk/ontology/admingeo/County,Eastern,http://data.ordnancesurvey.co.uk/id/7000000000041425,England,http://data.ordnancesurvey.co.uk/id/country/england,,,
PE132HF,http://data.ordnancesurvey.co.uk/id/postcodeunit/PE132HF,PE13 2HF,,,,other,Postcode,546856,309891,3500,18000,,,,,,,Wisbech,http://data.ordnancesurvey.co.uk/id/4000000074551318,http://www.ordnancesurvey.co.uk/xml/codelists/localtype.xml#town,Fenland,http://data.ordnancesurvey.co.uk/id/7000000000001357,http://data.ordnancesurvey.co.uk/ontology/admingeo/District,Cambridgeshire,http://data.ordnancesurvey.co.uk/id/7000000000001386,http://data.ordnancesurvey.co.uk/ontology/admingeo/County,Eastern,http://data.ordnancesurvey.co.uk/id/7000000000041425,England,http://data.ordnancesurvey.co.uk/id/country/england,,,
PE120ED,http://data.ordnancesurvey.co.uk/id/postcodeunit/PE120ED,PE12 0ED,,,,other,Postcode,540061,318343,3500,18000,,,,,,,Sutton St James,http://data.ordnancesurvey.co.uk/id/4000000074548771,http://www.ordnancesurvey.co.uk/xml/codelists/localtype.xml#village,South Holland,http://data.ordnancesurvey.co.uk/id/7000000000005599,http://data.ordnancesurvey.co.uk/ontology/admingeo/District,Lincolnshire,http://data.ordnancesurvey.co.uk/id/7000000000005942,http://data.ordnancesurvey.co.uk/ontology/admingeo/County,East Midlands,http://data.ordnancesurvey.co.uk/id/7000000000041423,England,http://data.ordnancesurvey.co.uk/id/country/england,,,
PE132PA,http://data.ordnancesurvey.co.uk/id/postcodeunit/PE132PA,PE13 2PA,,,,other,Postcode,546375,308845,3500,18000,,,,,,,Wisbech,http://data.ordnancesurvey.co.uk/id/4000000074551318,http://www.ordnancesurvey.co.uk/xml/codelists/localtype.xml#town,Fenland,http://data.ordnancesurvey.co.uk/id/7000000000001357,http://data.ordnancesurvey.co.uk/ontology/admingeo/District,Cambridgeshire,http://data.ordnancesurvey.co.uk/id/7000000000001386,http://data.ordnancesurvey.co.uk/ontology/admingeo/County,Eastern,http://data.ordnancesurvey.co.uk/id/7000000000041425,England,http://data.ordnancesurvey.co.uk/id/country/england,,,
PE131LG,http://data.ordnancesurvey.co.uk/id/postcodeunit/PE131LG,PE13 1LG,,,,other,Postcode,544979,309105,3500,18000,,,,,,,Wisbech,http://data.ordnancesurvey.co.uk/id/4000000074551318,http://www.ordnancesurvey.co.uk/xml/codelists/localtype.xml#town,Fenland,http://data.ordnancesurvey.co.uk/id/7000000000001357,http://data.ordnancesurvey.co.uk/ontology/admingeo/District,Cambridgeshire,http://data.ordnancesurvey.co.uk/id/7000000000001386,http://data.ordnancesurvey.co.uk/ontology/admingeo/County,Eastern,http://data.ordnancesurvey.co.uk/id/7000000000041425,England,http://data.ordnancesurvey.co.uk/id/country/england,,,
PE140ER,http://data.ordnancesurvey.co.uk/id/postcodeunit/PE140ER,PE14 0ER,,,,other,Postcode,546808,306912,3500,18000,,,,,,,Elm,http://data.ordnancesurvey.co.uk/id/4000000074341528,http://www.ordnancesurvey.co.uk/xml/codelists/localtype.xml#village,Fenland,http://data.ordnancesurvey.co.uk/id/7000000000001357,http://data.ordnancesurvey.co.uk/ontology/admingeo/District,Cambridgeshire,http://data.ordnancesurvey.co.uk/id/7000000000001386,http://data.ordnancesurvey.co.uk/ontology/admingeo/County,Eastern,http://data.ordnancesurvey.co.uk/id/7000000000041425,England,http://data.ordnancesurvey.co.uk/id/country/england,,,
PE135DZ,http://data.ordnancesurvey.co.uk/id/postcodeunit/PE135DZ,PE13 5DZ,,,,other,Postcode,544391,310909,3500,18000,,,,,,,Leverington,http://data.ordnancesurvey.co.uk/id/4000000074551313,http://www.ordnancesurvey.co.uk/xml/codelists/localtype.xml#village,Fenland,http://data.ordnancesurvey.co.uk/id/7000000000001357,http://data.ordnancesurvey.co.uk/ontology/admingeo/District,Cambridgeshire,http://data.ordnancesurvey.co.uk/id/7000000000001386,http://data.ordnancesurvey.co.uk/ontology/admingeo/County,Eastern,http://data.ordnancesurvey.co.uk/id/7000000000041425,England,http://data.ordnancesurvey.co.uk/id/country/england,,,
PE133SU,http://data.ordnancesurvey.co.uk/id/postcodeunit/PE133SU,PE13 3SU,,,,other,Postcode,547403,309703,3500,18000,,,,,,,Wisbech,http://data.ordnancesurvey.co.uk/id/4000000074551318,http://www.ordnancesurvey.co.uk/xml/codelists/localtype.xml#town,Fenland,http://data.ordnancesurvey.co.uk/id/7000000000001357,http://data.ordnancesurvey.co.uk/ontology/admingeo/District,Cambridgeshire,http://data.ordnancesurvey.co.uk/id/7000000000001386,http://data.ordnancesurvey.co.uk/ontology/admingeo/County,Eastern,http://data.ordnancesurvey.co.uk/id/7000000000041425,England,http://data.ordnancesurvey.co.uk/id/country/england,,,
PE132RX,http://data.ordnancesurvey.co.uk/id/postcodeunit/PE132RX,PE13 2RX,,,,other,Postcode,546529,308410,3500,18000,,,,,,,Wisbech,http://data.ordnancesurvey.co.uk/id/4000000074551318,http://www.ordnancesurvey.co.uk/xml/codelists/localtype.xml#town,Fenland,http://data.ordnancesurvey.co.uk/id/7000000000001357,http://data.ordnancesurvey.co.uk/ontology/admingeo/District,Cambridgeshire,http://data.ordnancesurvey.co.uk/id/7000000000001386,http://data.ordnancesurvey.co.uk/ontology/admingeo/County,Eastern,http://data.ordnancesurvey.co.uk/id/7000000000041425,England,http://data.ordnancesurvey.co.uk/id/country/england,,,
PE147PL,http://data.ordnancesurvey.co.uk/id/postcodeunit/PE147PL,PE14 7PL,,,,other,Postcode,550960,316810,3500,18000,,,,,,,Walpole St Peter,http://data.ordnancesurvey.co.uk/id/4000000074550943,http://www.ordnancesurvey.co.uk/xml/codelists/localtype.xml#village,King's Lynn and West Norfolk,http://data.ordnancesurvey.co.uk/id/7000000000007016,http://data.ordnancesurvey.co.uk/ontology/admingeo/District,Norfolk,http://data.ordnancesurvey.co.uk/id/7000000000007238,http://data.ordnancesurvey.co.uk/ontology/admingeo/County,Eastern,http://data.ordnancesurvey.co.uk/id/7000000000041425,England,http://data.ordnancesurvey.co.uk/id/country/england,,,
PE344EW,http://data.ordnancesurvey.co.uk/id/postcodeunit/PE344EW,PE34 4EW,,,,other,Postcode,551613,319856,3500,18000,,,,,,,Walpole Cross Keys,http://data.ordnancesurvey.co.uk/id/4000000074548396,http://www.ordnancesurvey.co.uk/xml/codelists/localtype.xml#village,King's Lynn and West Norfolk,http://data.ordnancesurvey.co.uk/id/7000000000007016,http://data.ordnancesurvey.co.uk/ontology/admingeo/District,Norfolk,http://data.ordnancesurvey.co.uk/id/7000000000007238,http://data.ordnancesurvey.co.uk/ontology/admingeo/County,Eastern,http://data.ordnancesurvey.co.uk/id/7000000000041425,England,http://data.ordnancesurvey.co.uk/id/country/england,,,
PE140HE,http://data.ordnancesurvey.co.uk/id/postcodeunit/PE140HE,PE14 0HE,,,,other,Postcode,545661,304903,3500,18000,,,,,,,,,,Fenland,http://data.ordnancesurvey.co.uk/id/7000000000001357,http://data.ordnancesurvey.co.uk/ontology/admingeo/District,Cambridgeshire,http://data.ordnancesurvey.co.uk/id/7000000000001386,http://data.ordnancesurvey.co.uk/ontology/admingeo/County,Eastern,http://data.ordnancesurvey.co.uk/id/7000000000041425,England,http://data.ordnancesurvey.co.uk/id/country/england,,,
PE120JE,http://data.ordnancesurvey.co.uk/id/postcodeunit/PE120JE,PE12 0JE,,,,other,Postcode,540696,317266,3500,18000,,,,,,,,,,South Holland,http://data.ordnancesurvey.co.uk/id/7000000000005599,http://data.ordnancesurvey.co.uk/ontology/admingeo/District,Lincolnshire,http://data.ordnancesurvey.co.uk/id/7000000000005942,http://data.ordnancesurvey.co.uk/ontology/admingeo/County,East Midlands,http://data.ordnancesurvey.co.uk/id/7000000000041423,England,http://data.ordnancesurvey.co.uk/id/country/england,,,
PE140LA,http://data.ordnancesurvey.co.uk/id/postcodeunit/PE140LA,PE14 0LA,,,,other,Postcode,547484,305046,3500,18000,,,,,,,Friday Bridge,http://data.ordnancesurvey.co.uk/id/4000000074550225,http://www.ordnancesurvey.co.uk/xml/codelists/localtype.xml#village,Fenland,http://data.ordnancesurvey.co.uk/id/7000000000001357,http://data.ordnancesurvey.co.uk/ontology/admingeo/District,Cambridgeshire,http://data.ordnancesurvey.co.uk/id/7000000000001386,http://data.ordnancesurvey.co.uk/ontology/admingeo/County,Eastern,http://data.ordnancesurvey.co.uk/id/7000000000041425,England,http://data.ordnancesurvey.co.uk/id/country/england,,,
PE148HD,http://data.ordnancesurvey.co.uk/id/postcodeunit/PE148HD,PE14 8HD,,,,other,Postcode,552618,307380,3500,18000,,,,,,,,,,King's Lynn and West Norfolk,http://data.ordnancesurvey.co.uk/id/7000000000007016,http://data.ordnancesurvey.co.uk/ontology/admingeo/District,Norfolk,http://data.ordnancesurvey.co.uk/id/7000000000007238,http://data.ordnancesurvey.co.uk/ontology/admingeo/County,Eastern,http://data.ordnancesurvey.co.uk/id/7000000000041425,England,http://data.ordnancesurvey.co.uk/id/country/england,,,
PE131JU,http://data.ordnancesurvey.co.uk/id/postcodeunit/PE131JU,PE13 1JU,,,,other,Postcode,545925,309678,3500,18000,,,,,,,Wisbech,http://data.ordnancesurvey.co.uk/id/4000000074551318,http://www.ordnancesurvey.co.uk/xml/codelists/localtype.xml#town,Fenland,http://data.ordnancesurvey.co.uk/id/7000000000001357,http://data.ordnancesurvey.co.uk/ontology/admingeo/District,Cambridgeshire,http://data.ordnancesurvey.co.uk/id/7000000000001386,http://data.ordnancesurvey.co.uk/ontology/admingeo/County,Eastern,http://data.ordnancesurvey.co.uk/id/7000000000041425,England,http://data.ordnancesurvey.co.uk/id/country/england,,,
PE147SG,http://data.ordnancesurvey.co.uk/id/postcodeunit/PE147SG,PE14 7SG,,,,other,Postcode,553760,313582,3500,18000,,,,,,,Terrington St John,http://data.ordnancesurvey.co.uk/id/4000000074550941,http://www.ordnancesurvey.co.uk/xml/codelists/localtype.xml#village,King's Lynn and West Norfolk,http://data.ordnancesurvey.co.uk/id/7000000000007016,http://data.ordnancesurvey.co.uk/ontology/admingeo/District,Norfolk,http://data.ordnancesurvey.co.uk/id/7000000000007238,http://data.ordnancesurvey.co.uk/ontology/admingeo/County,Eastern,http://data.ordnancesurvey.co.uk/id/7000000000041425,England,http://data.ordnancesurvey.co.uk/id/country/england,,,
PE133JT,http://data.ordnancesurvey.co.uk/id/postcodeunit/PE133JT,PE13 3JT,,,,other,Postcode,545999,310738,3500,18000,,,,,,,Wisbech,http://data.ordnancesurvey.co.uk/id/4000000074551318,http://www.ordnancesurvey.co.uk/xml/codelists/localtype.xml#town,Fenland,http://data.ordnancesurvey.co.uk/id/7000000000001357,http://data.ordnancesurvey.co.uk/ontology/admingeo/District,Cambridgeshire,http://data.ordnancesurvey.co.uk/id/7000000000001386,http://data.ordnancesurvey.co.uk/ontology/admingeo/County,Eastern,http://data.ordnancesurvey.co.uk/id/7000000000041425,England,http://data.ordnancesurvey.co.uk/id/country/england,,,
PE148TA,http://data.ordnancesurvey.co.uk/id/postcodeunit/PE148TA,PE14 8TA,,,,other,Postcode,551232,303749,3500,18000,,,,,,,Outwell,http://data.ordnancesurvey.co.uk/id/4000000074548389,http://www.ordnancesurvey.co.uk/xml/codelists/localtype.xml#village,King's Lynn and West Norfolk,http://data.ordnancesurvey.co.uk/id/7000000000007016,http://data.ordnancesurvey.co.uk/ontology/admingeo/District,Norfolk,http://data.ordnancesurvey.co.uk/id/7000000000007238,http://data.ordnancesurvey.co.uk/ontology/admingeo/County,Eastern,http://data.ordnancesurvey.co.uk/id/7000000000041425,England,http://data.ordnancesurvey.co.uk/id/country/england,,,
PE344SR,http://data.ordnancesurvey.co.uk/id/postcodeunit/PE344SR,PE34 4SR,,,,other,Postcode,556317,318753,3500,18000,,,,,,,,,,King's Lynn and West Norfolk,http://data.ordnancesurvey.co.uk/id/7000000000007016,http://data.ordnancesurvey.co.uk/ontology/admingeo/District,Norfolk,http://data.ordnancesurvey.co.uk/id/7000000000007238,http://data.ordnancesurvey.co.uk/ontology/admingeo/County,Eastern,http://data.ordnancesurvey.co.uk/id/7000000000041425,England,http://data.ordnancesurvey.co.uk/id/country/england,,,
PE147TB,http://data.ordnancesurvey.co.uk/id/postcodeunit/PE147TB,PE14 7TB,,,,other,Postcode,553877,314222,3500,18000,,,,,,,Terrington St John,http://data.ordnancesurvey.co.uk/id/4000000074550941,http://www.ordnancesurvey.co.uk/xml/codelists/localtype.xml#village,King's Lynn and West Norfolk,http://data.ordnancesurvey.co.uk/id/7000000000007016,http://data.ordnancesurvey.co.uk/ontology/admingeo/District,Norfolk,http://data.ordnancesurvey.co.uk/id/7000000000007238,http://data.ordnancesurvey.co.uk/ontology/admingeo/County,Eastern,http://data.ordnancesurvey.co.uk/id/7000000000041425,England,http://data.ordnancesurvey.co.uk/id/country/england,,,
PE132QG,http://data.ordnancesurvey.co.uk/id/postcodeunit/PE132QG,PE13 2QG,,,,other,Postcode,546253,309009,3500,18000,,,,,,,Wisbech,http://data.ordnancesurvey.co.uk/id/4000000074551318,http://www.ordnancesurvey.co.uk/xml/codelists/localtype.xml#town,Fenland,http://data.ordnancesurvey.co.uk/id/7000000000001357,http://data.ordnancesurvey.co.uk/ontology/admingeo/District,Cambridgeshire,http://data.ordnancesurvey.co.uk/id/7000000000001386,http://data.ordnancesurvey.co.uk/ontology/admingeo/County,Eastern,http://data.ordnancesurvey.co.uk/id/7000000000041425,England,http://data.ordnancesurvey.co.uk/id/country/england,,,
PE131HB,http://data.ordnancesurvey.co.uk/id/postcodeunit/PE131HB,PE13 1HB,,,,other,Postcode,546175,309614,3500,18000,,,,,,,Wisbech,http://data.ordnancesurvey.co.uk/id/4000000074551318,http://www.ordnancesurvey.co.uk/xml/codelists/localtype.xml#town,Fenland,http://data.ordnancesurvey.co.uk/id/7000000000001357,http://data.ordnancesurvey.co.uk/ontology/admingeo/District,Cambridgeshire,http://data.ordnancesurvey.co.uk/id/7000000000001386,http://data.ordnancesurvey.co.uk/ontology/admingeo/County,Eastern,http://data.ordnancesurvey.co.uk/id/7000000000041425,England,http://data.ordnancesurvey.co.uk/id/country/england,,,
PE133TU,http://data.ordnancesurvey.co.uk/id/postcodeunit/PE133TU,PE13 3TU,,,,other,Postcode,547880,310350,3500,18000,,,,,,,Wisbech,http://data.ordnancesurvey.co.uk/id/4000000074551318,http://www.ordnancesurvey.co.uk/xml/codelists/localtype.xml#town,King's Lynn and West Norfolk,http://data.ordnancesurvey.co.uk/id/7000000000007016,http://data.ordnancesurvey.co.uk/ontology/admingeo/District,Norfolk,http://data.ordnancesurvey.co.uk/id/7000000000007238,http://data.ordnancesurvey.co.uk/ontology/admingeo/County,Eastern,http://data.ordnancesurvey.co.uk/id/7000000000041425,England,http://data.ordnancesurvey.co.uk/id/country/england,,,
PE132EY,http://data.ordnancesurvey.co.uk/id/postcodeunit/PE132EY,PE13 2EY,,,,other,Postcode,546790,309769,3500,18000,,,,,,,Wisbech,http://data.ordnancesurvey.co.uk/id/4000000074551318,http://www.ordnancesurvey.co.uk/xml/codelists/localtype.xml#town,Fenland,http://data.ordnancesurvey.co.uk/id/7000000000001357,http://data.ordnancesurvey.co.uk/ontology/admingeo/District,Cambridgeshire,http://data.ordnancesurvey.co.uk/id/7000000000001386,http://data.ordnancesurvey.co.uk/ontology/admingeo/County,Eastern,http://data.ordnancesurvey.co.uk/id/7000000000041425,England,http://data.ordnancesurvey.co.uk/id/country/england,,,
PE132LY,http://data.ordnancesurvey.co.uk/id/postcodeunit/PE132LY,PE13 2LY,,,,other,Postcode,546406,309345,3500,18000,,,,,,,Wisbech,http://data.ordnancesurvey.co.uk/id/4000000074551318,http://www.ordnancesurvey.co.uk/xml/codelists/localtype.xml#town,Fenland,http://data.ordnancesurvey.co.uk/id/7000000000001357,http://data.ordnancesurvey.co.uk/ontology/admingeo/District,Cambridgeshire,http://data.ordnancesurvey.co.uk/id/7000000000001386,http://data.ordnancesurvey.co.uk/ontology/admingeo/County,Eastern,http://data.ordnancesurvey.co.uk/id/7000000000041425,England,http://data.ordnancesurvey.co.uk/id/country/england,,,
PE147LX,http://data.ordnancesurvey.co.uk/id/postcodeunit/PE147LX,PE14 7LX,,,,other,Postcode,552182,318548,3500,18000,,,,,,,Walpole Cross Keys,http://data.ordnancesurvey.co.uk/id/4000000074548396,http://www.ordnancesurvey.co.uk/xml/codelists/localtype.xml#village,King's Lynn and West Norfolk,http://data.ordnancesurvey.co.uk/id/7000000000007016,http://data.ordnancesurvey.co.uk/ontology/admingeo/District,Norfolk,http://data.ordnancesurvey.co.uk/id/7000000000007238,http://data.ordnancesurvey.co.uk/ontology/admingeo/County,Eastern,http://data.ordnancesurvey.co.uk/id/7000000000041425,England,http://data.ordnancesurvey.co.uk/id/country/england,,,
PE132EW,http://data.ordnancesurvey.co.uk/id/postcodeunit/PE132EW,PE13 2EW,,,,other,Postcode,546844,310164,3500,18000,,,,,,,Wisbech,http://data.ordnancesurvey.co.uk/id/4000000074551318,http://www.ordnancesurvey.co.uk/xml/codelists/localtype.xml#town,Fenland,http://data.ordnancesurvey.co.uk/id/7000000000001357,http://data.ordnancesurvey.co.uk/ontology/admingeo/District,Cambridgeshire,http://data.ordnancesurvey.co.uk/id/7000000000001386,http://data.ordnancesurvey.co.uk/ontology/admingeo/County,Eastern,http://data.ordnancesurvey.co.uk/id/7000000000041425,England,http://data.ordnancesurvey.co.uk/id/country/england,,,
PE140ST,http://data.ordnancesurvey.co.uk/id/postcodeunit/PE140ST,PE14 0ST,,,,other,Postcode,545472,308831,3500,18000,,,,,,,Wisbech,http://data.ordnancesurvey.co.uk/id/4000000074551318,http://www.ordnancesurvey.co.uk/xml/codelists/localtype.xml#town,Fenland,http://data.ordnancesurvey.co.uk/id/7000000000001357,http://data.ordnancesurvey.co.uk/ontology/admingeo/District,Cambridgeshire,http://data.ordnancesurvey.co.uk/id/7000000000001386,http://data.ordnancesurvey.co.uk/ontology/admingeo/County,Eastern,http://data.ordnancesurvey.co.uk/id/7000000000041425,England,http://data.ordnancesurvey.co.uk/id/country/england,,,
PE135HR,http://data.ordnancesurvey.co.uk/id/postcodeunit/PE135HR,PE13 5HR,,,,other,Postcode,542991,314607,3500,18000,,,,,,,Newton-in-the-Isle,http://data.ordnancesurvey.co.uk/id/4000000074548769,http://www.ordnancesurvey.co.uk/xml/codelists/localtype.xml#village,Fenland,http://data.ordnancesurvey.co.uk/id/7000000000001357,http://data.ordnancesurvey.co.uk/ontology/admingeo/District,Cambridgeshire,http://data.ordnancesurvey.co.uk/id/7000000000001386,http://data.ordnancesurvey.co.uk/ontology/admingeo/County,Eastern,http://data.ordnancesurvey.co.uk/id/7000000000041425,England,http://data.ordnancesurvey.co.uk/id/country/england,,,
PE135EF,http://data.ordnancesurvey.co.uk/id/postcodeunit/PE135EF,PE13 5EF,,,,other,Postcode,543644,310665,3500,18000,,,,,,,Leverington,http://data.ordnancesurvey.co.uk/id/4000000074551313,http://www.ordnancesurvey.co.uk/xml/codelists/localtype.xml#village,Fenland,http://data.ordnancesurvey.co.uk/id/7000000000001357,http://data.ordnancesurvey.co.uk/ontology/admingeo/District,Cambridgeshire,http://data.ordnancesurvey.co.uk/id/7000000000001386,http://data.ordnancesurvey.co.uk/ontology/admingeo/County,Eastern,http://data.ordnancesurvey.co.uk/id/7000000000041425,England,http://data.ordnancesurvey.co.uk/id/country/england,,,
PE135NZ,http://data.ordnancesurvey.co.uk/id/postcodeunit/PE135NZ,PE13 5NZ,,,,other,Postcode,543394,316675,3500,18000,,,,,,,Tydd St Giles,http://data.ordnancesurvey.co.uk/id/4000000074548770,http://www.ordnancesurvey.co.uk/xml/codelists/localtype.xml#village,Fenland,http://data.ordnancesurvey.co.uk/id/7000000000001357,http://data.ordnancesurvey.co.uk/ontology/admingeo/District,Cambridgeshire,http://data.ordnancesurvey.co.uk/id/7000000000001386,http://data.ordnancesurvey.co.uk/ontology/admingeo/County,Eastern,http://data.ordnancesurvey.co.uk/id/7000000000041425,England,http://data.ordnancesurvey.co.uk/id/country/england,,,
PE135BW,http://data.ordnancesurvey.co.uk/id/postcodeunit/PE135BW,PE13 5BW,,,,other,Postcode,543741,310612,3500,18000,,,,,,,Leverington,http://data.ordnancesurvey.co.uk/id/4000000074551313,http://www.ordnancesurvey.co.uk/xml/codelists/localtype.xml#village,Fenland,http://data.ordnancesurvey.co.uk/id/7000000000001357,http://data.ordnancesurvey.co.uk/ontology/admingeo/District,Cambridgeshire,http://data.ordnancesurvey.co.uk/id/7000000000001386,http://data.ordnancesurvey.co.uk/ontology/admingeo/County,Eastern,http://data.ordnancesurvey.co.uk/id/7000000000041425,England,http://data.ordnancesurvey.co.uk/id/country/england,,,
PE344QG,http://data.ordnancesurvey.co.uk/id/postcodeunit/PE344QG,PE34 4QG,,,,other,Postcode,555139,315132,3500,18000,,,,,,,Tilney St Lawrence,http://data.ordnancesurvey.co.uk/id/4000000074550579,http://www.ordnancesurvey.co.uk/xml/codelists/localtype.xml#village,King's Lynn and West Norfolk,http://data.ordnancesurvey.co.uk/id/7000000000007016,http://data.ordnancesurvey.co.uk/ontology/admingeo/District,Norfolk,http://data.ordnancesurvey.co.uk/id/7000000000007238,http://data.ordnancesurvey.co.uk/ontology/admingeo/County,Eastern,http://data.ordnancesurvey.co.uk/id/7000000000041425,England,http://data.ordnancesurvey.co.uk/id/country/england,,,
PE147HR,http://data.ordnancesurvey.co.uk/id/postcodeunit/PE147HR,PE14 7HR,,,,other,Postcode,549589,316691,3500,18000,,,,,,,Walpole St Peter,http://data.ordnancesurvey.co.uk/id/4000000074550943,http://www.ordnancesurvey.co.uk/xml/codelists/localtype.xml#village,King's Lynn and West Norfolk,http://data.ordnancesurvey.co.uk/id/7000000000007016,http://data.ordnancesurvey.co.uk/ontology/admingeo/District,Norfolk,http://data.ordnancesurvey.co.uk/id/7000000000007238,http://data.ordnancesurvey.co.uk/ontology/admingeo/County,Eastern,http://data.ordnancesurvey.co.uk/id/7000000000041425,England,http://data.ordnancesurvey.co.uk/id/country/england,,,
PE133NX,http://data.ordnancesurvey.co.uk/id/postcodeunit/PE133NX,PE13 3NX,,,,other,Postcode,546532,310787,3500,18000,,,,,,,Wisbech,http://data.ordnancesurvey.co.uk/id/4000000074551318,http://www.ordnancesurvey.co.uk/xml/codelists/localtype.xml#town,Fenland,http://data.ordnancesurvey.co.uk/id/7000000000001357,http://data.ordnancesurvey.co.uk/ontology/admingeo/District,Cambridgeshire,http://data.ordnancesurvey.co.uk/id/7000000000001386,http://data.ordnancesurvey.co.uk/ontology/admingeo/County,Eastern,http://data.ordnancesurvey.co.uk/id/7000000000041425,England,http://data.ordnancesurvey.co.uk/id/country/england,,,
PE134RH,http://data.ordnancesurvey.co.uk/id/postcodeunit/PE134RH,PE13 4RH,,,,other,Postcode,542166,308139,3500,18000,,,,,,,Wisbech St Mary,http://data.ordnancesurvey.co.uk/id/4000000074551315,http://www.ordnancesurvey.co.uk/xml/codelists/localtype.xml#village,Fenland,http://data.ordnancesurvey.co.uk/id/7000000000001357,http://data.ordnancesurvey.co.uk/ontology/admingeo/District,Cambridgeshire,http://data.ordnancesurvey.co.uk/id/7000000000001386,http://data.ordnancesurvey.co.uk/ontology/admingeo/County,Eastern,http://data.ordnancesurvey.co.uk/id/7000000000041425,England,http://data.ordnancesurvey.co.uk/id/country/england,,,
PE140BE,http://data.ordnancesurvey.co.uk/id/postcodeunit/PE140BE,PE14 0BE,,,,other,Postcode,546310,306745,3500,18000,,,,,,,,,,Fenland,http://data.ordnancesurvey.co.uk/id/7000000000001357,http://data.ordnancesurvey.co.uk/ontology/admingeo/District,Cambridgeshire,http://data.ordnancesurvey.co.uk/id/7000000000001386,http://data.ordnancesurvey.co.uk/ontology/admingeo/County,Eastern,http://data.ordnancesurvey.co.uk/id/7000000000041425,England,http://data.ordnancesurvey.co.uk/id/country/england,,,
PE135AJ,http://data.ordnancesurvey.co.uk/id/postcodeunit/PE135AJ,PE13 5AJ,,,,other,Postcode,544384,311578,3500,18000,,,,,,,Leverington,http://data.ordnancesurvey.co.uk/id/4000000074551313,http://www.ordnancesurvey.co.uk/xml/codelists/localtype.xml#village,Fenland,http://data.ordnancesurvey.co.uk/id/7000000000001357,http://data.ordnancesurvey.co.uk/ontology/admingeo/District,Cambridgeshire,http://data.ordnancesurvey.co.uk/id/7000000000001386,http://data.ordnancesurvey.co.uk/ontology/admingeo/County,Eastern,http://data.ordnancesurvey.co.uk/id/7000000000041425,England,http://data.ordnancesurvey.co.uk/id/country/england,,,
PE149HJ,http://data.ordnancesurvey.co.uk/id/postcodeunit/PE149HJ,PE14 9HJ,,,,other,Postcode,550711,300970,3500,18000,,,,,,,Plaw Field,http://data.ordnancesurvey.co.uk/id/4000000074550937,http://www.ordnancesurvey.co.uk/xml/codelists/localtype.xml#hamlet,King's Lynn and West Norfolk,http://data.ordnancesurvey.co.uk/id/7000000000007016,http://data.ordnancesurvey.co.uk/ontology/admingeo/District,Norfolk,http://data.ordnancesurvey.co.uk/id/7000000000007238,http://data.ordnancesurvey.co.uk/ontology/admingeo/County,Eastern,http://data.ordnancesurvey.co.uk/id/7000000000041425,England,http://data.ordnancesurvey.co.uk/id/country/england,,,
PE140DQ,http://data.ordnancesurvey.co.uk/id/postcodeunit/PE140DQ,PE14 0DQ,,,,other,Postcode,547024,307944,3500,18000,,,,,,,Wisbech,http://data.ordnancesurvey.co.uk/id/4000000074551318,http://www.ordnancesurvey.co.uk/xml/codelists/localtype.xml#town,King's Lynn and West Norfolk,http://data.ordnancesurvey.co.uk/id/7000000000007016,http://data.ordnancesurvey.co.uk/ontology/admingeo/District,Norfolk,http://data.ordnancesurvey.co.uk/id/7000000000007238,http://data.ordnancesurvey.co.uk/ontology/admingeo/County,Eastern,http://data.ordnancesurvey.co.uk/id/7000000000041425,England,http://data.ordnancesurvey.co.uk/id/country/england,,,
PE132PH,http://data.ordnancesurvey.co.uk/id/postcodeunit/PE132PH,PE13 2PH,,,,other,Postcode,546201,309092,3500,18000,,,,,,,Wisbech,http://data.ordnancesurvey.co.uk/id/4000000074551318,http://www.ordnancesurvey.co.uk/xml/codelists/localtype.xml#town,Fenland,http://data.ordnancesurvey.co.uk/id/7000000000001357,http://data.ordnancesurvey.co.uk/ontology/admingeo/District,Cambridgeshire,http://data.ordnancesurvey.co.uk/id/7000000000001386,http://data.ordnancesurvey.co.uk/ontology/admingeo/County,Eastern,http://data.ordnancesurvey.co.uk/id/7000000000041425,England,http://data.ordnancesurvey.co.uk/id/country/england,,,
PE133TG,http://data.ordnancesurvey.co.uk/id/postcodeunit/PE133TG,PE13 3TG,,,,other,Postcode,547452,309966,3500,18000,,,,,,,Wisbech,http://data.ordnancesurvey.co.uk/id/4000000074551318,http://www.ordnancesurvey.co.uk/xml/codelists/localtype.xml#town,Fenland,http://data.ordnancesurvey.co.uk/id/7000000000001357,http://data.ordnancesurvey.co.uk/ontology/admingeo/District,Cambridgeshire,http://data.ordnancesurvey.co.uk/id/7000000000001386,http://data.ordnancesurvey.co.uk/ontology/admingeo/County,Eastern,http://data.ordnancesurvey.co.uk/id/7000000000041425,England,http://data.ordnancesurvey.co.uk/id/country/england,,,
PE132JF,http://data.ordnancesurvey.co.uk/id/postcodeunit/PE132JF,PE13 2JF,,,,other,Postcode,546933,309201,3500,18000,,,,,,,Wisbech,http://data.ordnancesurvey.co.uk/id/4000000074551318,http://www.ordnancesurvey.co.uk/xml/codelists/localtype.xml#town,Fenland,http://data.ordnancesurvey.co.uk/id/7000000000001357,http://data.ordnancesurvey.co.uk/ontology/admingeo/District,Cambridgeshire,http://data.ordnancesurvey.co.uk/id/7000000000001386,http://data.ordnancesurvey.co.uk/ontology/admingeo/County,Eastern,http://data.ordnancesurvey.co.uk/id/7000000000041425,England,http://data.ordnancesurvey.co.uk/id/country/england,,,
PE131HR,http://data.ordnancesurvey.co.uk/id/postcodeunit/PE131HR,PE13 1HR,,,,other,Postcode,546294,309372,3500,18000,,,,,,,Wisbech,http://data.ordnancesurvey.co.uk/id/4000000074551318,http://www.ordnancesurvey.co.uk/xml/codelists/localtype.xml#town,Fenland,http://data.ordnancesurvey.co.uk/id/7000000000001357,http://data.ordnancesurvey.co.uk/ontology/admingeo/District,Cambridgeshire,http://data.ordnancesurvey.co.uk/id/7000000000001386,http://data.ordnancesurvey.co.uk/ontology/admingeo/County,Eastern,http://data.ordnancesurvey.co.uk/id/7000000000041425,England,http://data.ordnancesurvey.co.uk/id/country/england,,,
PE131JF,http://data.ordnancesurvey.co.uk/id/postcodeunit/PE131JF,PE13 1JF,,,,other,Postcode,545931,309571,3500,18000,,,,,,,Wisbech,http://data.ordnancesurvey.co.uk/id/4000000074551318,http://www.ordnancesurvey.co.uk/xml/codelists/localtype.xml#town,Fenland,http://data.ordnancesurvey.co.uk/id/7000000000001357,http://data.ordnancesurvey.co.uk/ontology/admingeo/District,Cambridgeshire,http://data.ordnancesurvey.co.uk/id/7000000000001386,http://data.ordnancesurvey.co.uk/ontology/admingeo/County,Eastern,http://data.ordnancesurvey.co.uk/id/7000000000041425,England,http://data.ordnancesurvey.co.uk/id/country/england,,,
PE140HF,http://data.ordnancesurvey.co.uk/id/postcodeunit/PE140HF,PE14 0HF,,,,other,Postcode,546540,304754,3500,18000,,,,,,,Friday Bridge,http://data.ordnancesurvey.co.uk/id/4000000074550225,http://www.ordnancesurvey.co.uk/xml/codelists/localtype.xml#village,Fenland,http://data.ordnancesurvey.co.uk/id/7000000000001357,http://data.ordnancesurvey.co.uk/ontology/admingeo/District,Cambridgeshire,http://data.ordnancesurvey.co.uk/id/7000000000001386,http://data.ordnancesurvey.co.uk/ontology/admingeo/County,Eastern,http://data.ordnancesurvey.co.uk/id/7000000000041425,England,http://data.ordnancesurvey.co.uk/id/country/england,,,
PE148TF,http://data.ordnancesurvey.co.uk/id/postcodeunit/PE148TF,PE14 8TF,,,,other,Postcode,551188,304215,3500,18000,,,,,,,Outwell,http://data.ordnancesurvey.co.uk/id/4000000074548389,http://www.ordnancesurvey.co.uk/xml/codelists/localtype.xml#village,King's Lynn and West Norfolk,http://data.ordnancesurvey.co.uk/id/7000000000007016,http://data.ordnancesurvey.co.uk/ontology/admingeo/District,Norfolk,http://data.ordnancesurvey.co.uk/id/7000000000007238,http://data.ordnancesurvey.co.uk/ontology/admingeo/County,Eastern,http://data.ordnancesurvey.co.uk/id/7000000000041425,England,http://data.ordnancesurvey.co.uk/id/country/england,,,
PE133BL,http://data.ordnancesurvey.co.uk/id/postcodeunit/PE133BL,PE13 3BL,,,,other,Postcode,546260,310210,3500,18000,,,,,,,Wisbech,http://data.ordnancesurvey.co.uk/id/4000000074551318,http://www.ordnancesurvey.co.uk/xml/codelists/localtype.xml#town,Fenland,http://data.ordnancesurvey.co.uk/id/7000000000001357,http://data.ordnancesurvey.co.uk/ontology/admingeo/District,Cambridgeshire,http://data.ordnancesurvey.co.uk/id/7000000000001386,http://data.ordnancesurvey.co.uk/ontology/admingeo/County,Eastern,http://data.ordnancesurvey.co.uk/id/7000000000041425,England,http://data.ordnancesurvey.co.uk/id/country/england,,,
PE140BA,http://data.ordnancesurvey.co.uk/id/postcodeunit/PE140BA,PE14 0BA,,,,other,Postcode,545375,306315,3500,18000,,,,,,,Begdale,http://data.ordnancesurvey.co.uk/id/4000000074550949,http://www.ordnancesurvey.co.uk/xml/codelists/localtype.xml#hamlet,Fenland,http://data.ordnancesurvey.co.uk/id/7000000000001357,http://data.ordnancesurvey.co.uk/ontology/admingeo/District,Cambridgeshire,http://data.ordnancesurvey.co.uk/id/7000000000001386,http://data.ordnancesurvey.co.uk/ontology/admingeo/County,Eastern,http://data.ordnancesurvey.co.uk/id/7000000000041425,England,http://data.ordnancesurvey.co.uk/id/country/england,,,
PE133AE,http://data.ordnancesurvey.co.uk/id/postcodeunit/PE133AE,PE13 3AE,,,,other,Postcode,546165,310367,3500,18000,,,,,,,Wisbech,http://data.ordnancesurvey.co.uk/id/4000000074551318,http://www.ordnancesurvey.co.uk/xml/codelists/localtype.xml#town,Fenland,http://data.ordnancesurvey.co.uk/id/7000000000001357,http://data.ordnancesurvey.co.uk/ontology/admingeo/District,Cambridgeshire,http://data.ordnancesurvey.co.uk/id/7000000000001386,http://data.ordnancesurvey.co.uk/ontology/admingeo/County,Eastern,http://data.ordnancesurvey.co.uk/id/7000000000041425,England,http://data.ordnancesurvey.co.uk/id/country/england,,,
PE131JT,http://data.ordnancesurvey.co.uk/id/postcodeunit/PE131JT,PE13 1JT,,,,other,Postcode,545971,309682,3500,18000,,,,,,,Wisbech,http://data.ordnancesurvey.co.uk/id/4000000074551318,http://www.ordnancesurvey.co.uk/xml/codelists/localtype.xml#town,Fenland,http://data.ordnancesurvey.co.uk/id/7000000000001357,http://data.ordnancesurvey.co.uk/ontology/admingeo/District,Cambridgeshire,http://data.ordnancesurvey.co.uk/id/7000000000001386,http://data.ordnancesurvey.co.uk/ontology/admingeo/County,Eastern,http://data.ordnancesurvey.co.uk/id/7000000000041425,England,http://data.ordnancesurvey.co.uk/id/country/england,,,
PE140SE,http://data.ordnancesurvey.co.uk/id/postcodeunit/PE140SE,PE14 0SE,,,,other,Postcode,545282,307767,3500,18000,,,,,,,Wisbech,http://data.ordnancesurvey.co.uk/id/4000000074551318,http://www.ordnancesurvey.co.uk/xml/codelists/localtype.xml#town,Fenland,http://data.ordnancesurvey.co.uk/id/7000000000001357,http://data.ordnancesurvey.co.uk/ontology/admingeo/District,Cambridgeshire,http://data.ordnancesurvey.co.uk/id/7000000000001386,http://data.ordnancesurvey.co.uk/ontology/admingeo/County,Eastern,http://data.ordnancesurvey.co.uk/id/7000000000041425,England,http://data.ordnancesurvey.co.uk/id/country/england,,,
PE344JG,http://data.ordnancesurvey.co.uk/id/postcodeunit/PE344JG,PE34 4JG,,,,other,Postcode,554021,319543,3500,18000,,,,,,,Terrington St Clement,http://data.ordnancesurvey.co.uk/id/4000000074548395,http://www.ordnancesurvey.co.uk/xml/codelists/localtype.xml#otherSettlement,King's Lynn and West Norfolk,http://data.ordnancesurvey.co.uk/id/7000000000007016,http://data.ordnancesurvey.co.uk/ontology/admingeo/District,Norfolk,http://data.ordnancesurvey.co.uk/id/7000000000007238,http://data.ordnancesurvey.co.uk/ontology/admingeo/County,Eastern,http://data.ordnancesurvey.co.uk/id/7000000000041425,England,http://data.ordnancesurvey.co.uk/id/country/england,,,
PE131RZ,http://data.ordnancesurvey.co.uk/id/postcodeunit/PE131RZ,PE13 1RZ,,,,other,Postcode,545497,310511,3500,18000,,,,,,,Wisbech,http://data.ordnancesurvey.co.uk/id/4000000074551318,http://www.ordnancesurvey.co.uk/xml/codelists/localtype.xml#town,Fenland,http://data.ordnancesurvey.co.uk/id/7000000000001357,http://data.ordnancesurvey.co.uk/ontology/admingeo/District,Cambridgeshire,http://data.ordnancesurvey.co.uk/id/7000000000001386,http://data.ordnancesurvey.co.uk/ontology/admingeo/County,Eastern,http://data.ordnancesurvey.co.uk/id/7000000000041425,England,http://data.ordnancesurvey.co.uk/id/country/england,,,
PE131EX,http://data.ordnancesurvey.co.uk/id/postcodeunit/PE131EX,PE13 1EX,,,,other,Postcode,546223,309623,3500,18000,,,,,,,Wisbech,http://data.ordnancesurvey.co.uk/id/4000000074551318,http://www.ordnancesurvey.co.uk/xml/codelists/localtype.xml#town,Fenland,http://data.ordnancesurvey.co.uk/id/7000000000001357,http://data.ordnancesurvey.co.uk/ontology/admingeo/District,Cambridgeshire,http://data.ordnancesurvey.co.uk/id/7000000000001386,http://data.ordnancesurvey.co.uk/ontology/admingeo/County,Eastern,http://data.ordnancesurvey.co.uk/id/7000000000041425,England,http://data.ordnancesurvey.co.uk/id/country/england,,,
PE131SF,http://data.ordnancesurvey.co.uk/id/postcodeunit/PE131SF,PE13 1SF,,,,other,Postcode,545127,310572,3500,18000,,,,,,,Wisbech,http://data.ordnancesurvey.co.uk/id/4000000074551318,http://www.ordnancesurvey.co.uk/xml/codelists/localtype.xml#town,Fenland,http://data.ordnancesurvey.co.uk/id/7000000000001357,http://data.ordnancesurvey.co.uk/ontology/admingeo/District,Cambridgeshire,http://data.ordnancesurvey.co.uk/id/7000000000001386,http://data.ordnancesurvey.co.uk/ontology/admingeo/County,Eastern,http://data.ordnancesurvey.co.uk/id/7000000000041425,England,http://data.ordnancesurvey.co.uk/id/country/england,,,
PE131PP,http://data.ordnancesurvey.co.uk/id/postcodeunit/PE131PP,PE13 1PP,,,,other,Postcode,545789,310552,3500,18000,,,,,,,Wisbech,http://data.ordnancesurvey.co.uk/id/4000000074551318,http://www.ordnancesurvey.co.uk/xml/codelists/localtype.xml#town,Fenland,http://data.ordnancesurvey.co.uk/id/7000000000001357,http://data.ordnancesurvey.co.uk/ontology/admingeo/District,Cambridgeshire,http://data.ordnancesurvey.co.uk/id/7000000000001386,http://data.ordnancesurvey.co.uk/ontology/admingeo/County,Eastern,http://data.ordnancesurvey.co.uk/id/7000000000041425,England,http://data.ordnancesurvey.co.uk/id/country/england,,,
PE380AL,http://data.ordnancesurvey.co.uk/id/postcodeunit/PE380AL,PE38 0AL,,,,other,Postcode,557087,303457,3500,18000,,,,,,,Barroway Drove,http://data.ordnancesurvey.co.uk/id/4000000074327856,http://www.ordnancesurvey.co.uk/xml/codelists/localtype.xml#village,King's Lynn and West Norfolk,http://data.ordnancesurvey.co.uk/id/7000000000007016,http://data.ordnancesurvey.co.uk/ontology/admingeo/District,Norfolk,http://data.ordnancesurvey.co.uk/id/7000000000007238,http://data.ordnancesurvey.co.uk/ontology/admingeo/County,Eastern,http://data.ordnancesurvey.co.uk/id/7000000000041425,England,http://data.ordnancesurvey.co.uk/id/country/england,,,
PE133DH,http://data.ordnancesurvey.co.uk/id/postcodeunit/PE133DH,PE13 3DH,,,,other,Postcode,546653,310290,3500,18000,,,,,,,Wisbech,http://data.ordnancesurvey.co.uk/id/4000000074551318,http://www.ordnancesurvey.co.uk/xml/codelists/localtype.xml#town,Fenland,http://data.ordnancesurvey.co.uk/id/7000000000001357,http://data.ordnancesurvey.co.uk/ontology/admingeo/District,Cambridgeshire,http://data.ordnancesurvey.co.uk/id/7000000000001386,http://data.ordnancesurvey.co.uk/ontology/admingeo/County,Eastern,http://data.ordnancesurvey.co.uk/id/7000000000041425,England,http://data.ordnancesurvey.co.uk/id/country/england,,,
PE149JY,http://data.ordnancesurvey.co.uk/id/postcodeunit/PE149JY,PE14 9JY,,,,other,Postcode,551598,300152,3500,18000,,,,,,,,,,King's Lynn and West Norfolk,http://data.ordnancesurvey.co.uk/id/7000000000007016,http://data.ordnancesurvey.co.uk/ontology/admingeo/District,Norfolk,http://data.ordnancesurvey.co.uk/id/7000000000007238,http://data.ordnancesurvey.co.uk/ontology/admingeo/County,Eastern,http://data.ordnancesurvey.co.uk/id/7000000000041425,England,http://data.ordnancesurvey.co.uk/id/country/england,,,
PE135AA,http://data.ordnancesurvey.co.uk/id/postcodeunit/PE135AA,PE13 5AA,,,,other,Postcode,544515,311528,3500,18000,,,,,,,Leverington,http://data.ordnancesurvey.co.uk/id/4000000074551313,http://www.ordnancesurvey.co.uk/xml/codelists/localtype.xml#village,Fenland,http://data.ordnancesurvey.co.uk/id/7000000000001357,http://data.ordnancesurvey.co.uk/ontology/admingeo/District,Cambridgeshire,http://data.ordnancesurvey.co.uk/id/7000000000001386,http://data.ordnancesurvey.co.uk/ontology/admingeo/County,Eastern,http://data.ordnancesurvey.co.uk/id/7000000000041425,England,http://data.ordnancesurvey.co.uk/id/country/england,,,
PE134PH,http://data.ordnancesurvey.co.uk/id/postcodeunit/PE134PH,PE13 4PH,,,,other,Postcode,541391,312029,3500,18000,,,,,,,Gorefield,http://data.ordnancesurvey.co.uk/id/4000000074551667,http://www.ordnancesurvey.co.uk/xml/codelists/localtype.xml#village,Fenland,http://data.ordnancesurvey.co.uk/id/7000000000001357,http://data.ordnancesurvey.co.uk/ontology/admingeo/District,Cambridgeshire,http://data.ordnancesurvey.co.uk/id/7000000000001386,http://data.ordnancesurvey.co.uk/ontology/admingeo/County,Eastern,http://data.ordnancesurvey.co.uk/id/7000000000041425,England,http://data.ordnancesurvey.co.uk/id/country/england,,,
PE147BF,http://data.ordnancesurvey.co.uk/id/postcodeunit/PE147BF,PE14 7BF,,,,other,Postcode,549299,311959,3500,18000,,,,,,,,,,King's Lynn and West Norfolk,http://data.ordnancesurvey.co.uk/id/7000000000007016,http://data.ordnancesurvey.co.uk/ontology/admingeo/District,Norfolk,http://data.ordnancesurvey.co.uk/id/7000000000007238,http://data.ordnancesurvey.co.uk/ontology/admingeo/County,Eastern,http://data.ordnancesurvey.co.uk/id/7000000000041425,England,http://data.ordnancesurvey.co.uk/id/country/england,,,
PE343HD,http://data.ordnancesurvey.co.uk/id/postcodeunit/PE343HD,PE34 3HD,,,,other,Postcode,559848,314089,3500,18000,,,,,,,Wiggenhall St Germans,http://data.ordnancesurvey.co.uk/id/4000000074550213,http://www.ordnancesurvey.co.uk/xml/codelists/localtype.xml#village,King's Lynn and West Norfolk,http://data.ordnancesurvey.co.uk/id/7000000000007016,http://data.ordnancesurvey.co.uk/ontology/admingeo/District,Norfolk,http://data.ordnancesurvey.co.uk/id/7000000000007238,http://data.ordnancesurvey.co.uk/ontology/admingeo/County,Eastern,http://data.ordnancesurvey.co.uk/id/7000000000041425,England,http://data.ordnancesurvey.co.uk/id/country/england,,,
PE140LN,http://data.ordnancesurvey.co.uk/id/postcodeunit/PE140LN,PE14 0LN,,,,other,Postcode,543889,302907,3500,18000,,,,,,,,,,Fenland,http://data.ordnancesurvey.co.uk/id/7000000000001357,http://data.ordnancesurvey.co.uk/ontology/admingeo/District,Cambridgeshire,http://data.ordnancesurvey.co.uk/id/7000000000001386,http://data.ordnancesurvey.co.uk/ontology/admingeo/County,Eastern,http://data.ordnancesurvey.co.uk/id/7000000000041425,England,http://data.ordnancesurvey.co.uk/id/country/england,,,
PE148SF,http://data.ordnancesurvey.co.uk/id/postcodeunit/PE148SF,PE14 8SF,,,,other,Postcode,551213,303683,3500,18000,,,,,,,Outwell,http://data.ordnancesurvey.co.uk/id/4000000074548389,http://www.ordnancesurvey.co.uk/xml/codelists/localtype.xml#village,King's Lynn and West Norfolk,http://data.ordnancesurvey.co.uk/id/7000000000007016,http://data.ordnancesurvey.co.uk/ontology/admingeo/District,Norfolk,http://data.ordnancesurvey.co.uk/id/7000000000007238,http://data.ordnancesurvey.co.uk/ontology/admingeo/County,Eastern,http://data.ordnancesurvey.co.uk/id/7000000000041425,England,http://data.ordnancesurvey.co.uk/id/country/england,,,
PE149BA,http://data.ordnancesurvey.co.uk/id/postcodeunit/PE149BA,PE14 9BA,,,,other,Postcode,550665,302908,3500,18000,,,,,,,Upwell,http://data.ordnancesurvey.co.uk/id/4000000074550938,http://www.ordnancesurvey.co.uk/xml/codelists/localtype.xml#village,King's Lynn and West Norfolk,http://data.ordnancesurvey.co.uk/id/7000000000007016,http://data.ordnancesurvey.co.uk/ontology/admingeo/District,Norfolk,http://data.ordnancesurvey.co.uk/id/7000000000007238,http://data.ordnancesurvey.co.uk/ontology/admingeo/County,Eastern,http://data.ordnancesurvey.co.uk/id/7000000000041425,England,http://data.ordnancesurvey.co.uk/id/country/england,,,
PE135FE,http://data.ordnancesurvey.co.uk/id/postcodeunit/PE135FE,PE13 5FE,,,,other,Postcode,543474,310666,3500,18000,,,,,,,Leverington,http://data.ordnancesurvey.co.uk/id/4000000074551313,http://www.ordnancesurvey.co.uk/xml/codelists/localtype.xml#village,Fenland,http://data.ordnancesurvey.co.uk/id/7000000000001357,http://data.ordnancesurvey.co.uk/ontology/admingeo/District,Cambridgeshire,http://data.ordnancesurvey.co.uk/id/7000000000001386,http://data.ordnancesurvey.co.uk/ontology/admingeo/County,Eastern,http://data.ordnancesurvey.co.uk/id/7000000000041425,England,http://data.ordnancesurvey.co.uk/id/country/england,,,
PE132JL,http://data.ordnancesurvey.co.uk/id/postcodeunit/PE132JL,PE13 2JL,,,,other,Postcode,547360,309224,3500,18000,,,,,,,Wisbech,http://data.ordnancesurvey.co.uk/id/4000000074551318,http://www.ordnancesurvey.co.uk/xml/codelists/localtype.xml#town,Fenland,http://data.ordnancesurvey.co.uk/id/7000000000001357,http://data.ordnancesurvey.co.uk/ontology/admingeo/District,Cambridgeshire,http://data.ordnancesurvey.co.uk/id/7000000000001386,http://data.ordnancesurvey.co.uk/ontology/admingeo/County,Eastern,http://data.ordnancesurvey.co.uk/id/7000000000041425,England,http://data.ordnancesurvey.co.uk/id/country/england,,,
PE132JQ,http://data.ordnancesurvey.co.uk/id/postcodeunit/PE132JQ,PE13 2JQ,,,,other,Postcode,547198,309101,3500,18000,,,,,,,Wisbech,http://data.ordnancesurvey.co.uk/id/4000000074551318,http://www.ordnancesurvey.co.uk/xml/codelists/localtype.xml#town,Fenland,http://data.ordnancesurvey.co.uk/id/7000000000001357,http://data.ordnancesurvey.co.uk/ontology/admingeo/District,Cambridgeshire,http://data.ordnancesurvey.co.uk/id/7000000000001386,http://data.ordnancesurvey.co.uk/ontology/admingeo/County,Eastern,http://data.ordnancesurvey.co.uk/id/7000000000041425,England,http://data.ordnancesurvey.co.uk/id/country/england,,,
PE147RS,http://data.ordnancesurvey.co.uk/id/postcodeunit/PE147RS,PE14 7RS,,,,other,Postcode,553835,314328,3500,18000,,,,,,,Terrington St John,http://data.ordnancesurvey.co.uk/id/4000000074550941,http://www.ordnancesurvey.co.uk/xml/codelists/localtype.xml#village,King's Lynn and West Norfolk,http://data.ordnancesurvey.co.uk/id/7000000000007016,http://data.ordnancesurvey.co.uk/ontology/admingeo/District,Norfolk,http://data.ordnancesurvey.co.uk/id/7000000000007238,http://data.ordnancesurvey.co.uk/ontology/admingeo/County,Eastern,http://data.ordnancesurvey.co.uk/id/7000000000041425,England,http://data.ordnancesurvey.co.uk/id/country/england,,,
PE147DL,http://data.ordnancesurvey.co.uk/id/postcodeunit/PE147DL,PE14 7DL,,,,other,Postcode,550502,310596,3500,18000,,,,,,,,,,King's Lynn and West Norfolk,http://data.ordnancesurvey.co.uk/id/7000000000007016,http://data.ordnancesurvey.co.uk/ontology/admingeo/District,Norfolk,http://data.ordnancesurvey.co.uk/id/7000000000007238,http://data.ordnancesurvey.co.uk/ontology/admingeo/County,Eastern,http://data.ordnancesurvey.co.uk/id/7000000000041425,England,http://data.ordnancesurvey.co.uk/id/country/england,,,
PE132JN,http://data.ordnancesurvey.co.uk/id/postcodeunit/PE132JN,PE13 2JN,,,,other,Postcode,547347,309390,3500,18000,,,,,,,Wisbech,http://data.ordnancesurvey.co.uk/id/4000000074551318,http://www.ordnancesurvey.co.uk/xml/codelists/localtype.xml#town,Fenland,http://data.ordnancesurvey.co.uk/id/7000000000001357,http://data.ordnancesurvey.co.uk/ontology/admingeo/District,Cambridgeshire,http://data.ordnancesurvey.co.uk/id/7000000000001386,http://data.ordnancesurvey.co.uk/ontology/admingeo/County,Eastern,http://data.ordnancesurvey.co.uk/id/7000000000041425,England,http://data.ordnancesurvey.co.uk/id/country/england,,,
PE148TJ,http://data.ordnancesurvey.co.uk/id/postcodeunit/PE148TJ,PE14 8TJ,,,,other,Postcode,550312,304237,3500,18000,,,,,,,,,,King's Lynn and West Norfolk,http://data.ordnancesurvey.co.uk/id/7000000000007016,http://data.ordnancesurvey.co.uk/ontology/admingeo/District,Norfolk,http://data.ordnancesurvey.co.uk/id/7000000000007238,http://data.ordnancesurvey.co.uk/ontology/admingeo/County,Eastern,http://data.ordnancesurvey.co.uk/id/7000000000041425,England,http://data.ordnancesurvey.co.uk/id/country/england,,,
PE135HL,http://data.ordnancesurvey.co.uk/id/postcodeunit/PE135HL,PE13 5HL,,,,other,Postcode,543849,314877,3500,18000,,,,,,,Newton-in-the-Isle,http://data.ordnancesurvey.co.uk/id/4000000074548769,http://www.ordnancesurvey.co.uk/xml/codelists/localtype.xml#village,Fenland,http://data.ordnancesurvey.co.uk/id/7000000000001357,http://data.ordnancesurvey.co.uk/ontology/admingeo/District,Cambridgeshire,http://data.ordnancesurvey.co.uk/id/7000000000001386,http://data.ordnancesurvey.co.uk/ontology/admingeo/County,Eastern,http://data.ordnancesurvey.co.uk/id/7000000000041425,England,http://data.ordnancesurvey.co.uk/id/country/england,,,
PE147PG,http://data.ordnancesurvey.co.uk/id/postcodeunit/PE147PG,PE14 7PG,,,,other,Postcode,550793,316391,3500,18000,,,,,,,Walpole St Peter,http://data.ordnancesurvey.co.uk/id/4000000074550943,http://www.ordnancesurvey.co.uk/xml/codelists/localtype.xml#village,King's Lynn and West Norfolk,http://data.ordnancesurvey.co.uk/id/7000000000007016,http://data.ordnancesurvey.co.uk/ontology/admingeo/District,Norfolk,http://data.ordnancesurvey.co.uk/id/7000000000007238,http://data.ordnancesurvey.co.uk/ontology/admingeo/County,Eastern,http://data.ordnancesurvey.co.uk/id/7000000000041425,England,http://data.ordnancesurvey.co.uk/id/country/england,,,
PE147AS,http://data.ordnancesurvey.co.uk/id/postcodeunit/PE147AS,PE14 7AS,,,,other,Postcode,548166,311646,3500,18000,,,,,,,,,,King's Lynn and West Norfolk,http://data.ordnancesurvey.co.uk/id/7000000000007016,http://data.ordnancesurvey.co.uk/ontology/admingeo/District,Norfolk,http://data.ordnancesurvey.co.uk/id/7000000000007238,http://data.ordnancesurvey.co.uk/ontology/admingeo/County,Eastern,http://data.ordnancesurvey.co.uk/id/7000000000041425,England,http://data.ordnancesurvey.co.uk/id/country/england,,,
PE132QD,http://data.ordnancesurvey.co.uk/id/postcodeunit/PE132QD,PE13 2QD,,,,other,Postcode,546240,308983,3500,18000,,,,,,,Wisbech,http://data.ordnancesurvey.co.uk/id/4000000074551318,http://www.ordnancesurvey.co.uk/xml/codelists/localtype.xml#town,Fenland,http://data.ordnancesurvey.co.uk/id/7000000000001357,http://data.ordnancesurvey.co.uk/ontology/admingeo/District,Cambridgeshire,http://data.ordnancesurvey.co.uk/id/7000000000001386,http://data.ordnancesurvey.co.uk/ontology/admingeo/County,Eastern,http://data.ordnancesurvey.co.uk/id/7000000000041425,England,http://data.ordnancesurvey.co.uk/id/country/england,,,
PE133NN,http://data.ordnancesurvey.co.uk/id/postcodeunit/PE133NN,PE13 3NN,,,,other,Postcode,546269,311275,3500,18000,,,,,,,Wisbech,http://data.ordnancesurvey.co.uk/id/4000000074551318,http://www.ordnancesurvey.co.uk/xml/codelists/localtype.xml#town,Fenland,http://data.ordnancesurvey.co.uk/id/7000000000001357,http://data.ordnancesurvey.co.uk/ontology/admingeo/District,Cambridgeshire,http://data.ordnancesurvey.co.uk/id/7000000000001386,http://data.ordnancesurvey.co.uk/ontology/admingeo/County,Eastern,http://data.ordnancesurvey.co.uk/id/7000000000041425,England,http://data.ordnancesurvey.co.uk/id/country/england,,,
PE135DX,http://data.ordnancesurvey.co.uk/id/postcodeunit/PE135DX,PE13 5DX,,,,other,Postcode,545620,312773,3500,18000,,,,,,,,,,Fenland,http://data.ordnancesurvey.co.uk/id/7000000000001357,http://data.ordnancesurvey.co.uk/ontology/admingeo/District,Cambridgeshire,http://data.ordnancesurvey.co.uk/id/7000000000001386,http://data.ordnancesurvey.co.uk/ontology/admingeo/County,Eastern,http://data.ordnancesurvey.co.uk/id/7000000000041425,England,http://data.ordnancesurvey.co.uk/id/country/england,,,
PE140NA,http://data.ordnancesurvey.co.uk/id/postcodeunit/PE140NA,PE14 0NA,,,,other,Postcode,547482,305210,3500,18000,,,,,,,,,,Fenland,http://data.ordnancesurvey.co.uk/id/7000000000001357,http://data.ordnancesurvey.co.uk/ontology/admingeo/District,Cambridgeshire,http://data.ordnancesurvey.co.uk/id/7000000000001386,http://data.ordnancesurvey.co.uk/ontology/admingeo/County,Eastern,http://data.ordnancesurvey.co.uk/id/7000000000041425,England,http://data.ordnancesurvey.co.uk/id/country/england,,,
PE135PR,http://data.ordnancesurvey.co.uk/id/postcodeunit/PE135PR,PE13 5PR,,,,other,Postcode,545584,316068,3500,18000,,,,,,,,,,Fenland,http://data.ordnancesurvey.co.uk/id/7000000000001357,http://data.ordnancesurvey.co.uk/ontology/admingeo/District,Cambridgeshire,http://data.ordnancesurvey.co.uk/id/7000000000001386,http://data.ordnancesurvey.co.uk/ontology/admingeo/County,Eastern,http://data.ordnancesurvey.co.uk/id/7000000000041425,England,http://data.ordnancesurvey.co.uk/id/country/england,,,
PE134DL,http://data.ordnancesurvey.co.uk/id/postcodeunit/PE134DL,PE13 4DL,,,,other,Postcode,540652,303960,3500,18000,,,,,,,,,,Fenland,http://data.ordnancesurvey.co.uk/id/7000000000001357,http://data.ordnancesurvey.co.uk/ontology/admingeo/District,Cambridgeshire,http://data.ordnancesurvey.co.uk/id/7000000000001386,http://data.ordnancesurvey.co.uk/ontology/admingeo/County,Eastern,http://data.ordnancesurvey.co.uk/id/7000000000041425,England,http://data.ordnancesurvey.co.uk/id/country/england,,,
PE132AB,http://data.ordnancesurvey.co.uk/id/postcodeunit/PE132AB,PE13 2AB,,,,other,Postcode,546693,309336,3500,18000,,,,,,,Wisbech,http://data.ordnancesurvey.co.uk/id/4000000074551318,http://www.ordnancesurvey.co.uk/xml/codelists/localtype.xml#town,Fenland,http://data.ordnancesurvey.co.uk/id/7000000000001357,http://data.ordnancesurvey.co.uk/ontology/admingeo/District,Cambridgeshire,http://data.ordnancesurvey.co.uk/id/7000000000001386,http://data.ordnancesurvey.co.uk/ontology/admingeo/County,Eastern,http://data.ordnancesurvey.co.uk/id/7000000000041425,England,http://data.ordnancesurvey.co.uk/id/country/england,,,
PE147QD,http://data.ordnancesurvey.co.uk/id/postcodeunit/PE147QD,PE14 7QD,,,,other,Postcode,551877,313854,3500,18000,,,,,,,Walpole Highway,http://data.ordnancesurvey.co.uk/id/4000000074550945,http://www.ordnancesurvey.co.uk/xml/codelists/localtype.xml#village,King's Lynn and West Norfolk,http://data.ordnancesurvey.co.uk/id/7000000000007016,http://data.ordnancesurvey.co.uk/ontology/admingeo/District,Norfolk,http://data.ordnancesurvey.co.uk/id/7000000000007238,http://data.ordnancesurvey.co.uk/ontology/admingeo/County,Eastern,http://data.ordnancesurvey.co.uk/id/7000000000041425,England,http://data.ordnancesurvey.co.uk/id/country/england,,,
PE133RQ,http://data.ordnancesurvey.co.uk/id/postcodeunit/PE133RQ,PE13 3RQ,,,,other,Postcode,547938,310638,3500,18000,,,,,,,Wisbech,http://data.ordnancesurvey.co.uk/id/4000000074551318,http://www.ordnancesurvey.co.uk/xml/codelists/localtype.xml#town,King's Lynn and West Norfolk,http://data.ordnancesurvey.co.uk/id/7000000000007016,http://data.ordnancesurvey.co.uk/ontology/admingeo/District,Norfolk,http://data.ordnancesurvey.co.uk/id/7000000000007238,http://data.ordnancesurvey.co.uk/ontology/admingeo/County,Eastern,http://data.ordnancesurvey.co.uk/id/7000000000041425,England,http://data.ordnancesurvey.co.uk/id/country/england,,,
PE148RA,http://data.ordnancesurvey.co.uk/id/postcodeunit/PE148RA,PE14 8RA,,,,other,Postcode,551238,303642,3500,18000,,,,,,,Outwell,http://data.ordnancesurvey.co.uk/id/4000000074548389,http://www.ordnancesurvey.co.uk/xml/codelists/localtype.xml#village,King's Lynn and West Norfolk,http://data.ordnancesurvey.co.uk/id/7000000000007016,http://data.ordnancesurvey.co.uk/ontology/admingeo/District,Norfolk,http://data.ordnancesurvey.co.uk/id/7000000000007238,http://data.ordnancesurvey.co.uk/ontology/admingeo/County,Eastern,http://data.ordnancesurvey.co.uk/id/7000000000041425,England,http://data.ordnancesurvey.co.uk/id/country/england,,,
PE133RT,http://data.ordnancesurvey.co.uk/id/postcodeunit/PE133RT,PE13 3RT,,,,other,Postcode,548068,310675,3500,18000,,,,,,,Wisbech,http://data.ordnancesurvey.co.uk/id/4000000074551318,http://www.ordnancesurvey.co.uk/xml/codelists/localtype.xml#town,King's Lynn and West Norfolk,http://data.ordnancesurvey.co.uk/id/7000000000007016,http://data.ordnancesurvey.co.uk/ontology/admingeo/District,Norfolk,http://data.ordnancesurvey.co.uk/id/7000000000007238,http://data.ordnancesurvey.co.uk/ontology/admingeo/County,Eastern,http://data.ordnancesurvey.co.uk/id/7000000000041425,England,http://data.ordnancesurvey.co.uk/id/country/england,,,
PE132HU,http://data.ordnancesurvey.co.uk/id/postcodeunit/PE132HU,PE13 2HU,,,,other,Postcode,547141,308635,3500,18000,,,,,,,Wisbech,http://data.ordnancesurvey.co.uk/id/4000000074551318,http://www.ordnancesurvey.co.uk/xml/codelists/localtype.xml#town,Fenland,http://data.ordnancesurvey.co.uk/id/7000000000001357,http://data.ordnancesurvey.co.uk/ontology/admingeo/District,Cambridgeshire,http://data.ordnancesurvey.co.uk/id/7000000000001386,http://data.ordnancesurvey.co.uk/ontology/admingeo/County,Eastern,http://data.ordnancesurvey.co.uk/id/7000000000041425,England,http://data.ordnancesurvey.co.uk/id/country/england,,,
PE135LA,http://data.ordnancesurvey.co.uk/id/postcodeunit/PE135LA,PE13 5LA,,,,other,Postcode,542622,316342,3500,18000,,,,,,,Tydd St Giles,http://data.ordnancesurvey.co.uk/id/4000000074548770,http://www.ordnancesurvey.co.uk/xml/codelists/localtype.xml#village,Fenland,http://data.ordnancesurvey.co.uk/id/7000000000001357,http://data.ordnancesurvey.co.uk/ontology/admingeo/District,Cambridgeshire,http://data.ordnancesurvey.co.uk/id/7000000000001386,http://data.ordnancesurvey.co.uk/ontology/admingeo/County,Eastern,http://data.ordnancesurvey.co.uk/id/7000000000041425,England,http://data.ordnancesurvey.co.uk/id/country/england,,,
PE343FB,http://data.ordnancesurvey.co.uk/id/postcodeunit/PE343FB,PE34 3FB,,,,other,Postcode,559139,313885,3500,18000,,,,,,,Wiggenhall St Germans,http://data.ordnancesurvey.co.uk/id/4000000074550213,http://www.ordnancesurvey.co.uk/xml/codelists/localtype.xml#village,King's Lynn and West Norfolk,http://data.ordnancesurvey.co.uk/id/7000000000007016,http://data.ordnancesurvey.co.uk/ontology/admingeo/District,Norfolk,http://data.ordnancesurvey.co.uk/id/7000000000007238,http://data.ordnancesurvey.co.uk/ontology/admingeo/County,Eastern,http://data.ordnancesurvey.co.uk/id/7000000000041425,England,http://data.ordnancesurvey.co.uk/id/country/england,,,
PE132SY,http://data.ordnancesurvey.co.uk/id/postcodeunit/PE132SY,PE13 2SY,,,,other,Postcode,546825,308722,3500,18000,,,,,,,Wisbech,http://data.ordnancesurvey.co.uk/id/4000000074551318,http://www.ordnancesurvey.co.uk/xml/codelists/localtype.xml#town,Fenland,http://data.ordnancesurvey.co.uk/id/7000000000001357,http://data.ordnancesurvey.co.uk/ontology/admingeo/District,Cambridgeshire,http://data.ordnancesurvey.co.uk/id/7000000000001386,http://data.ordnancesurvey.co.uk/ontology/admingeo/County,Eastern,http://data.ordnancesurvey.co.uk/id/7000000000041425,England,http://data.ordnancesurvey.co.uk/id/country/england,,,
PE135LZ,http://data.ordnancesurvey.co.uk/id/postcodeunit/PE135LZ,PE13 5LZ,,,,other,Postcode,542800,316899,3500,18000,,,,,,,Tydd St Giles,http://data.ordnancesurvey.co.uk/id/4000000074548770,http://www.ordnancesurvey.co.uk/xml/codelists/localtype.xml#village,South Holland,http://data.ordnancesurvey.co.uk/id/7000000000005599,http://data.ordnancesurvey.co.uk/ontology/admingeo/District,Lincolnshire,http://data.ordnancesurvey.co.uk/id/7000000000005942,http://data.ordnancesurvey.co.uk/ontology/admingeo/County,East Midlands,http://data.ordnancesurvey.co.uk/id/7000000000041423,England,http://data.ordnancesurvey.co.uk/id/country/england,,,
PE132FL,http://data.ordnancesurvey.co.uk/id/postcodeunit/PE132FL,PE13 2FL,,,,other,Postcode,546433,309417,3500,18000,,,,,,,Wisbech,http://data.ordnancesurvey.co.uk/id/4000000074551318,http://www.ordnancesurvey.co.uk/xml/codelists/localtype.xml#town,Fenland,http://data.ordnancesurvey.co.uk/id/7000000000001357,http://data.ordnancesurvey.co.uk/ontology/admingeo/District,Cambridgeshire,http://data.ordnancesurvey.co.uk/id/7000000000001386,http://data.ordnancesurvey.co.uk/ontology/admingeo/County,Eastern,http://data.ordnancesurvey.co.uk/id/7000000000041425,England,http://data.ordnancesurvey.co.uk/id/country/england,,,
PE133LE,http://data.ordnancesurvey.co.uk/id/postcodeunit/PE133LE,PE13 3LE,,,,other,Postcode,546070,310680,3500,18000,,,,,,,Wisbech,http://data.ordnancesurvey.co.uk/id/4000000074551318,http://www.ordnancesurvey.co.uk/xml/codelists/localtype.xml#town,Fenland,http://data.ordnancesurvey.co.uk/id/7000000000001357,http://data.ordnancesurvey.co.uk/ontology/admingeo/District,Cambridgeshire,http://data.ordnancesurvey.co.uk/id/7000000000001386,http://data.ordnancesurvey.co.uk/ontology/admingeo/County,Eastern,http://data.ordnancesurvey.co.uk/id/7000000000041425,England,http://data.ordnancesurvey.co.uk/id/country/england,,,
PE147LS,http://data.ordnancesurvey.co.uk/id/postcodeunit/PE147LS,PE14 7LS,,,,other,Postcode,551611,317784,3500,18000,,,,,,,,,,King's Lynn and West Norfolk,http://data.ordnancesurvey.co.uk/id/7000000000007016,http://data.ordnancesurvey.co.uk/ontology/admingeo/District,Norfolk,http://data.ordnancesurvey.co.uk/id/7000000000007238,http://data.ordnancesurvey.co.uk/ontology/admingeo/County,Eastern,http://data.ordnancesurvey.co.uk/id/7000000000041425,England,http://data.ordnancesurvey.co.uk/id/country/england,,,
PE140TD,http://data.ordnancesurvey.co.uk/id/postcodeunit/PE140TD,PE14 0TD,,,,other,Postcode,545404,308685,3500,18000,,,,,,,Wisbech,http://data.ordnancesurvey.co.uk/id/4000000074551318,http://www.ordnancesurvey.co.uk/xml/codelists/localtype.xml#town,Fenland,http://data.ordnancesurvey.co.uk/id/7000000000001357,http://data.ordnancesurvey.co.uk/ontology/admingeo/District,Cambridgeshire,http://data.ordnancesurvey.co.uk/id/7000000000001386,http://data.ordnancesurvey.co.uk/ontology/admingeo/County,Eastern,http://data.ordnancesurvey.co.uk/id/7000000000041425,England,http://data.ordnancesurvey.co.uk/id/country/england,,,
PE344HB,http://data.ordnancesurvey.co.uk/id/postcodeunit/PE344HB,PE34 4HB,,,,other,Postcode,551909,319744,3500,18000,,,,,,,Walpole Cross Keys,http://data.ordnancesurvey.co.uk/id/4000000074548396,http://www.ordnancesurvey.co.uk/xml/codelists/localtype.xml#village,King's Lynn and West Norfolk,http://data.ordnancesurvey.co.uk/id/7000000000007016,http://data.ordnancesurvey.co.uk/ontology/admingeo/District,Norfolk,http://data.ordnancesurvey.co.uk/id/7000000000007238,http://data.ordnancesurvey.co.uk/ontology/admingeo/County,Eastern,http://data.ordnancesurvey.co.uk/id/7000000000041425,England,http://data.ordnancesurvey.co.uk/id/country/england,,,
PE140HR,http://data.ordnancesurvey.co.uk/id/postcodeunit/PE140HR,PE14 0HR,,,,other,Postcode,546178,304259,3500,18000,,,,,,,,,,Fenland,http://data.ordnancesurvey.co.uk/id/7000000000001357,http://data.ordnancesurvey.co.uk/ontology/admingeo/District,Cambridgeshire,http://data.ordnancesurvey.co.uk/id/7000000000001386,http://data.ordnancesurvey.co.uk/ontology/admingeo/County,Eastern,http://data.ordnancesurvey.co.uk/id/7000000000041425,England,http://data.ordnancesurvey.co.uk/id/country/england,,,
PE140DE,http://data.ordnancesurvey.co.uk/id/postcodeunit/PE140DE,PE14 0DE,,,,other,Postcode,547199,307578,3500,18000,,,,,,,Elm,http://data.ordnancesurvey.co.uk/id/4000000074341528,http://www.ordnancesurvey.co.uk/xml/codelists/localtype.xml#village,Fenland,http://data.ordnancesurvey.co.uk/id/7000000000001357,http://data.ordnancesurvey.co.uk/ontology/admingeo/District,Cambridgeshire,http://data.ordnancesurvey.co.uk/id/7000000000001386,http://data.ordnancesurvey.co.uk/ontology/admingeo/County,Eastern,http://data.ordnancesurvey.co.uk/id/7000000000041425,England,http://data.ordnancesurvey.co.uk/id/country/england,,,
PE133EN,http://data.ordnancesurvey.co.uk/id/postcodeunit/PE133EN,PE13 3EN,,,,other,Postcode,547082,310846,3500,18000,,,,,,,Wisbech,http://data.ordnancesurvey.co.uk/id/4000000074551318,http://www.ordnancesurvey.co.uk/xml/codelists/localtype.xml#town,Fenland,http://data.ordnancesurvey.co.uk/id/7000000000001357,http://data.ordnancesurvey.co.uk/ontology/admingeo/District,Cambridgeshire,http://data.ordnancesurvey.co.uk/id/7000000000001386,http://data.ordnancesurvey.co.uk/ontology/admingeo/County,Eastern,http://data.ordnancesurvey.co.uk/id/7000000000041425,England,http://data.ordnancesurvey.co.uk/id/country/england,,,
PE343NX,http://data.ordnancesurvey.co.uk/id/postcodeunit/PE343NX,PE34 3NX,,,,other,Postcode,555189,304257,3500,18000,,,,,,,,,,King's Lynn and West Norfolk,http://data.ordnancesurvey.co.uk/id/7000000000007016,http://data.ordnancesurvey.co.uk/ontology/admingeo/District,Norfolk,http://data.ordnancesurvey.co.uk/id/7000000000007238,http://data.ordnancesurvey.co.uk/ontology/admingeo/County,Eastern,http://data.ordnancesurvey.co.uk/id/7000000000041425,England,http://data.ordnancesurvey.co.uk/id/country/england,,,
PE147NW,http://data.ordnancesurvey.co.uk/id/postcodeunit/PE147NW,PE14 7NW,,,,other,Postcode,549852,316631,3500,18000,,,,,,,Walpole St Peter,http://data.ordnancesurvey.co.uk/id/4000000074550943,http://www.ordnancesurvey.co.uk/xml/codelists/localtype.xml#village,King's Lynn and West Norfolk,http://data.ordnancesurvey.co.uk/id/7000000000007016,http://data.ordnancesurvey.co.uk/ontology/admingeo/District,Norfolk,http://data.ordnancesurvey.co.uk/id/7000000000007238,http://data.ordnancesurvey.co.uk/ontology/admingeo/County,Eastern,http://data.ordnancesurvey.co.uk/id/7000000000041425,England,http://data.ordnancesurvey.co.uk/id/country/england,,,
PE132PY,http://data.ordnancesurvey.co.uk/id/postcodeunit/PE132PY,PE13 2PY,,,,other,Postcode,546129,308991,3500,18000,,,,,,,Wisbech,http://data.ordnancesurvey.co.uk/id/4000000074551318,http://www.ordnancesurvey.co.uk/xml/codelists/localtype.xml#town,Fenland,http://data.ordnancesurvey.co.uk/id/7000000000001357,http://data.ordnancesurvey.co.uk/ontology/admingeo/District,Cambridgeshire,http://data.ordnancesurvey.co.uk/id/7000000000001386,http://data.ordnancesurvey.co.uk/ontology/admingeo/County,Eastern,http://data.ordnancesurvey.co.uk/id/7000000000041425,England,http://data.ordnancesurvey.co.uk/id/country/england,,,
PE149BH,http://data.ordnancesurvey.co.uk/id/postcodeunit/PE149BH,PE14 9BH,,,,other,Postcode,551172,302686,3500,18000,,,,,,,Upwell,http://data.ordnancesurvey.co.uk/id/4000000074550938,http://www.ordnancesurvey.co.uk/xml/codelists/localtype.xml#village,King's Lynn and West Norfolk,http://data.ordnancesurvey.co.uk/id/7000000000007016,http://data.ordnancesurvey.co.uk/ontology/admingeo/District,Norfolk,http://data.ordnancesurvey.co.uk/id/7000000000007238,http://data.ordnancesurvey.co.uk/ontology/admingeo/County,Eastern,http://data.ordnancesurvey.co.uk/id/7000000000041425,England,http://data.ordnancesurvey.co.uk/id/country/england,,,
PE133AT,http://data.ordnancesurvey.co.uk/id/postcodeunit/PE133AT,PE13 3AT,,,,other,Postcode,546143,310326,3500,18000,,,,,,,Wisbech,http://data.ordnancesurvey.co.uk/id/4000000074551318,http://www.ordnancesurvey.co.uk/xml/codelists/localtype.xml#town,Fenland,http://data.ordnancesurvey.co.uk/id/7000000000001357,http://data.ordnancesurvey.co.uk/ontology/admingeo/District,Cambridgeshire,http://data.ordnancesurvey.co.uk/id/7000000000001386,http://data.ordnancesurvey.co.uk/ontology/admingeo/County,Eastern,http://data.ordnancesurvey.co.uk/id/7000000000041425,England,http://data.ordnancesurvey.co.uk/id/country/england,,,
PE140BZ,http://data.ordnancesurvey.co.uk/id/postcodeunit/PE140BZ,PE14 0BZ,,,,other,Postcode,548630,305863,3500,18000,,,,,,,,,,Fenland,http://data.ordnancesurvey.co.uk/id/7000000000001357,http://data.ordnancesurvey.co.uk/ontology/admingeo/District,Cambridgeshire,http://data.ordnancesurvey.co.uk/id/7000000000001386,http://data.ordnancesurvey.co.uk/ontology/admingeo/County,Eastern,http://data.ordnancesurvey.co.uk/id/7000000000041425,England,http://data.ordnancesurvey.co.uk/id/country/england,,,
PE147QE,http://data.ordnancesurvey.co.uk/id/postcodeunit/PE147QE,PE14 7QE,,,,other,Postcode,552006,313479,3500,18000,,,,,,,Walpole Highway,http://data.ordnancesurvey.co.uk/id/4000000074550945,http://www.ordnancesurvey.co.uk/xml/codelists/localtype.xml#village,King's Lynn and West Norfolk,http://data.ordnancesurvey.co.uk/id/7000000000007016,http://data.ordnancesurvey.co.uk/ontology/admingeo/District,Norfolk,http://data.ordnancesurvey.co.uk/id/7000000000007238,http://data.ordnancesurvey.co.uk/ontology/admingeo/County,Eastern,http://data.ordnancesurvey.co.uk/id/7000000000041425,England,http://data.ordnancesurvey.co.uk/id/country/england,,,
PE132BN,http://data.ordnancesurvey.co.uk/id/postcodeunit/PE132BN,PE13 2BN,,,,other,Postcode,547221,309422,3500,18000,,,,,,,Wisbech,http://data.ordnancesurvey.co.uk/id/4000000074551318,http://www.ordnancesurvey.co.uk/xml/codelists/localtype.xml#town,Fenland,http://data.ordnancesurvey.co.uk/id/7000000000001357,http://data.ordnancesurvey.co.uk/ontology/admingeo/District,Cambridgeshire,http://data.ordnancesurvey.co.uk/id/7000000000001386,http://data.ordnancesurvey.co.uk/ontology/admingeo/County,Eastern,http://data.ordnancesurvey.co.uk/id/7000000000041425,England,http://data.ordnancesurvey.co.uk/id/country/england,,,
PE148AB,http://data.ordnancesurvey.co.uk/id/postcodeunit/PE148AB,PE14 8AB,,,,other,Postcode,549323,307351,3500,18000,,,,,,,Emneth,http://data.ordnancesurvey.co.uk/id/4000000074550948,http://www.ordnancesurvey.co.uk/xml/codelists/localtype.xml#village,King's Lynn and West Norfolk,http://data.ordnancesurvey.co.uk/id/7000000000007016,http://data.ordnancesurvey.co.uk/ontology/admingeo/District,Norfolk,http://data.ordnancesurvey.co.uk/id/7000000000007238,http://data.ordnancesurvey.co.uk/ontology/admingeo/County,Eastern,http://data.ordnancesurvey.co.uk/id/7000000000041425,England,http://data.ordnancesurvey.co.uk/id/country/england,,,
PE135AW,http://data.ordnancesurvey.co.uk/id/postcodeunit/PE135AW,PE13 5AW,,,,other,Postcode,544485,311881,3500,18000,,,,,,,Leverington,http://data.ordnancesurvey.co.uk/id/4000000074551313,http://www.ordnancesurvey.co.uk/xml/codelists/localtype.xml#village,Fenland,http://data.ordnancesurvey.co.uk/id/7000000000001357,http://data.ordnancesurvey.co.uk/ontology/admingeo/District,Cambridgeshire,http://data.ordnancesurvey.co.uk/id/7000000000001386,http://data.ordnancesurvey.co.uk/ontology/admingeo/County,Eastern,http://data.ordnancesurvey.co.uk/id/7000000000041425,England,http://data.ordnancesurvey.co.uk/id/country/england,,,
PE344SB,http://data.ordnancesurvey.co.uk/id/postcodeunit/PE344SB,PE34 4SB,,,,other,Postcode,557133,316876,3500,18000,,,,,,,Tilney High End,http://data.ordnancesurvey.co.uk/id/4000000074550940,http://www.ordnancesurvey.co.uk/xml/codelists/localtype.xml#village,King's Lynn and West Norfolk,http://data.ordnancesurvey.co.uk/id/7000000000007016,http://data.ordnancesurvey.co.uk/ontology/admingeo/District,Norfolk,http://data.ordnancesurvey.co.uk/id/7000000000007238,http://data.ordnancesurvey.co.uk/ontology/admingeo/County,Eastern,http://data.ordnancesurvey.co.uk/id/7000000000041425,England,http://data.ordnancesurvey.co.uk/id/country/england,,,
PE134PN,http://data.ordnancesurvey.co.uk/id/postcodeunit/PE134PN,PE13 4PN,,,,other,Postcode,540095,311356,3500,18000,,,,,,,,,,Fenland,http://data.ordnancesurvey.co.uk/id/7000000000001357,http://data.ordnancesurvey.co.uk/ontology/admingeo/District,Cambridgeshire,http://data.ordnancesurvey.co.uk/id/7000000000001386,http://data.ordnancesurvey.co.uk/ontology/admingeo/County,Eastern,http://data.ordnancesurvey.co.uk/id/7000000000041425,England,http://data.ordnancesurvey.co.uk/id/country/england,,,
PE148BD,http://data.ordnancesurvey.co.uk/id/postcodeunit/PE148BD,PE14 8BD,,,,other,Postcode,549941,305998,3500,18000,,,,,,,Emneth,http://data.ordnancesurvey.co.uk/id/4000000074550948,http://www.ordnancesurvey.co.uk/xml/codelists/localtype.xml#village,King's Lynn and West Norfolk,http://data.ordnancesurvey.co.uk/id/7000000000007016,http://data.ordnancesurvey.co.uk/ontology/admingeo/District,Norfolk,http://data.ordnancesurvey.co.uk/id/7000000000007238,http://data.ordnancesurvey.co.uk/ontology/admingeo/County,Eastern,http://data.ordnancesurvey.co.uk/id/7000000000041425,England,http://data.ordnancesurvey.co.uk/id/country/england,,,
PE133QG,http://data.ordnancesurvey.co.uk/id/postcodeunit/PE133QG,PE13 3QG,,,,other,Postcode,546187,311176,3500,18000,,,,,,,Wisbech,http://data.ordnancesurvey.co.uk/id/4000000074551318,http://www.ordnancesurvey.co.uk/xml/codelists/localtype.xml#town,Fenland,http://data.ordnancesurvey.co.uk/id/7000000000001357,http://data.ordnancesurvey.co.uk/ontology/admingeo/District,Cambridgeshire,http://data.ordnancesurvey.co.uk/id/7000000000001386,http://data.ordnancesurvey.co.uk/ontology/admingeo/County,Eastern,http://data.ordnancesurvey.co.uk/id/7000000000041425,England,http://data.ordnancesurvey.co.uk/id/country/england,,,
PE133EP,http://data.ordnancesurvey.co.uk/id/postcodeunit/PE133EP,PE13 3EP,,,,other,Postcode,547096,311070,3500,18000,,,,,,,Wisbech,http://data.ordnancesurvey.co.uk/id/4000000074551318,http://www.ordnancesurvey.co.uk/xml/codelists/localtype.xml#town,Fenland,http://data.ordnancesurvey.co.uk/id/7000000000001357,http://data.ordnancesurvey.co.uk/ontology/admingeo/District,Cambridgeshire,http://data.ordnancesurvey.co.uk/id/7000000000001386,http://data.ordnancesurvey.co.uk/ontology/admingeo/County,Eastern,http://data.ordnancesurvey.co.uk/id/7000000000041425,England,http://data.ordnancesurvey.co.uk/id/country/england,,,
PE132BG,http://data.ordnancesurvey.co.uk/id/postcodeunit/PE132BG,PE13 2BG,,,,other,Postcode,547001,309538,3500,18000,,,,,,,Wisbech,http://data.ordnancesurvey.co.uk/id/4000000074551318,http://www.ordnancesurvey.co.uk/xml/codelists/localtype.xml#town,Fenland,http://data.ordnancesurvey.co.uk/id/7000000000001357,http://data.ordnancesurvey.co.uk/ontology/admingeo/District,Cambridgeshire,http://data.ordnancesurvey.co.uk/id/7000000000001386,http://data.ordnancesurvey.co.uk/ontology/admingeo/County,Eastern,http://data.ordnancesurvey.co.uk/id/7000000000041425,England,http://data.ordnancesurvey.co.uk/id/country/england,,,
PE344DU,http://data.ordnancesurvey.co.uk/id/postcodeunit/PE344DU,PE34 4DU,,,,other,Postcode,553996,319570,3500,18000,,,,,,,Terrington St Clement,http://data.ordnancesurvey.co.uk/id/4000000074548395,http://www.ordnancesurvey.co.uk/xml/codelists/localtype.xml#otherSettlement,King's Lynn and West Norfolk,http://data.ordnancesurvey.co.uk/id/7000000000007016,http://data.ordnancesurvey.co.uk/ontology/admingeo/District,Norfolk,http://data.ordnancesurvey.co.uk/id/7000000000007238,http://data.ordnancesurvey.co.uk/ontology/admingeo/County,Eastern,http://data.ordnancesurvey.co.uk/id/7000000000041425,England,http://data.ordnancesurvey.co.uk/id/country/england,,,
PE133NJ,http://data.ordnancesurvey.co.uk/id/postcodeunit/PE133NJ,PE13 3NJ,,,,other,Postcode,546325,310869,3500,18000,,,,,,,Wisbech,http://data.ordnancesurvey.co.uk/id/4000000074551318,http://www.ordnancesurvey.co.uk/xml/codelists/localtype.xml#town,Fenland,http://data.ordnancesurvey.co.uk/id/7000000000001357,http://data.ordnancesurvey.co.uk/ontology/admingeo/District,Cambridgeshire,http://data.ordnancesurvey.co.uk/id/7000000000001386,http://data.ordnancesurvey.co.uk/ontology/admingeo/County,Eastern,http://data.ordnancesurvey.co.uk/id/7000000000041425,England,http://data.ordnancesurvey.co.uk/id/country/england,,,
PE131LW,http://data.ordnancesurvey.co.uk/id/postcodeunit/PE131LW,PE13 1LW,,,,other,Postcode,545544,309192,3500,18000,,,,,,,Wisbech,http://data.ordnancesurvey.co.uk/id/4000000074551318,http://www.ordnancesurvey.co.uk/xml/codelists/localtype.xml#town,Fenland,http://data.ordnancesurvey.co.uk/id/7000000000001357,http://data.ordnancesurvey.co.uk/ontology/admingeo/District,Cambridgeshire,http://data.ordnancesurvey.co.uk/id/7000000000001386,http://data.ordnancesurvey.co.uk/ontology/admingeo/County,Eastern,http://data.ordnancesurvey.co.uk/id/7000000000041425,England,http://data.ordnancesurvey.co.uk/id/country/england,,,
PE131HP,http://data.ordnancesurvey.co.uk/id/postcodeunit/PE131HP,PE13 1HP,,,,other,Postcode,546217,309507,3500,18000,,,,,,,Wisbech,http://data.ordnancesurvey.co.uk/id/4000000074551318,http://www.ordnancesurvey.co.uk/xml/codelists/localtype.xml#town,Fenland,http://data.ordnancesurvey.co.uk/id/7000000000001357,http://data.ordnancesurvey.co.uk/ontology/admingeo/District,Cambridgeshire,http://data.ordnancesurvey.co.uk/id/7000000000001386,http://data.ordnancesurvey.co.uk/ontology/admingeo/County,Eastern,http://data.ordnancesurvey.co.uk/id/7000000000041425,England,http://data.ordnancesurvey.co.uk/id/country/england,,,
PE140EE,http://data.ordnancesurvey.co.uk/id/postcodeunit/PE140EE,PE14 0EE,,,,other,Postcode,548252,306456,3500,18000,,,,,,,Elm,http://data.ordnancesurvey.co.uk/id/4000000074341528,http://www.ordnancesurvey.co.uk/xml/codelists/localtype.xml#village,Fenland,http://data.ordnancesurvey.co.uk/id/7000000000001357,http://data.ordnancesurvey.co.uk/ontology/admingeo/District,Cambridgeshire,http://data.ordnancesurvey.co.uk/id/7000000000001386,http://data.ordnancesurvey.co.uk/ontology/admingeo/County,Eastern,http://data.ordnancesurvey.co.uk/id/7000000000041425,England,http://data.ordnancesurvey.co.uk/id/country/england,,,
PE131JH,http://data.ordnancesurvey.co.uk/id/postcodeunit/PE131JH,PE13 1JH,,,,other,Postcode,545108,309494,3500,18000,,,,,,,Wisbech,http://data.ordnancesurvey.co.uk/id/4000000074551318,http://www.ordnancesurvey.co.uk/xml/codelists/localtype.xml#town,Fenland,http://data.ordnancesurvey.co.uk/id/7000000000001357,http://data.ordnancesurvey.co.uk/ontology/admingeo/District,Cambridgeshire,http://data.ordnancesurvey.co.uk/id/7000000000001386,http://data.ordnancesurvey.co.uk/ontology/admingeo/County,Eastern,http://data.ordnancesurvey.co.uk/id/7000000000041425,England,http://data.ordnancesurvey.co.uk/id/country/england,,,
PE135BU,http://data.ordnancesurvey.co.uk/id/postcodeunit/PE135BU,PE13 5BU,,,,other,Postcode,543350,311279,3500,18000,,,,,,,,,,Fenland,http://data.ordnancesurvey.co.uk/id/7000000000001357,http://data.ordnancesurvey.co.uk/ontology/admingeo/District,Cambridgeshire,http://data.ordnancesurvey.co.uk/id/7000000000001386,http://data.ordnancesurvey.co.uk/ontology/admingeo/County,Eastern,http://data.ordnancesurvey.co.uk/id/7000000000041425,England,http://data.ordnancesurvey.co.uk/id/country/england,,,
PE149AP,http://data.ordnancesurvey.co.uk/id/postcodeunit/PE149AP,PE14 9AP,,,,other,Postcode,548706,302483,3500,18000,,,,,,,,,,King's Lynn and West Norfolk,http://data.ordnancesurvey.co.uk/id/7000000000007016,http://data.ordnancesurvey.co.uk/ontology/admingeo/District,Norfolk,http://data.ordnancesurvey.co.uk/id/7000000000007238,http://data.ordnancesurvey.co.uk/ontology/admingeo/County,Eastern,http://data.ordnancesurvey.co.uk/id/7000000000041425,England,http://data.ordnancesurvey.co.uk/id/country/england,,,
PE134AP,http://data.ordnancesurvey.co.uk/id/postcodeunit/PE134AP,PE13 4AP,,,,other,Postcode,542342,308125,3500,18000,,,,,,,Wisbech St Mary,http://data.ordnancesurvey.co.uk/id/4000000074551315,http://www.ordnancesurvey.co.uk/xml/codelists/localtype.xml#village,Fenland,http://data.ordnancesurvey.co.uk/id/7000000000001357,http://data.ordnancesurvey.co.uk/ontology/admingeo/District,Cambridgeshire,http://data.ordnancesurvey.co.uk/id/7000000000001386,http://data.ordnancesurvey.co.uk/ontology/admingeo/County,Eastern,http://data.ordnancesurvey.co.uk/id/7000000000041425,England,http://data.ordnancesurvey.co.uk/id/country/england,,,
PE147EN,http://data.ordnancesurvey.co.uk/id/postcodeunit/PE147EN,PE14 7EN,,,,other,Postcode,547357,313343,3500,18000,,,,,,,West Walton,http://data.ordnancesurvey.co.uk/id/4000000074552041,http://www.ordnancesurvey.co.uk/xml/codelists/localtype.xml#village,King's Lynn and West Norfolk,http://data.ordnancesurvey.co.uk/id/7000000000007016,http://data.ordnancesurvey.co.uk/ontology/admingeo/District,Norfolk,http://data.ordnancesurvey.co.uk/id/7000000000007238,http://data.ordnancesurvey.co.uk/ontology/admingeo/County,Eastern,http://data.ordnancesurvey.co.uk/id/7000000000041425,England,http://data.ordnancesurvey.co.uk/id/country/england,,,
PE133HN,http://data.ordnancesurvey.co.uk/id/postcodeunit/PE133HN,PE13 3HN,,,,other,Postcode,546943,311119,3500,18000,,,,,,,Wisbech,http://data.ordnancesurvey.co.uk/id/4000000074551318,http://www.ordnancesurvey.co.uk/xml/codelists/localtype.xml#town,Fenland,http://data.ordnancesurvey.co.uk/id/7000000000001357,http://data.ordnancesurvey.co.uk/ontology/admingeo/District,Cambridgeshire,http://data.ordnancesurvey.co.uk/id/7000000000001386,http://data.ordnancesurvey.co.uk/ontology/admingeo/County,Eastern,http://data.ordnancesurvey.co.uk/id/7000000000041425,England,http://data.ordnancesurvey.co.uk/id/country/england,,,
PE147BL,http://data.ordnancesurvey.co.uk/id/postcodeunit/PE147BL,PE14 7BL,,,,other,Postcode,547963,309444,3500,18000,,,,,,,Paradise,http://data.ordnancesurvey.co.uk/id/4000000074541379,http://www.ordnancesurvey.co.uk/xml/codelists/localtype.xml#hamlet,King's Lynn and West Norfolk,http://data.ordnancesurvey.co.uk/id/7000000000007016,http://data.ordnancesurvey.co.uk/ontology/admingeo/District,Norfolk,http://data.ordnancesurvey.co.uk/id/7000000000007238,http://data.ordnancesurvey.co.uk/ontology/admingeo/County,Eastern,http://data.ordnancesurvey.co.uk/id/7000000000041425,England,http://data.ordnancesurvey.co.uk/id/country/england,,,
PE343AU,http://data.ordnancesurvey.co.uk/id/postcodeunit/PE343AU,PE34 3AU,,,,other,Postcode,559343,313890,3500,18000,,,,,,,Wiggenhall St Germans,http://data.ordnancesurvey.co.uk/id/4000000074550213,http://www.ordnancesurvey.co.uk/xml/codelists/localtype.xml#village,King's Lynn and West Norfolk,http://data.ordnancesurvey.co.uk/id/7000000000007016,http://data.ordnancesurvey.co.uk/ontology/admingeo/District,Norfolk,http://data.ordnancesurvey.co.uk/id/7000000000007238,http://data.ordnancesurvey.co.uk/ontology/admingeo/County,Eastern,http://data.ordnancesurvey.co.uk/id/7000000000041425,England,http://data.ordnancesurvey.co.uk/id/country/england,,,
PE343EU,http://data.ordnancesurvey.co.uk/id/postcodeunit/PE343EU,PE34 3EU,,,,other,Postcode,559635,314116,3500,18000,,,,,,,Wiggenhall St Germans,http://data.ordnancesurvey.co.uk/id/4000000074550213,http://www.ordnancesurvey.co.uk/xml/codelists/localtype.xml#village,King's Lynn and West Norfolk,http://data.ordnancesurvey.co.uk/id/7000000000007016,http://data.ordnancesurvey.co.uk/ontology/admingeo/District,Norfolk,http://data.ordnancesurvey.co.uk/id/7000000000007238,http://data.ordnancesurvey.co.uk/ontology/admingeo/County,Eastern,http://data.ordnancesurvey.co.uk/id/7000000000041425,England,http://data.ordnancesurvey.co.uk/id/country/england,,,
PE134UD,http://data.ordnancesurvey.co.uk/id/postcodeunit/PE134UD,PE13 4UD,,,,other,Postcode,541707,306752,3500,18000,,,,,,,,,,Fenland,http://data.ordnancesurvey.co.uk/id/7000000000001357,http://data.ordnancesurvey.co.uk/ontology/admingeo/District,Cambridgeshire,http://data.ordnancesurvey.co.uk/id/7000000000001386,http://data.ordnancesurvey.co.uk/ontology/admingeo/County,Eastern,http://data.ordnancesurvey.co.uk/id/7000000000041425,England,http://data.ordnancesurvey.co.uk/id/country/england,,,
PE135QP,http://data.ordnancesurvey.co.uk/id/postcodeunit/PE135QP,PE13 5QP,,,,other,Postcode,543670,318524,3500,18000,,,,,,,Tydd St Mary,http://data.ordnancesurvey.co.uk/id/4000000074548410,http://www.ordnancesurvey.co.uk/xml/codelists/localtype.xml#village,South Holland,http://data.ordnancesurvey.co.uk/id/7000000000005599,http://data.ordnancesurvey.co.uk/ontology/admingeo/District,Lincolnshire,http://data.ordnancesurvey.co.uk/id/7000000000005942,http://data.ordnancesurvey.co.uk/ontology/admingeo/County,East Midlands,http://data.ordnancesurvey.co.uk/id/7000000000041423,England,http://data.ordnancesurvey.co.uk/id/country/england,,,
PE149AQ,http://data.ordnancesurvey.co.uk/id/postcodeunit/PE149AQ,PE14 9AQ,,,,other,Postcode,550615,303186,3500,18000,,,,,,,Upwell,http://data.ordnancesurvey.co.uk/id/4000000074550938,http://www.ordnancesurvey.co.uk/xml/codelists/localtype.xml#village,King's Lynn and West Norfolk,http://data.ordnancesurvey.co.uk/id/7000000000007016,http://data.ordnancesurvey.co.uk/ontology/admingeo/District,Norfolk,http://data.ordnancesurvey.co.uk/id/7000000000007238,http://data.ordnancesurvey.co.uk/ontology/admingeo/County,Eastern,http://data.ordnancesurvey.co.uk/id/7000000000041425,England,http://data.ordnancesurvey.co.uk/id/country/england,,,
PE120HR,http://data.ordnancesurvey.co.uk/id/postcodeunit/PE120HR,PE12 0HR,,,,other,Postcode,541713,318558,3500,18000,,,,,,,,,,South Holland,http://data.ordnancesurvey.co.uk/id/7000000000005599,http://data.ordnancesurvey.co.uk/ontology/admingeo/District,Lincolnshire,http://data.ordnancesurvey.co.uk/id/7000000000005942,http://data.ordnancesurvey.co.uk/ontology/admingeo/County,East Midlands,http://data.ordnancesurvey.co.uk/id/7000000000041423,England,http://data.ordnancesurvey.co.uk/id/country/england,,,
PE131LA,http://data.ordnancesurvey.co.uk/id/postcodeunit/PE131LA,PE13 1LA,,,,other,Postcode,545549,309488,3500,18000,,,,,,,Wisbech,http://data.ordnancesurvey.co.uk/id/4000000074551318,http://www.ordnancesurvey.co.uk/xml/codelists/localtype.xml#town,Fenland,http://data.ordnancesurvey.co.uk/id/7000000000001357,http://data.ordnancesurvey.co.uk/ontology/admingeo/District,Cambridgeshire,http://data.ordnancesurvey.co.uk/id/7000000000001386,http://data.ordnancesurvey.co.uk/ontology/admingeo/County,Eastern,http://data.ordnancesurvey.co.uk/id/7000000000041425,England,http://data.ordnancesurvey.co.uk/id/country/england,,,
PE132PP,http://data.ordnancesurvey.co.uk/id/postcodeunit/PE132PP,PE13 2PP,,,,other,Postcode,546093,309124,3500,18000,,,,,,,Wisbech,http://data.ordnancesurvey.co.uk/id/4000000074551318,http://www.ordnancesurvey.co.uk/xml/codelists/localtype.xml#town,Fenland,http://data.ordnancesurvey.co.uk/id/7000000000001357,http://data.ordnancesurvey.co.uk/ontology/admingeo/District,Cambridgeshire,http://data.ordnancesurvey.co.uk/id/7000000000001386,http://data.ordnancesurvey.co.uk/ontology/admingeo/County,Eastern,http://data.ordnancesurvey.co.uk/id/7000000000041425,England,http://data.ordnancesurvey.co.uk/id/country/england,,,
PE131HY,http://data.ordnancesurvey.co.uk/id/postcodeunit/PE131HY,PE13 1HY,,,,other,Postcode,546118,309744,3500,18000,,,,,,,Wisbech,http://data.ordnancesurvey.co.uk/id/4000000074551318,http://www.ordnancesurvey.co.uk/xml/codelists/localtype.xml#town,Fenland,http://data.ordnancesurvey.co.uk/id/7000000000001357,http://data.ordnancesurvey.co.uk/ontology/admingeo/District,Cambridgeshire,http://data.ordnancesurvey.co.uk/id/7000000000001386,http://data.ordnancesurvey.co.uk/ontology/admingeo/County,Eastern,http://data.ordnancesurvey.co.uk/id/7000000000041425,England,http://data.ordnancesurvey.co.uk/id/country/england,,,
PE149AL,http://data.ordnancesurvey.co.uk/id/postcodeunit/PE149AL,PE14 9AL,,,,other,Postcode,550640,303343,3500,18000,,,,,,,Upwell,http://data.ordnancesurvey.co.uk/id/4000000074550938,http://www.ordnancesurvey.co.uk/xml/codelists/localtype.xml#village,King's Lynn and West Norfolk,http://data.ordnancesurvey.co.uk/id/7000000000007016,http://data.ordnancesurvey.co.uk/ontology/admingeo/District,Norfolk,http://data.ordnancesurvey.co.uk/id/7000000000007238,http://data.ordnancesurvey.co.uk/ontology/admingeo/County,Eastern,http://data.ordnancesurvey.co.uk/id/7000000000041425,England,http://data.ordnancesurvey.co.uk/id/country/england,,,
PE147NU,http://data.ordnancesurvey.co.uk/id/postcodeunit/PE147NU,PE14 7NU,,,,other,Postcode,550560,316917,3500,18000,,,,,,,Walpole St Peter,http://data.ordnancesurvey.co.uk/id/4000000074550943,http://www.ordnancesurvey.co.uk/xml/codelists/localtype.xml#village,King's Lynn and West Norfolk,http://data.ordnancesurvey.co.uk/id/7000000000007016,http://data.ordnancesurvey.co.uk/ontology/admingeo/District,Norfolk,http://data.ordnancesurvey.co.uk/id/7000000000007238,http://data.ordnancesurvey.co.uk/ontology/admingeo/County,Eastern,http://data.ordnancesurvey.co.uk/id/7000000000041425,England,http://data.ordnancesurvey.co.uk/id/country/england,,,
PE380DL,http://data.ordnancesurvey.co.uk/id/postcodeunit/PE380DL,PE38 0DL,,,,other,Postcode,558643,301790,3500,18000,,,,,,,Salters Lode,http://data.ordnancesurvey.co.uk/id/4000000074550570,http://www.ordnancesurvey.co.uk/xml/codelists/localtype.xml#village,King's Lynn and West Norfolk,http://data.ordnancesurvey.co.uk/id/7000000000007016,http://data.ordnancesurvey.co.uk/ontology/admingeo/District,Norfolk,http://data.ordnancesurvey.co.uk/id/7000000000007238,http://data.ordnancesurvey.co.uk/ontology/admingeo/County,Eastern,http://data.ordnancesurvey.co.uk/id/7000000000041425,England,http://data.ordnancesurvey.co.uk/id/country/england,,,
PE148RX,http://data.ordnancesurvey.co.uk/id/postcodeunit/PE148RX,PE14 8RX,,,,other,Postcode,552434,302366,3500,18000,,,,,,,Outwell,http://data.ordnancesurvey.co.uk/id/4000000074548389,http://www.ordnancesurvey.co.uk/xml/codelists/localtype.xml#village,King's Lynn and West Norfolk,http://data.ordnancesurvey.co.uk/id/7000000000007016,http://data.ordnancesurvey.co.uk/ontology/admingeo/District,Norfolk,http://data.ordnancesurvey.co.uk/id/7000000000007238,http://data.ordnancesurvey.co.uk/ontology/admingeo/County,Eastern,http://data.ordnancesurvey.co.uk/id/7000000000041425,England,http://data.ordnancesurvey.co.uk/id/country/england,,,
PE134EJ,http://data.ordnancesurvey.co.uk/id/postcodeunit/PE134EJ,PE13 4EJ,,,,other,Postcode,540374,305498,3500,18000,,,,,,,,,,Fenland,http://data.ordnancesurvey.co.uk/id/7000000000001357,http://data.ordnancesurvey.co.uk/ontology/admingeo/District,Cambridgeshire,http://data.ordnancesurvey.co.uk/id/7000000000001386,http://data.ordnancesurvey.co.uk/ontology/admingeo/County,Eastern,http://data.ordnancesurvey.co.uk/id/7000000000041425,England,http://data.ordnancesurvey.co.uk/id/country/england,,,
PE148DF,http://data.ordnancesurvey.co.uk/id/postcodeunit/PE148DF,PE14 8DF,,,,other,Postcode,549593,307509,3500,18000,,,,,,,Emneth,http://data.ordnancesurvey.co.uk/id/4000000074550948,http://www.ordnancesurvey.co.uk/xml/codelists/localtype.xml#village,King's Lynn and West Norfolk,http://data.ordnancesurvey.co.uk/id/7000000000007016,http://data.ordnancesurvey.co.uk/ontology/admingeo/District,Norfolk,http://data.ordnancesurvey.co.uk/id/7000000000007238,http://data.ordnancesurvey.co.uk/ontology/admingeo/County,Eastern,http://data.ordnancesurvey.co.uk/id/7000000000041425,England,http://data.ordnancesurvey.co.uk/id/country/england,,,
PE140HU,http://data.ordnancesurvey.co.uk/id/postcodeunit/PE140HU,PE14 0HU,,,,other,Postcode,546584,304940,3500,18000,,,,,,,Friday Bridge,http://data.ordnancesurvey.co.uk/id/4000000074550225,http://www.ordnancesurvey.co.uk/xml/codelists/localtype.xml#village,Fenland,http://data.ordnancesurvey.co.uk/id/7000000000001357,http://data.ordnancesurvey.co.uk/ontology/admingeo/District,Cambridgeshire,http://data.ordnancesurvey.co.uk/id/7000000000001386,http://data.ordnancesurvey.co.uk/ontology/admingeo/County,Eastern,http://data.ordnancesurvey.co.uk/id/7000000000041425,England,http://data.ordnancesurvey.co.uk/id/country/england,,,
PE132AY,http://data.ordnancesurvey.co.uk/id/postcodeunit/PE132AY,PE13 2AY,,,,other,Postcode,546707,309468,3500,18000,,,,,,,Wisbech,http://data.ordnancesurvey.co.uk/id/4000000074551318,http://www.ordnancesurvey.co.uk/xml/codelists/localtype.xml#town,Fenland,http://data.ordnancesurvey.co.uk/id/7000000000001357,http://data.ordnancesurvey.co.uk/ontology/admingeo/District,Cambridgeshire,http://data.ordnancesurvey.co.uk/id/7000000000001386,http://data.ordnancesurvey.co.uk/ontology/admingeo/County,Eastern,http://data.ordnancesurvey.co.uk/id/7000000000041425,England,http://data.ordnancesurvey.co.uk/id/country/england,,,
PE148TS,http://data.ordnancesurvey.co.uk/id/postcodeunit/PE148TS,PE14 8TS,,,,other,Postcode,551095,304254,3500,18000,,,,,,,Outwell,http://data.ordnancesurvey.co.uk/id/4000000074548389,http://www.ordnancesurvey.co.uk/xml/codelists/localtype.xml#village,King's Lynn and West Norfolk,http://data.ordnancesurvey.co.uk/id/7000000000007016,http://data.ordnancesurvey.co.uk/ontology/admingeo/District,Norfolk,http://data.ordnancesurvey.co.uk/id/7000000000007238,http://data.ordnancesurvey.co.uk/ontology/admingeo/County,Eastern,http://data.ordnancesurvey.co.uk/id/7000000000041425,England,http://data.ordnancesurvey.co.uk/id/country/england,,,
PE148PE,http://data.ordnancesurvey.co.uk/id/postcodeunit/PE148PE,PE14 8PE,,,,other,Postcode,551544,304846,3500,18000,,,,,,,,,,King's Lynn and West Norfolk,http://data.ordnancesurvey.co.uk/id/7000000000007016,http://data.ordnancesurvey.co.uk/ontology/admingeo/District,Norfolk,http://data.ordnancesurvey.co.uk/id/7000000000007238,http://data.ordnancesurvey.co.uk/ontology/admingeo/County,Eastern,http://data.ordnancesurvey.co.uk/id/7000000000041425,England,http://data.ordnancesurvey.co.uk/id/country/england,,,
PE135QH,http://data.ordnancesurvey.co.uk/id/postcodeunit/PE135QH,PE13 5QH,,,,other,Postcode,544373,318602,3500,18000,,,,,,,Tydd St Mary,http://data.ordnancesurvey.co.uk/id/4000000074548410,http://www.ordnancesurvey.co.uk/xml/codelists/localtype.xml#village,South Holland,http://data.ordnancesurvey.co.uk/id/7000000000005599,http://data.ordnancesurvey.co.uk/ontology/admingeo/District,Lincolnshire,http://data.ordnancesurvey.co.uk/id/7000000000005942,http://data.ordnancesurvey.co.uk/ontology/admingeo/County,East Midlands,http://data.ordnancesurvey.co.uk/id/7000000000041423,England,http://data.ordnancesurvey.co.uk/id/country/england,,,
PE147SD,http://data.ordnancesurvey.co.uk/id/postcodeunit/PE147SD,PE14 7SD,,,,other,Postcode,553505,315725,3500,18000,,,,,,,Terrington St John,http://data.ordnancesurvey.co.uk/id/4000000074550941,http://www.ordnancesurvey.co.uk/xml/codelists/localtype.xml#village,King's Lynn and West Norfolk,http://data.ordnancesurvey.co.uk/id/7000000000007016,http://data.ordnancesurvey.co.uk/ontology/admingeo/District,Norfolk,http://data.ordnancesurvey.co.uk/id/7000000000007238,http://data.ordnancesurvey.co.uk/ontology/admingeo/County,Eastern,http://data.ordnancesurvey.co.uk/id/7000000000041425,England,http://data.ordnancesurvey.co.uk/id/country/england,,,
PE134NN,http://data.ordnancesurvey.co.uk/id/postcodeunit/PE134NN,PE13 4NN,,,,other,Postcode,541638,311929,3500,18000,,,,,,,Gorefield,http://data.ordnancesurvey.co.uk/id/4000000074551667,http://www.ordnancesurvey.co.uk/xml/codelists/localtype.xml#village,Fenland,http://data.ordnancesurvey.co.uk/id/7000000000001357,http://data.ordnancesurvey.co.uk/ontology/admingeo/District,Cambridgeshire,http://data.ordnancesurvey.co.uk/id/7000000000001386,http://data.ordnancesurvey.co.uk/ontology/admingeo/County,Eastern,http://data.ordnancesurvey.co.uk/id/7000000000041425,England,http://data.ordnancesurvey.co.uk/id/country/england,,,
PE135RN,http://data.ordnancesurvey.co.uk/id/postcodeunit/PE135RN,PE13 5RN,,,,other,Postcode,543805,318408,3500,18000,,,,,,,Tydd St Mary,http://data.ordnancesurvey.co.uk/id/4000000074548410,http://www.ordnancesurvey.co.uk/xml/codelists/localtype.xml#village,South Holland,http://data.ordnancesurvey.co.uk/id/7000000000005599,http://data.ordnancesurvey.co.uk/ontology/admingeo/District,Lincolnshire,http://data.ordnancesurvey.co.uk/id/7000000000005942,http://data.ordnancesurvey.co.uk/ontology/admingeo/County,East Midlands,http://data.ordnancesurvey.co.uk/id/7000000000041423,England,http://data.ordnancesurvey.co.uk/id/country/england,,,
PE135JZ,http://data.ordnancesurvey.co.uk/id/postcodeunit/PE135JZ,PE13 5JZ,,,,other,Postcode,544302,311524,3500,18000,,,,,,,Leverington,http://data.ordnancesurvey.co.uk/id/4000000074551313,http://www.ordnancesurvey.co.uk/xml/codelists/localtype.xml#village,Fenland,http://data.ordnancesurvey.co.uk/id/7000000000001357,http://data.ordnancesurvey.co.uk/ontology/admingeo/District,Cambridgeshire,http://data.ordnancesurvey.co.uk/id/7000000000001386,http://data.ordnancesurvey.co.uk/ontology/admingeo/County,Eastern,http://data.ordnancesurvey.co.uk/id/7000000000041425,England,http://data.ordnancesurvey.co.uk/id/country/england,,,
PE132BJ,http://data.ordnancesurvey.co.uk/id/postcodeunit/PE132BJ,PE13 2BJ,,,,other,Postcode,547079,309562,3500,18000,,,,,,,Wisbech,http://data.ordnancesurvey.co.uk/id/4000000074551318,http://www.ordnancesurvey.co.uk/xml/codelists/localtype.xml#town,Fenland,http://data.ordnancesurvey.co.uk/id/7000000000001357,http://data.ordnancesurvey.co.uk/ontology/admingeo/District,Cambridgeshire,http://data.ordnancesurvey.co.uk/id/7000000000001386,http://data.ordnancesurvey.co.uk/ontology/admingeo/County,Eastern,http://data.ordnancesurvey.co.uk/id/7000000000041425,England,http://data.ordnancesurvey.co.uk/id/country/england,,,
PE135PL,http://data.ordnancesurvey.co.uk/id/postcodeunit/PE135PL,PE13 5PL,,,,other,Postcode,544915,315435,3500,18000,,,,,,,,,,Fenland,http://data.ordnancesurvey.co.uk/id/7000000000001357,http://data.ordnancesurvey.co.uk/ontology/admingeo/District,Cambridgeshire,http://data.ordnancesurvey.co.uk/id/7000000000001386,http://data.ordnancesurvey.co.uk/ontology/admingeo/County,Eastern,http://data.ordnancesurvey.co.uk/id/7000000000041425,England,http://data.ordnancesurvey.co.uk/id/country/england,,,
PE148JG,http://data.ordnancesurvey.co.uk/id/postcodeunit/PE148JG,PE14 8JG,,,,other,Postcode,553566,311199,3500,18000,,,,,,,St John's Fen End,http://data.ordnancesurvey.co.uk/id/4000000074548752,http://www.ordnancesurvey.co.uk/xml/codelists/localtype.xml#village,King's Lynn and West Norfolk,http://data.ordnancesurvey.co.uk/id/7000000000007016,http://data.ordnancesurvey.co.uk/ontology/admingeo/District,Norfolk,http://data.ordnancesurvey.co.uk/id/7000000000007238,http://data.ordnancesurvey.co.uk/ontology/admingeo/County,Eastern,http://data.ordnancesurvey.co.uk/id/7000000000041425,England,http://data.ordnancesurvey.co.uk/id/country/england,,,
PE135FD,http://data.ordnancesurvey.co.uk/id/postcodeunit/PE135FD,PE13 5FD,,,,other,Postcode,543421,314719,3500,18000,,,,,,,Newton-in-the-Isle,http://data.ordnancesurvey.co.uk/id/4000000074548769,http://www.ordnancesurvey.co.uk/xml/codelists/localtype.xml#village,Fenland,http://data.ordnancesurvey.co.uk/id/7000000000001357,http://data.ordnancesurvey.co.uk/ontology/admingeo/District,Cambridgeshire,http://data.ordnancesurvey.co.uk/id/7000000000001386,http://data.ordnancesurvey.co.uk/ontology/admingeo/County,Eastern,http://data.ordnancesurvey.co.uk/id/7000000000041425,England,http://data.ordnancesurvey.co.uk/id/country/england,,,
PE132SB,http://data.ordnancesurvey.co.uk/id/postcodeunit/PE132SB,PE13 2SB,,,,other,Postcode,546566,308175,3500,18000,,,,,,,Wisbech,http://data.ordnancesurvey.co.uk/id/4000000074551318,http://www.ordnancesurvey.co.uk/xml/codelists/localtype.xml#town,Fenland,http://data.ordnancesurvey.co.uk/id/7000000000001357,http://data.ordnancesurvey.co.uk/ontology/admingeo/District,Cambridgeshire,http://data.ordnancesurvey.co.uk/id/7000000000001386,http://data.ordnancesurvey.co.uk/ontology/admingeo/County,Eastern,http://data.ordnancesurvey.co.uk/id/7000000000041425,England,http://data.ordnancesurvey.co.uk/id/country/england,,,
PE147JZ,http://data.ordnancesurvey.co.uk/id/postcodeunit/PE147JZ,PE14 7JZ,,,,other,Postcode,549926,317703,3500,18000,,,,,,,,,,King's Lynn and West Norfolk,http://data.ordnancesurvey.co.uk/id/7000000000007016,http://data.ordnancesurvey.co.uk/ontology/admingeo/District,Norfolk,http://data.ordnancesurvey.co.uk/id/7000000000007238,http://data.ordnancesurvey.co.uk/ontology/admingeo/County,Eastern,http://data.ordnancesurvey.co.uk/id/7000000000041425,England,http://data.ordnancesurvey.co.uk/id/country/england,,,
PE133LL,http://data.ordnancesurvey.co.uk/id/postcodeunit/PE133LL,PE13 3LL,,,,other,Postcode,546195,310766,3500,18000,,,,,,,Wisbech,http://data.ordnancesurvey.co.uk/id/4000000074551318,http://www.ordnancesurvey.co.uk/xml/codelists/localtype.xml#town,Fenland,http://data.ordnancesurvey.co.uk/id/7000000000001357,http://data.ordnancesurvey.co.uk/ontology/admingeo/District,Cambridgeshire,http://data.ordnancesurvey.co.uk/id/7000000000001386,http://data.ordnancesurvey.co.uk/ontology/admingeo/County,Eastern,http://data.ordnancesurvey.co.uk/id/7000000000041425,England,http://data.ordnancesurvey.co.uk/id/country/england,,,
PE343EJ,http://data.ordnancesurvey.co.uk/id/postcodeunit/PE343EJ,PE34 3EJ,,,,other,Postcode,558475,314474,3500,18000,,,,,,,Wiggenhall St Mary the Virgin,http://data.ordnancesurvey.co.uk/id/4000000074550574,http://www.ordnancesurvey.co.uk/xml/codelists/localtype.xml#village,King's Lynn and West Norfolk,http://data.ordnancesurvey.co.uk/id/7000000000007016,http://data.ordnancesurvey.co.uk/ontology/admingeo/District,Norfolk,http://data.ordnancesurvey.co.uk/id/7000000000007238,http://data.ordnancesurvey.co.uk/ontology/admingeo/County,Eastern,http://data.ordnancesurvey.co.uk/id/7000000000041425,England,http://data.ordnancesurvey.co.uk/id/country/england,,,
PE149EN,http://data.ordnancesurvey.co.uk/id/postcodeunit/PE149EN,PE14 9EN,,,,other,Postcode,550093,302513,3500,18000,,,,,,,Upwell,http://data.ordnancesurvey.co.uk/id/4000000074550938,http://www.ordnancesurvey.co.uk/xml/codelists/localtype.xml#village,King's Lynn and West Norfolk,http://data.ordnancesurvey.co.uk/id/7000000000007016,http://data.ordnancesurvey.co.uk/ontology/admingeo/District,Norfolk,http://data.ordnancesurvey.co.uk/id/7000000000007238,http://data.ordnancesurvey.co.uk/ontology/admingeo/County,Eastern,http://data.ordnancesurvey.co.uk/id/7000000000041425,England,http://data.ordnancesurvey.co.uk/id/country/england,,,
PE148AY,http://data.ordnancesurvey.co.uk/id/postcodeunit/PE148AY,PE14 8AY,,,,other,Postcode,549711,306713,3500,18000,,,,,,,Emneth,http://data.ordnancesurvey.co.uk/id/4000000074550948,http://www.ordnancesurvey.co.uk/xml/codelists/localtype.xml#village,King's Lynn and West Norfolk,http://data.ordnancesurvey.co.uk/id/7000000000007016,http://data.ordnancesurvey.co.uk/ontology/admingeo/District,Norfolk,http://data.ordnancesurvey.co.uk/id/7000000000007238,http://data.ordnancesurvey.co.uk/ontology/admingeo/County,Eastern,http://data.ordnancesurvey.co.uk/id/7000000000041425,England,http://data.ordnancesurvey.co.uk/id/country/england,,,
PE135PF,http://data.ordnancesurvey.co.uk/id/postcodeunit/PE135PF,PE13 5PF,,,,other,Postcode,543601,318128,3500,18000,,,,,,,Tydd St Mary,http://data.ordnancesurvey.co.uk/id/4000000074548410,http://www.ordnancesurvey.co.uk/xml/codelists/localtype.xml#village,South Holland,http://data.ordnancesurvey.co.uk/id/7000000000005599,http://data.ordnancesurvey.co.uk/ontology/admingeo/District,Lincolnshire,http://data.ordnancesurvey.co.uk/id/7000000000005942,http://data.ordnancesurvey.co.uk/ontology/admingeo/County,East Midlands,http://data.ordnancesurvey.co.uk/id/7000000000041423,England,http://data.ordnancesurvey.co.uk/id/country/england,,,
PE133QT,http://data.ordnancesurvey.co.uk/id/postcodeunit/PE133QT,PE13 3QT,,,,other,Postcode,546283,311196,3500,18000,,,,,,,Wisbech,http://data.ordnancesurvey.co.uk/id/4000000074551318,http://www.ordnancesurvey.co.uk/xml/codelists/localtype.xml#town,Fenland,http://data.ordnancesurvey.co.uk/id/7000000000001357,http://data.ordnancesurvey.co.uk/ontology/admingeo/District,Cambridgeshire,http://data.ordnancesurvey.co.uk/id/7000000000001386,http://data.ordnancesurvey.co.uk/ontology/admingeo/County,Eastern,http://data.ordnancesurvey.co.uk/id/7000000000041425,England,http://data.ordnancesurvey.co.uk/id/country/england,,,
PE132AR,http://data.ordnancesurvey.co.uk/id/postcodeunit/PE132AR,PE13 2AR,,,,other,Postcode,546582,309574,3500,18000,,,,,,,Wisbech,http://data.ordnancesurvey.co.uk/id/4000000074551318,http://www.ordnancesurvey.co.uk/xml/codelists/localtype.xml#town,Fenland,http://data.ordnancesurvey.co.uk/id/7000000000001357,http://data.ordnancesurvey.co.uk/ontology/admingeo/District,Cambridgeshire,http://data.ordnancesurvey.co.uk/id/7000000000001386,http://data.ordnancesurvey.co.uk/ontology/admingeo/County,Eastern,http://data.ordnancesurvey.co.uk/id/7000000000041425,England,http://data.ordnancesurvey.co.uk/id/country/england,,,
PE147SB,http://data.ordnancesurvey.co.uk/id/postcodeunit/PE147SB,PE14 7SB,,,,other,Postcode,554128,315943,3500,18000,,,,,,,Terrington St John,http://data.ordnancesurvey.co.uk/id/4000000074550941,http://www.ordnancesurvey.co.uk/xml/codelists/localtype.xml#village,King's Lynn and West Norfolk,http://data.ordnancesurvey.co.uk/id/7000000000007016,http://data.ordnancesurvey.co.uk/ontology/admingeo/District,Norfolk,http://data.ordnancesurvey.co.uk/id/7000000000007238,http://data.ordnancesurvey.co.uk/ontology/admingeo/County,Eastern,http://data.ordnancesurvey.co.uk/id/7000000000041425,England,http://data.ordnancesurvey.co.uk/id/country/england,,,
PE131ER,http://data.ordnancesurvey.co.uk/id/postcodeunit/PE131ER,PE13 1ER,,,,other,Postcode,546130,309610,3500,18000,,,,,,,Wisbech,http://data.ordnancesurvey.co.uk/id/4000000074551318,http://www.ordnancesurvey.co.uk/xml/codelists/localtype.xml#town,Fenland,http://data.ordnancesurvey.co.uk/id/7000000000001357,http://data.ordnancesurvey.co.uk/ontology/admingeo/District,Cambridgeshire,http://data.ordnancesurvey.co.uk/id/7000000000001386,http://data.ordnancesurvey.co.uk/ontology/admingeo/County,Eastern,http://data.ordnancesurvey.co.uk/id/7000000000041425,England,http://data.ordnancesurvey.co.uk/id/country/england,,,
PE343EE,http://data.ordnancesurvey.co.uk/id/postcodeunit/PE343EE,PE34 3EE,,,,other,Postcode,559180,313997,3500,18000,,,,,,,Wiggenhall St Germans,http://data.ordnancesurvey.co.uk/id/4000000074550213,http://www.ordnancesurvey.co.uk/xml/codelists/localtype.xml#village,King's Lynn and West Norfolk,http://data.ordnancesurvey.co.uk/id/7000000000007016,http://data.ordnancesurvey.co.uk/ontology/admingeo/District,Norfolk,http://data.ordnancesurvey.co.uk/id/7000000000007238,http://data.ordnancesurvey.co.uk/ontology/admingeo/County,Eastern,http://data.ordnancesurvey.co.uk/id/7000000000041425,England,http://data.ordnancesurvey.co.uk/id/country/england,,,
PE134NF,http://data.ordnancesurvey.co.uk/id/postcodeunit/PE134NF,PE13 4NF,,,,other,Postcode,542687,311482,3500,18000,,,,,,,,,,Fenland,http://data.ordnancesurvey.co.uk/id/7000000000001357,http://data.ordnancesurvey.co.uk/ontology/admingeo/District,Cambridgeshire,http://data.ordnancesurvey.co.uk/id/7000000000001386,http://data.ordnancesurvey.co.uk/ontology/admingeo/County,Eastern,http://data.ordnancesurvey.co.uk/id/7000000000041425,England,http://data.ordnancesurvey.co.uk/id/country/england,,,
PE147BB,http://data.ordnancesurvey.co.uk/id/postcodeunit/PE147BB,PE14 7BB,,,,other,Postcode,549327,310760,3500,18000,,,,,,,,,,King's Lynn and West Norfolk,http://data.ordnancesurvey.co.uk/id/7000000000007016,http://data.ordnancesurvey.co.uk/ontology/admingeo/District,Norfolk,http://data.ordnancesurvey.co.uk/id/7000000000007238,http://data.ordnancesurvey.co.uk/ontology/admingeo/County,Eastern,http://data.ordnancesurvey.co.uk/id/7000000000041425,England,http://data.ordnancesurvey.co.uk/id/country/england,,,
PE131EU,http://data.ordnancesurvey.co.uk/id/postcodeunit/PE131EU,PE13 1EU,,,,other,Postcode,546232,309603,3500,18000,,,,,,,Wisbech,http://data.ordnancesurvey.co.uk/id/4000000074551318,http://www.ordnancesurvey.co.uk/xml/codelists/localtype.xml#town,Fenland,http://data.ordnancesurvey.co.uk/id/7000000000001357,http://data.ordnancesurvey.co.uk/ontology/admingeo/District,Cambridgeshire,http://data.ordnancesurvey.co.uk/id/7000000000001386,http://data.ordnancesurvey.co.uk/ontology/admingeo/County,Eastern,http://data.ordnancesurvey.co.uk/id/7000000000041425,England,http://data.ordnancesurvey.co.uk/id/country/england,,,
PE147QW,http://data.ordnancesurvey.co.uk/id/postcodeunit/PE147QW,PE14 7QW,,,,other,Postcode,551051,315546,3500,18000,,,,,,,,,,King's Lynn and West Norfolk,http://data.ordnancesurvey.co.uk/id/7000000000007016,http://data.ordnancesurvey.co.uk/ontology/admingeo/District,Norfolk,http://data.ordnancesurvey.co.uk/id/7000000000007238,http://data.ordnancesurvey.co.uk/ontology/admingeo/County,Eastern,http://data.ordnancesurvey.co.uk/id/7000000000041425,England,http://data.ordnancesurvey.co.uk/id/country/england,,,
PE132UR,http://data.ordnancesurvey.co.uk/id/postcodeunit/PE132UR,PE13 2UR,,,,other,Postcode,545632,308212,3500,18000,,,,,,,Wisbech,http://data.ordnancesurvey.co.uk/id/4000000074551318,http://www.ordnancesurvey.co.uk/xml/codelists/localtype.xml#town,Fenland,http://data.ordnancesurvey.co.uk/id/7000000000001357,http://data.ordnancesurvey.co.uk/ontology/admingeo/District,Cambridgeshire,http://data.ordnancesurvey.co.uk/id/7000000000001386,http://data.ordnancesurvey.co.uk/ontology/admingeo/County,Eastern,http://data.ordnancesurvey.co.uk/id/7000000000041425,England,http://data.ordnancesurvey.co.uk/id/country/england,,,
PE133PG,http://data.ordnancesurvey.co.uk/id/postcodeunit/PE133PG,PE13 3PG,,,,other,Postcode,546787,311184,3500,18000,,,,,,,Wisbech,http://data.ordnancesurvey.co.uk/id/4000000074551318,http://www.ordnancesurvey.co.uk/xml/codelists/localtype.xml#town,Fenland,http://data.ordnancesurvey.co.uk/id/7000000000001357,http://data.ordnancesurvey.co.uk/ontology/admingeo/District,Cambridgeshire,http://data.ordnancesurvey.co.uk/id/7000000000001386,http://data.ordnancesurvey.co.uk/ontology/admingeo/County,Eastern,http://data.ordnancesurvey.co.uk/id/7000000000041425,England,http://data.ordnancesurvey.co.uk/id/country/england,,,
PE140LJ,http://data.ordnancesurvey.co.uk/id/postcodeunit/PE140LJ,PE14 0LJ,,,,other,Postcode,547354,301895,3500,18000,,,,,,,,,,Fenland,http://data.ordnancesurvey.co.uk/id/7000000000001357,http://data.ordnancesurvey.co.uk/ontology/admingeo/District,Cambridgeshire,http://data.ordnancesurvey.co.uk/id/7000000000001386,http://data.ordnancesurvey.co.uk/ontology/admingeo/County,Eastern,http://data.ordnancesurvey.co.uk/id/7000000000041425,England,http://data.ordnancesurvey.co.uk/id/country/england,,,
PE148RP,http://data.ordnancesurvey.co.uk/id/postcodeunit/PE148RP,PE14 8RP,,,,other,Postcode,551810,302992,3500,18000,,,,,,,Outwell,http://data.ordnancesurvey.co.uk/id/4000000074548389,http://www.ordnancesurvey.co.uk/xml/codelists/localtype.xml#village,King's Lynn and West Norfolk,http://data.ordnancesurvey.co.uk/id/7000000000007016,http://data.ordnancesurvey.co.uk/ontology/admingeo/District,Norfolk,http://data.ordnancesurvey.co.uk/id/7000000000007238,http://data.ordnancesurvey.co.uk/ontology/admingeo/County,Eastern,http://data.ordnancesurvey.co.uk/id/7000000000041425,England,http://data.ordnancesurvey.co.uk/id/country/england,,,
PE135HZ,http://data.ordnancesurvey.co.uk/id/postcodeunit/PE135HZ,PE13 5HZ,,,,other,Postcode,542820,314260,3500,18000,,,,,,,Newton-in-the-Isle,http://data.ordnancesurvey.co.uk/id/4000000074548769,http://www.ordnancesurvey.co.uk/xml/codelists/localtype.xml#village,Fenland,http://data.ordnancesurvey.co.uk/id/7000000000001357,http://data.ordnancesurvey.co.uk/ontology/admingeo/District,Cambridgeshire,http://data.ordnancesurvey.co.uk/id/7000000000001386,http://data.ordnancesurvey.co.uk/ontology/admingeo/County,Eastern,http://data.ordnancesurvey.co.uk/id/7000000000041425,England,http://data.ordnancesurvey.co.uk/id/country/england,,,
PE140AU,http://data.ordnancesurvey.co.uk/id/postcodeunit/PE140AU,PE14 0AU,,,,other,Postcode,546803,305450,3500,18000,,,,,,,Elm,http://data.ordnancesurvey.co.uk/id/4000000074341528,http://www.ordnancesurvey.co.uk/xml/codelists/localtype.xml#village,Fenland,http://data.ordnancesurvey.co.uk/id/7000000000001357,http://data.ordnancesurvey.co.uk/ontology/admingeo/District,Cambridgeshire,http://data.ordnancesurvey.co.uk/id/7000000000001386,http://data.ordnancesurvey.co.uk/ontology/admingeo/County,Eastern,http://data.ordnancesurvey.co.uk/id/7000000000041425,England,http://data.ordnancesurvey.co.uk/id/country/england,,,
PE380BP,http://data.ordnancesurvey.co.uk/id/postcodeunit/PE380BP,PE38 0BP,,,,other,Postcode,556384,300930,3500,18000,,,,,,,Nordelph,http://data.ordnancesurvey.co.uk/id/4000000074550935,http://www.ordnancesurvey.co.uk/xml/codelists/localtype.xml#village,King's Lynn and West Norfolk,http://data.ordnancesurvey.co.uk/id/7000000000007016,http://data.ordnancesurvey.co.uk/ontology/admingeo/District,Norfolk,http://data.ordnancesurvey.co.uk/id/7000000000007238,http://data.ordnancesurvey.co.uk/ontology/admingeo/County,Eastern,http://data.ordnancesurvey.co.uk/id/7000000000041425,England,http://data.ordnancesurvey.co.uk/id/country/england,,,
PE133HH,http://data.ordnancesurvey.co.uk/id/postcodeunit/PE133HH,PE13 3HH,,,,other,Postcode,547081,311212,3500,18000,,,,,,,Wisbech,http://data.ordnancesurvey.co.uk/id/4000000074551318,http://www.ordnancesurvey.co.uk/xml/codelists/localtype.xml#town,Fenland,http://data.ordnancesurvey.co.uk/id/7000000000001357,http://data.ordnancesurvey.co.uk/ontology/admingeo/District,Cambridgeshire,http://data.ordnancesurvey.co.uk/id/7000000000001386,http://data.ordnancesurvey.co.uk/ontology/admingeo/County,Eastern,http://data.ordnancesurvey.co.uk/id/7000000000041425,England,http://data.ordnancesurvey.co.uk/id/country/england,,,
PE148JY,http://data.ordnancesurvey.co.uk/id/postcodeunit/PE148JY,PE14 8JY,,,,other,Postcode,553721,311740,3500,18000,,,,,,,St John's Fen End,http://data.ordnancesurvey.co.uk/id/4000000074548752,http://www.ordnancesurvey.co.uk/xml/codelists/localtype.xml#village,King's Lynn and West Norfolk,http://data.ordnancesurvey.co.uk/id/7000000000007016,http://data.ordnancesurvey.co.uk/ontology/admingeo/District,Norfolk,http://data.ordnancesurvey.co.uk/id/7000000000007238,http://data.ordnancesurvey.co.uk/ontology/admingeo/County,Eastern,http://data.ordnancesurvey.co.uk/id/7000000000041425,England,http://data.ordnancesurvey.co.uk/id/country/england,,,
PE131RY,http://data.ordnancesurvey.co.uk/id/postcodeunit/PE131RY,PE13 1RY,,,,other,Postcode,545503,310673,3500,18000,,,,,,,Wisbech,http://data.ordnancesurvey.co.uk/id/4000000074551318,http://www.ordnancesurvey.co.uk/xml/codelists/localtype.xml#town,Fenland,http://data.ordnancesurvey.co.uk/id/7000000000001357,http://data.ordnancesurvey.co.uk/ontology/admingeo/District,Cambridgeshire,http://data.ordnancesurvey.co.uk/id/7000000000001386,http://data.ordnancesurvey.co.uk/ontology/admingeo/County,Eastern,http://data.ordnancesurvey.co.uk/id/7000000000041425,England,http://data.ordnancesurvey.co.uk/id/country/england,,,
PE140DA,http://data.ordnancesurvey.co.uk/id/postcodeunit/PE140DA,PE14 0DA,,,,other,Postcode,547139,307371,3500,18000,,,,,,,Elm,http://data.ordnancesurvey.co.uk/id/4000000074341528,http://www.ordnancesurvey.co.uk/xml/codelists/localtype.xml#village,Fenland,http://data.ordnancesurvey.co.uk/id/7000000000001357,http://data.ordnancesurvey.co.uk/ontology/admingeo/District,Cambridgeshire,http://data.ordnancesurvey.co.uk/id/7000000000001386,http://data.ordnancesurvey.co.uk/ontology/admingeo/County,Eastern,http://data.ordnancesurvey.co.uk/id/7000000000041425,England,http://data.ordnancesurvey.co.uk/id/country/england,,,
PE147BT,http://data.ordnancesurvey.co.uk/id/postcodeunit/PE147BT,PE14 7BT,,,,other,Postcode,548284,310389,3500,18000,,,,,,,Wisbech,http://data.ordnancesurvey.co.uk/id/4000000074551318,http://www.ordnancesurvey.co.uk/xml/codelists/localtype.xml#town,King's Lynn and West Norfolk,http://data.ordnancesurvey.co.uk/id/7000000000007016,http://data.ordnancesurvey.co.uk/ontology/admingeo/District,Norfolk,http://data.ordnancesurvey.co.uk/id/7000000000007238,http://data.ordnancesurvey.co.uk/ontology/admingeo/County,Eastern,http://data.ordnancesurvey.co.uk/id/7000000000041425,England,http://data.ordnancesurvey.co.uk/id/country/england,,,
PE134NW,http://data.ordnancesurvey.co.uk/id/postcodeunit/PE134NW,PE13 4NW,,,,other,Postcode,541703,311854,3500,18000,,,,,,,Gorefield,http://data.ordnancesurvey.co.uk/id/4000000074551667,http://www.ordnancesurvey.co.uk/xml/codelists/localtype.xml#village,Fenland,http://data.ordnancesurvey.co.uk/id/7000000000001357,http://data.ordnancesurvey.co.uk/ontology/admingeo/District,Cambridgeshire,http://data.ordnancesurvey.co.uk/id/7000000000001386,http://data.ordnancesurvey.co.uk/ontology/admingeo/County,Eastern,http://data.ordnancesurvey.co.uk/id/7000000000041425,England,http://data.ordnancesurvey.co.uk/id/country/england,,,
PE147RP,http://data.ordnancesurvey.co.uk/id/postcodeunit/PE147RP,PE14 7RP,,,,other,Postcode,553021,314443,3500,18000,,,,,,,,,,King's Lynn and West Norfolk,http://data.ordnancesurvey.co.uk/id/7000000000007016,http://data.ordnancesurvey.co.uk/ontology/admingeo/District,Norfolk,http://data.ordnancesurvey.co.uk/id/7000000000007238,http://data.ordnancesurvey.co.uk/ontology/admingeo/County,Eastern,http://data.ordnancesurvey.co.uk/id/7000000000041425,England,http://data.ordnancesurvey.co.uk/id/country/england,,,
PE131EJ,http://data.ordnancesurvey.co.uk/id/postcodeunit/PE131EJ,PE13 1EJ,,,,other,Postcode,546258,309690,3500,18000,,,,,,,Wisbech,http://data.ordnancesurvey.co.uk/id/4000000074551318,http://www.ordnancesurvey.co.uk/xml/codelists/localtype.xml#town,Fenland,http://data.ordnancesurvey.co.uk/id/7000000000001357,http://data.ordnancesurvey.co.uk/ontology/admingeo/District,Cambridgeshire,http://data.ordnancesurvey.co.uk/id/7000000000001386,http://data.ordnancesurvey.co.uk/ontology/admingeo/County,Eastern,http://data.ordnancesurvey.co.uk/id/7000000000041425,England,http://data.ordnancesurvey.co.uk/id/country/england,,,
PE135AU,http://data.ordnancesurvey.co.uk/id/postcodeunit/PE135AU,PE13 5AU,,,,other,Postcode,544160,311874,3500,18000,,,,,,,Leverington,http://data.ordnancesurvey.co.uk/id/4000000074551313,http://www.ordnancesurvey.co.uk/xml/codelists/localtype.xml#village,Fenland,http://data.ordnancesurvey.co.uk/id/7000000000001357,http://data.ordnancesurvey.co.uk/ontology/admingeo/District,Cambridgeshire,http://data.ordnancesurvey.co.uk/id/7000000000001386,http://data.ordnancesurvey.co.uk/ontology/admingeo/County,Eastern,http://data.ordnancesurvey.co.uk/id/7000000000041425,England,http://data.ordnancesurvey.co.uk/id/country/england,,,
PE147HU,http://data.ordnancesurvey.co.uk/id/postcodeunit/PE147HU,PE14 7HU,,,,other,Postcode,549706,315888,3500,18000,,,,,,,Walpole St Peter,http://data.ordnancesurvey.co.uk/id/4000000074550943,http://www.ordnancesurvey.co.uk/xml/codelists/localtype.xml#village,King's Lynn and West Norfolk,http://data.ordnancesurvey.co.uk/id/7000000000007016,http://data.ordnancesurvey.co.uk/ontology/admingeo/District,Norfolk,http://data.ordnancesurvey.co.uk/id/7000000000007238,http://data.ordnancesurvey.co.uk/ontology/admingeo/County,Eastern,http://data.ordnancesurvey.co.uk/id/7000000000041425,England,http://data.ordnancesurvey.co.uk/id/country/england,,,
PE135LN,http://data.ordnancesurvey.co.uk/id/postcodeunit/PE135LN,PE13 5LN,,,,other,Postcode,541889,315957,3500,18000,,,,,,,Tydd St Giles,http://data.ordnancesurvey.co.uk/id/4000000074548770,http://www.ordnancesurvey.co.uk/xml/codelists/localtype.xml#village,Fenland,http://data.ordnancesurvey.co.uk/id/7000000000001357,http://data.ordnancesurvey.co.uk/ontology/admingeo/District,Cambridgeshire,http://data.ordnancesurvey.co.uk/id/7000000000001386,http://data.ordnancesurvey.co.uk/ontology/admingeo/County,Eastern,http://data.ordnancesurvey.co.uk/id/7000000000041425,England,http://data.ordnancesurvey.co.uk/id/country/england,,,
PE132RS,http://data.ordnancesurvey.co.uk/id/postcodeunit/PE132RS,PE13 2RS,,,,other,Postcode,546033,308553,3500,18000,,,,,,,Wisbech,http://data.ordnancesurvey.co.uk/id/4000000074551318,http://www.ordnancesurvey.co.uk/xml/codelists/localtype.xml#town,Fenland,http://data.ordnancesurvey.co.uk/id/7000000000001357,http://data.ordnancesurvey.co.uk/ontology/admingeo/District,Cambridgeshire,http://data.ordnancesurvey.co.uk/id/7000000000001386,http://data.ordnancesurvey.co.uk/ontology/admingeo/County,Eastern,http://data.ordnancesurvey.co.uk/id/7000000000041425,England,http://data.ordnancesurvey.co.uk/id/country/england,,,
PE343DY,http://data.ordnancesurvey.co.uk/id/postcodeunit/PE343DY,PE34 3DY,,,,other,Postcode,559020,314805,3500,18000,,,,,,,Wiggenhall St Germans,http://data.ordnancesurvey.co.uk/id/4000000074550213,http://www.ordnancesurvey.co.uk/xml/codelists/localtype.xml#village,King's Lynn and West Norfolk,http://data.ordnancesurvey.co.uk/id/7000000000007016,http://data.ordnancesurvey.co.uk/ontology/admingeo/District,Norfolk,http://data.ordnancesurvey.co.uk/id/7000000000007238,http://data.ordnancesurvey.co.uk/ontology/admingeo/County,Eastern,http://data.ordnancesurvey.co.uk/id/7000000000041425,England,http://data.ordnancesurvey.co.uk/id/country/england,,,
PE131LH,http://data.ordnancesurvey.co.uk/id/postcodeunit/PE131LH,PE13 1LH,,,,other,Postcode,545035,309061,3500,18000,,,,,,,Wisbech,http://data.ordnancesurvey.co.uk/id/4000000074551318,http://www.ordnancesurvey.co.uk/xml/codelists/localtype.xml#town,Fenland,http://data.ordnancesurvey.co.uk/id/7000000000001357,http://data.ordnancesurvey.co.uk/ontology/admingeo/District,Cambridgeshire,http://data.ordnancesurvey.co.uk/id/7000000000001386,http://data.ordnancesurvey.co.uk/ontology/admingeo/County,Eastern,http://data.ordnancesurvey.co.uk/id/7000000000041425,England,http://data.ordnancesurvey.co.uk/id/country/england,,,
PE131AW,http://data.ordnancesurvey.co.uk/id/postcodeunit/PE131AW,PE13 1AW,,,,other,Postcode,546160,309812,3500,18000,,,,,,,Wisbech,http://data.ordnancesurvey.co.uk/id/4000000074551318,http://www.ordnancesurvey.co.uk/xml/codelists/localtype.xml#town,Fenland,http://data.ordnancesurvey.co.uk/id/7000000000001357,http://data.ordnancesurvey.co.uk/ontology/admingeo/District,Cambridgeshire,http://data.ordnancesurvey.co.uk/id/7000000000001386,http://data.ordnancesurvey.co.uk/ontology/admingeo/County,Eastern,http://data.ordnancesurvey.co.uk/id/7000000000041425,England,http://data.ordnancesurvey.co.uk/id/country/england,,,
PE135DD,http://data.ordnancesurvey.co.uk/id/postcodeunit/PE135DD,PE13 5DD,,,,other,Postcode,544559,311419,3500,18000,,,,,,,Leverington,http://data.ordnancesurvey.co.uk/id/4000000074551313,http://www.ordnancesurvey.co.uk/xml/codelists/localtype.xml#village,Fenland,http://data.ordnancesurvey.co.uk/id/7000000000001357,http://data.ordnancesurvey.co.uk/ontology/admingeo/District,Cambridgeshire,http://data.ordnancesurvey.co.uk/id/7000000000001386,http://data.ordnancesurvey.co.uk/ontology/admingeo/County,Eastern,http://data.ordnancesurvey.co.uk/id/7000000000041425,England,http://data.ordnancesurvey.co.uk/id/country/england,,,
PE132AW,http://data.ordnancesurvey.co.uk/id/postcodeunit/PE132AW,PE13 2AW,,,,other,Postcode,546455,309472,3500,18000,,,,,,,Wisbech,http://data.ordnancesurvey.co.uk/id/4000000074551318,http://www.ordnancesurvey.co.uk/xml/codelists/localtype.xml#town,Fenland,http://data.ordnancesurvey.co.uk/id/7000000000001357,http://data.ordnancesurvey.co.uk/ontology/admingeo/District,Cambridgeshire,http://data.ordnancesurvey.co.uk/id/7000000000001386,http://data.ordnancesurvey.co.uk/ontology/admingeo/County,Eastern,http://data.ordnancesurvey.co.uk/id/7000000000041425,England,http://data.ordnancesurvey.co.uk/id/country/england,,,
PE148RZ,http://data.ordnancesurvey.co.uk/id/postcodeunit/PE148RZ,PE14 8RZ,,,,other,Postcode,552952,302987,3500,18000,,,,,,,,,,King's Lynn and West Norfolk,http://data.ordnancesurvey.co.uk/id/7000000000007016,http://data.ordnancesurvey.co.uk/ontology/admingeo/District,Norfolk,http://data.ordnancesurvey.co.uk/id/7000000000007238,http://data.ordnancesurvey.co.uk/ontology/admingeo/County,Eastern,http://data.ordnancesurvey.co.uk/id/7000000000041425,England,http://data.ordnancesurvey.co.uk/id/country/england,,,
PE149HQ,http://data.ordnancesurvey.co.uk/id/postcodeunit/PE149HQ,PE14 9HQ,,,,other,Postcode,550228,300428,3500,18000,,,,,,,Three Holes,http://data.ordnancesurvey.co.uk/id/4000000074550936,http://www.ordnancesurvey.co.uk/xml/codelists/localtype.xml#village,King's Lynn and West Norfolk,http://data.ordnancesurvey.co.uk/id/7000000000007016,http://data.ordnancesurvey.co.uk/ontology/admingeo/District,Norfolk,http://data.ordnancesurvey.co.uk/id/7000000000007238,http://data.ordnancesurvey.co.uk/ontology/admingeo/County,Eastern,http://data.ordnancesurvey.co.uk/id/7000000000041425,England,http://data.ordnancesurvey.co.uk/id/country/england,,,
PE132TP,http://data.ordnancesurvey.co.uk/id/postcodeunit/PE132TP,PE13 2TP,,,,other,Postcode,546759,308168,3500,18000,,,,,,,Wisbech,http://data.ordnancesurvey.co.uk/id/4000000074551318,http://www.ordnancesurvey.co.uk/xml/codelists/localtype.xml#town,Fenland,http://data.ordnancesurvey.co.uk/id/7000000000001357,http://data.ordnancesurvey.co.uk/ontology/admingeo/District,Cambridgeshire,http://data.ordnancesurvey.co.uk/id/7000000000001386,http://data.ordnancesurvey.co.uk/ontology/admingeo/County,Eastern,http://data.ordnancesurvey.co.uk/id/7000000000041425,England,http://data.ordnancesurvey.co.uk/id/country/england,,,
PE147SP,http://data.ordnancesurvey.co.uk/id/postcodeunit/PE147SP,PE14 7SP,,,,other,Postcode,553877,314151,3500,18000,,,,,,,Terrington St John,http://data.ordnancesurvey.co.uk/id/4000000074550941,http://www.ordnancesurvey.co.uk/xml/codelists/localtype.xml#village,King's Lynn and West Norfolk,http://data.ordnancesurvey.co.uk/id/7000000000007016,http://data.ordnancesurvey.co.uk/ontology/admingeo/District,Norfolk,http://data.ordnancesurvey.co.uk/id/7000000000007238,http://data.ordnancesurvey.co.uk/ontology/admingeo/County,Eastern,http://data.ordnancesurvey.co.uk/id/7000000000041425,England,http://data.ordnancesurvey.co.uk/id/country/england,,,
PE147RZ,http://data.ordnancesurvey.co.uk/id/postcodeunit/PE147RZ,PE14 7RZ,,,,other,Postcode,553983,315559,3500,18000,,,,,,,Terrington St John,http://data.ordnancesurvey.co.uk/id/4000000074550941,http://www.ordnancesurvey.co.uk/xml/codelists/localtype.xml#village,King's Lynn and West Norfolk,http://data.ordnancesurvey.co.uk/id/7000000000007016,http://data.ordnancesurvey.co.uk/ontology/admingeo/District,Norfolk,http://data.ordnancesurvey.co.uk/id/7000000000007238,http://data.ordnancesurvey.co.uk/ontology/admingeo/County,Eastern,http://data.ordnancesurvey.co.uk/id/7000000000041425,England,http://data.ordnancesurvey.co.uk/id/country/england,,,
PE135QT,http://data.ordnancesurvey.co.uk/id/postcodeunit/PE135QT,PE13 5QT,,,,other,Postcode,543358,318974,3500,18000,,,,,,,Tydd St Mary,http://data.ordnancesurvey.co.uk/id/4000000074548410,http://www.ordnancesurvey.co.uk/xml/codelists/localtype.xml#village,South Holland,http://data.ordnancesurvey.co.uk/id/7000000000005599,http://data.ordnancesurvey.co.uk/ontology/admingeo/District,Lincolnshire,http://data.ordnancesurvey.co.uk/id/7000000000005942,http://data.ordnancesurvey.co.uk/ontology/admingeo/County,East Midlands,http://data.ordnancesurvey.co.uk/id/7000000000041423,England,http://data.ordnancesurvey.co.uk/id/country/england,,,
PE140AD,http://data.ordnancesurvey.co.uk/id/postcodeunit/PE140AD,PE14 0AD,,,,other,Postcode,547026,307031,3500,18000,,,,,,,Elm,http://data.ordnancesurvey.co.uk/id/4000000074341528,http://www.ordnancesurvey.co.uk/xml/codelists/localtype.xml#village,Fenland,http://data.ordnancesurvey.co.uk/id/7000000000001357,http://data.ordnancesurvey.co.uk/ontology/admingeo/District,Cambridgeshire,http://data.ordnancesurvey.co.uk/id/7000000000001386,http://data.ordnancesurvey.co.uk/ontology/admingeo/County,Eastern,http://data.ordnancesurvey.co.uk/id/7000000000041425,England,http://data.ordnancesurvey.co.uk/id/country/england,,,
PE134RA,http://data.ordnancesurvey.co.uk/id/postcodeunit/PE134RA,PE13 4RA,,,,other,Postcode,541415,307779,3500,18000,,,,,,,Wisbech St Mary,http://data.ordnancesurvey.co.uk/id/4000000074551315,http://www.ordnancesurvey.co.uk/xml/codelists/localtype.xml#village,Fenland,http://data.ordnancesurvey.co.uk/id/7000000000001357,http://data.ordnancesurvey.co.uk/ontology/admingeo/District,Cambridgeshire,http://data.ordnancesurvey.co.uk/id/7000000000001386,http://data.ordnancesurvey.co.uk/ontology/admingeo/County,Eastern,http://data.ordnancesurvey.co.uk/id/7000000000041425,England,http://data.ordnancesurvey.co.uk/id/country/england,,,
PE147NN,http://data.ordnancesurvey.co.uk/id/postcodeunit/PE147NN,PE14 7NN,,,,other,Postcode,549833,316706,3500,18000,,,,,,,Walpole St Peter,http://data.ordnancesurvey.co.uk/id/4000000074550943,http://www.ordnancesurvey.co.uk/xml/codelists/localtype.xml#village,King's Lynn and West Norfolk,http://data.ordnancesurvey.co.uk/id/7000000000007016,http://data.ordnancesurvey.co.uk/ontology/admingeo/District,Norfolk,http://data.ordnancesurvey.co.uk/id/7000000000007238,http://data.ordnancesurvey.co.uk/ontology/admingeo/County,Eastern,http://data.ordnancesurvey.co.uk/id/7000000000041425,England,http://data.ordnancesurvey.co.uk/id/country/england,,,
PE140SA,http://data.ordnancesurvey.co.uk/id/postcodeunit/PE140SA,PE14 0SA,,,,other,Postcode,542243,305294,3500,18000,,,,,,,,,,Fenland,http://data.ordnancesurvey.co.uk/id/7000000000001357,http://data.ordnancesurvey.co.uk/ontology/admingeo/District,Cambridgeshire,http://data.ordnancesurvey.co.uk/id/7000000000001386,http://data.ordnancesurvey.co.uk/ontology/admingeo/County,Eastern,http://data.ordnancesurvey.co.uk/id/7000000000041425,England,http://data.ordnancesurvey.co.uk/id/country/england,,,
PE140JQ,http://data.ordnancesurvey.co.uk/id/postcodeunit/PE140JQ,PE14 0JQ,,,,other,Postcode,546898,306671,3500,18000,,,,,,,Elm,http://data.ordnancesurvey.co.uk/id/4000000074341528,http://www.ordnancesurvey.co.uk/xml/codelists/localtype.xml#village,Fenland,http://data.ordnancesurvey.co.uk/id/7000000000001357,http://data.ordnancesurvey.co.uk/ontology/admingeo/District,Cambridgeshire,http://data.ordnancesurvey.co.uk/id/7000000000001386,http://data.ordnancesurvey.co.uk/ontology/admingeo/County,Eastern,http://data.ordnancesurvey.co.uk/id/7000000000041425,England,http://data.ordnancesurvey.co.uk/id/country/england,,,
PE147ER,http://data.ordnancesurvey.co.uk/id/postcodeunit/PE147ER,PE14 7ER,,,,other,Postcode,549792,312065,3500,18000,,,,,,,,,,King's Lynn and West Norfolk,http://data.ordnancesurvey.co.uk/id/7000000000007016,http://data.ordnancesurvey.co.uk/ontology/admingeo/District,Norfolk,http://data.ordnancesurvey.co.uk/id/7000000000007238,http://data.ordnancesurvey.co.uk/ontology/admingeo/County,Eastern,http://data.ordnancesurvey.co.uk/id/7000000000041425,England,http://data.ordnancesurvey.co.uk/id/country/england,,,
PE133PR,http://data.ordnancesurvey.co.uk/id/postcodeunit/PE133PR,PE13 3PR,,,,other,Postcode,546467,311290,3500,18000,,,,,,,Wisbech,http://data.ordnancesurvey.co.uk/id/4000000074551318,http://www.ordnancesurvey.co.uk/xml/codelists/localtype.xml#town,Fenland,http://data.ordnancesurvey.co.uk/id/7000000000001357,http://data.ordnancesurvey.co.uk/ontology/admingeo/District,Cambridgeshire,http://data.ordnancesurvey.co.uk/id/7000000000001386,http://data.ordnancesurvey.co.uk/ontology/admingeo/County,Eastern,http://data.ordnancesurvey.co.uk/id/7000000000041425,England,http://data.ordnancesurvey.co.uk/id/country/england,,,
PE131BL,http://data.ordnancesurvey.co.uk/id/postcodeunit/PE131BL,PE13 1BL,,,,other,Postcode,546376,309497,3500,18000,,,,,,,Wisbech,http://data.ordnancesurvey.co.uk/id/4000000074551318,http://www.ordnancesurvey.co.uk/xml/codelists/localtype.xml#town,Fenland,http://data.ordnancesurvey.co.uk/id/7000000000001357,http://data.ordnancesurvey.co.uk/ontology/admingeo/District,Cambridgeshire,http://data.ordnancesurvey.co.uk/id/7000000000001386,http://data.ordnancesurvey.co.uk/ontology/admingeo/County,Eastern,http://data.ordnancesurvey.co.uk/id/7000000000041425,England,http://data.ordnancesurvey.co.uk/id/country/england,,,
PE144BD,http://data.ordnancesurvey.co.uk/id/postcodeunit/PE144BD,PE14 4BD,,,,other,Postcode,545574,308434,3500,18000,,,,,,,Wisbech,http://data.ordnancesurvey.co.uk/id/4000000074551318,http://www.ordnancesurvey.co.uk/xml/codelists/localtype.xml#town,Fenland,http://data.ordnancesurvey.co.uk/id/7000000000001357,http://data.ordnancesurvey.co.uk/ontology/admingeo/District,Cambridgeshire,http://data.ordnancesurvey.co.uk/id/7000000000001386,http://data.ordnancesurvey.co.uk/ontology/admingeo/County,Eastern,http://data.ordnancesurvey.co.uk/id/7000000000041425,England,http://data.ordnancesurvey.co.uk/id/country/england,,,
PE132SX,http://data.ordnancesurvey.co.uk/id/postcodeunit/PE132SX,PE13 2SX,,,,other,Postcode,547179,308876,3500,18000,,,,,,,Wisbech,http://data.ordnancesurvey.co.uk/id/4000000074551318,http://www.ordnancesurvey.co.uk/xml/codelists/localtype.xml#town,Fenland,http://data.ordnancesurvey.co.uk/id/7000000000001357,http://data.ordnancesurvey.co.uk/ontology/admingeo/District,Cambridgeshire,http://data.ordnancesurvey.co.uk/id/7000000000001386,http://data.ordnancesurvey.co.uk/ontology/admingeo/County,Eastern,http://data.ordnancesurvey.co.uk/id/7000000000041425,England,http://data.ordnancesurvey.co.uk/id/country/england,,,
PE132RP,http://data.ordnancesurvey.co.uk/id/postcodeunit/PE132RP,PE13 2RP,,,,other,Postcode,545878,308671,3500,18000,,,,,,,Wisbech,http://data.ordnancesurvey.co.uk/id/4000000074551318,http://www.ordnancesurvey.co.uk/xml/codelists/localtype.xml#town,Fenland,http://data.ordnancesurvey.co.uk/id/7000000000001357,http://data.ordnancesurvey.co.uk/ontology/admingeo/District,Cambridgeshire,http://data.ordnancesurvey.co.uk/id/7000000000001386,http://data.ordnancesurvey.co.uk/ontology/admingeo/County,Eastern,http://data.ordnancesurvey.co.uk/id/7000000000041425,England,http://data.ordnancesurvey.co.uk/id/country/england,,,
PE149BS,http://data.ordnancesurvey.co.uk/id/postcodeunit/PE149BS,PE14 9BS,,,,other,Postcode,552354,302149,3500,18000,,,,,,,,,,King's Lynn and West Norfolk,http://data.ordnancesurvey.co.uk/id/7000000000007016,http://data.ordnancesurvey.co.uk/ontology/admingeo/District,Norfolk,http://data.ordnancesurvey.co.uk/id/7000000000007238,http://data.ordnancesurvey.co.uk/ontology/admingeo/County,Eastern,http://data.ordnancesurvey.co.uk/id/7000000000041425,England,http://data.ordnancesurvey.co.uk/id/country/england,,,
PE133AW,http://data.ordnancesurvey.co.uk/id/postcodeunit/PE133AW,PE13 3AW,,,,other,Postcode,546362,310244,3500,18000,,,,,,,Wisbech,http://data.ordnancesurvey.co.uk/id/4000000074551318,http://www.ordnancesurvey.co.uk/xml/codelists/localtype.xml#town,Fenland,http://data.ordnancesurvey.co.uk/id/7000000000001357,http://data.ordnancesurvey.co.uk/ontology/admingeo/District,Cambridgeshire,http://data.ordnancesurvey.co.uk/id/7000000000001386,http://data.ordnancesurvey.co.uk/ontology/admingeo/County,Eastern,http://data.ordnancesurvey.co.uk/id/7000000000041425,England,http://data.ordnancesurvey.co.uk/id/country/england,,,
PE135HH,http://data.ordnancesurvey.co.uk/id/postcodeunit/PE135HH,PE13 5HH,,,,other,Postcode,543788,314731,3500,18000,,,,,,,Newton-in-the-Isle,http://data.ordnancesurvey.co.uk/id/4000000074548769,http://www.ordnancesurvey.co.uk/xml/codelists/localtype.xml#village,Fenland,http://data.ordnancesurvey.co.uk/id/7000000000001357,http://data.ordnancesurvey.co.uk/ontology/admingeo/District,Cambridgeshire,http://data.ordnancesurvey.co.uk/id/7000000000001386,http://data.ordnancesurvey.co.uk/ontology/admingeo/County,Eastern,http://data.ordnancesurvey.co.uk/id/7000000000041425,England,http://data.ordnancesurvey.co.uk/id/country/england,,,
PE147HJ,http://data.ordnancesurvey.co.uk/id/postcodeunit/PE147HJ,PE14 7HJ,,,,other,Postcode,549461,317287,3500,18000,,,,,,,,,,King's Lynn and West Norfolk,http://data.ordnancesurvey.co.uk/id/7000000000007016,http://data.ordnancesurvey.co.uk/ontology/admingeo/District,Norfolk,http://data.ordnancesurvey.co.uk/id/7000000000007238,http://data.ordnancesurvey.co.uk/ontology/admingeo/County,Eastern,http://data.ordnancesurvey.co.uk/id/7000000000041425,England,http://data.ordnancesurvey.co.uk/id/country/england,,,
PE140BS,http://data.ordnancesurvey.co.uk/id/postcodeunit/PE140BS,PE14 0BS,,,,other,Postcode,546749,306323,3500,18000,,,,,,,Elm,http://data.ordnancesurvey.co.uk/id/4000000074341528,http://www.ordnancesurvey.co.uk/xml/codelists/localtype.xml#village,Fenland,http://data.ordnancesurvey.co.uk/id/7000000000001357,http://data.ordnancesurvey.co.uk/ontology/admingeo/District,Cambridgeshire,http://data.ordnancesurvey.co.uk/id/7000000000001386,http://data.ordnancesurvey.co.uk/ontology/admingeo/County,Eastern,http://data.ordnancesurvey.co.uk/id/7000000000041425,England,http://data.ordnancesurvey.co.uk/id/country/england,,,
PE131RW,http://data.ordnancesurvey.co.uk/id/postcodeunit/PE131RW,PE13 1RW,,,,other,Postcode,545922,309719,3500,18000,,,,,,,Wisbech,http://data.ordnancesurvey.co.uk/id/4000000074551318,http://www.ordnancesurvey.co.uk/xml/codelists/localtype.xml#town,Fenland,http://data.ordnancesurvey.co.uk/id/7000000000001357,http://data.ordnancesurvey.co.uk/ontology/admingeo/District,Cambridgeshire,http://data.ordnancesurvey.co.uk/id/7000000000001386,http://data.ordnancesurvey.co.uk/ontology/admingeo/County,Eastern,http://data.ordnancesurvey.co.uk/id/7000000000041425,England,http://data.ordnancesurvey.co.uk/id/country/england,,,
PE133SW,http://data.ordnancesurvey.co.uk/id/postcodeunit/PE133SW,PE13 3SW,,,,other,Postcode,547454,309803,3500,18000,,,,,,,Wisbech,http://data.ordnancesurvey.co.uk/id/4000000074551318,http://www.ordnancesurvey.co.uk/xml/codelists/localtype.xml#town,Fenland,http://data.ordnancesurvey.co.uk/id/7000000000001357,http://data.ordnancesurvey.co.uk/ontology/admingeo/District,Cambridgeshire,http://data.ordnancesurvey.co.uk/id/7000000000001386,http://data.ordnancesurvey.co.uk/ontology/admingeo/County,Eastern,http://data.ordnancesurvey.co.uk/id/7000000000041425,England,http://data.ordnancesurvey.co.uk/id/country/england,,,
PE149HS,http://data.ordnancesurvey.co.uk/id/postcodeunit/PE149HS,PE14 9HS,,,,other,Postcode,550667,302187,3500,18000,,,,,,,Upwell,http://data.ordnancesurvey.co.uk/id/4000000074550938,http://www.ordnancesurvey.co.uk/xml/codelists/localtype.xml#village,King's Lynn and West Norfolk,http://data.ordnancesurvey.co.uk/id/7000000000007016,http://data.ordnancesurvey.co.uk/ontology/admingeo/District,Norfolk,http://data.ordnancesurvey.co.uk/id/7000000000007238,http://data.ordnancesurvey.co.uk/ontology/admingeo/County,Eastern,http://data.ordnancesurvey.co.uk/id/7000000000041425,England,http://data.ordnancesurvey.co.uk/id/country/england,,,
PE140LE,http://data.ordnancesurvey.co.uk/id/postcodeunit/PE140LE,PE14 0LE,,,,other,Postcode,547594,305145,3500,18000,,,,,,,Friday Bridge,http://data.ordnancesurvey.co.uk/id/4000000074550225,http://www.ordnancesurvey.co.uk/xml/codelists/localtype.xml#village,Fenland,http://data.ordnancesurvey.co.uk/id/7000000000001357,http://data.ordnancesurvey.co.uk/ontology/admingeo/District,Cambridgeshire,http://data.ordnancesurvey.co.uk/id/7000000000001386,http://data.ordnancesurvey.co.uk/ontology/admingeo/County,Eastern,http://data.ordnancesurvey.co.uk/id/7000000000041425,England,http://data.ordnancesurvey.co.uk/id/country/england,,,
PE144ES,http://data.ordnancesurvey.co.uk/id/postcodeunit/PE144ES,PE14 4ES,,,,other,Postcode,545574,308434,3500,18000,,,,,,,Wisbech,http://data.ordnancesurvey.co.uk/id/4000000074551318,http://www.ordnancesurvey.co.uk/xml/codelists/localtype.xml#town,Fenland,http://data.ordnancesurvey.co.uk/id/7000000000001357,http://data.ordnancesurvey.co.uk/ontology/admingeo/District,Cambridgeshire,http://data.ordnancesurvey.co.uk/id/7000000000001386,http://data.ordnancesurvey.co.uk/ontology/admingeo/County,Eastern,http://data.ordnancesurvey.co.uk/id/7000000000041425,England,http://data.ordnancesurvey.co.uk/id/country/england,,,
PE134PA,http://data.ordnancesurvey.co.uk/id/postcodeunit/PE134PA,PE13 4PA,,,,other,Postcode,540556,310169,3500,18000,,,,,,,,,,Fenland,http://data.ordnancesurvey.co.uk/id/7000000000001357,http://data.ordnancesurvey.co.uk/ontology/admingeo/District,Cambridgeshire,http://data.ordnancesurvey.co.uk/id/7000000000001386,http://data.ordnancesurvey.co.uk/ontology/admingeo/County,Eastern,http://data.ordnancesurvey.co.uk/id/7000000000041425,England,http://data.ordnancesurvey.co.uk/id/country/england,,,
PE135JY,http://data.ordnancesurvey.co.uk/id/postcodeunit/PE135JY,PE13 5JY,,,,other,Postcode,544278,311587,3500,18000,,,,,,,Leverington,http://data.ordnancesurvey.co.uk/id/4000000074551313,http://www.ordnancesurvey.co.uk/xml/codelists/localtype.xml#village,Fenland,http://data.ordnancesurvey.co.uk/id/7000000000001357,http://data.ordnancesurvey.co.uk/ontology/admingeo/District,Cambridgeshire,http://data.ordnancesurvey.co.uk/id/7000000000001386,http://data.ordnancesurvey.co.uk/ontology/admingeo/County,Eastern,http://data.ordnancesurvey.co.uk/id/7000000000041425,England,http://data.ordnancesurvey.co.uk/id/country/england,,,
PE140EN,http://data.ordnancesurvey.co.uk/id/postcodeunit/PE140EN,PE14 0EN,,,,other,Postcode,545246,307396,3500,18000,,,,,,,,,,Fenland,http://data.ordnancesurvey.co.uk/id/7000000000001357,http://data.ordnancesurvey.co.uk/ontology/admingeo/District,Cambridgeshire,http://data.ordnancesurvey.co.uk/id/7000000000001386,http://data.ordnancesurvey.co.uk/ontology/admingeo/County,Eastern,http://data.ordnancesurvey.co.uk/id/7000000000041425,England,http://data.ordnancesurvey.co.uk/id/country/england,,,
PE132FE,http://data.ordnancesurvey.co.uk/id/postcodeunit/PE132FE,PE13 2FE,,,,other,Postcode,546544,308937,3500,18000,,,,,,,Wisbech,http://data.ordnancesurvey.co.uk/id/4000000074551318,http://www.ordnancesurvey.co.uk/xml/codelists/localtype.xml#town,Fenland,http://data.ordnancesurvey.co.uk/id/7000000000001357,http://data.ordnancesurvey.co.uk/ontology/admingeo/District,Cambridgeshire,http://data.ordnancesurvey.co.uk/id/7000000000001386,http://data.ordnancesurvey.co.uk/ontology/admingeo/County,Eastern,http://data.ordnancesurvey.co.uk/id/7000000000041425,England,http://data.ordnancesurvey.co.uk/id/country/england,,,
PE380BZ,http://data.ordnancesurvey.co.uk/id/postcodeunit/PE380BZ,PE38 0BZ,,,,other,Postcode,555265,301476,3500,18000,,,,,,,Nordelph,http://data.ordnancesurvey.co.uk/id/4000000074550935,http://www.ordnancesurvey.co.uk/xml/codelists/localtype.xml#village,King's Lynn and West Norfolk,http://data.ordnancesurvey.co.uk/id/7000000000007016,http://data.ordnancesurvey.co.uk/ontology/admingeo/District,Norfolk,http://data.ordnancesurvey.co.uk/id/7000000000007238,http://data.ordnancesurvey.co.uk/ontology/admingeo/County,Eastern,http://data.ordnancesurvey.co.uk/id/7000000000041425,England,http://data.ordnancesurvey.co.uk/id/country/england,,,
PE132SQ,http://data.ordnancesurvey.co.uk/id/postcodeunit/PE132SQ,PE13 2SQ,,,,other,Postcode,546840,308542,3500,18000,,,,,,,Wisbech,http://data.ordnancesurvey.co.uk/id/4000000074551318,http://www.ordnancesurvey.co.uk/xml/codelists/localtype.xml#town,Fenland,http://data.ordnancesurvey.co.uk/id/7000000000001357,http://data.ordnancesurvey.co.uk/ontology/admingeo/District,Cambridgeshire,http://data.ordnancesurvey.co.uk/id/7000000000001386,http://data.ordnancesurvey.co.uk/ontology/admingeo/County,Eastern,http://data.ordnancesurvey.co.uk/id/7000000000041425,England,http://data.ordnancesurvey.co.uk/id/country/england,,,
PE147NS,http://data.ordnancesurvey.co.uk/id/postcodeunit/PE147NS,PE14 7NS,,,,other,Postcode,550115,316813,3500,18000,,,,,,,Walpole St Peter,http://data.ordnancesurvey.co.uk/id/4000000074550943,http://www.ordnancesurvey.co.uk/xml/codelists/localtype.xml#village,King's Lynn and West Norfolk,http://data.ordnancesurvey.co.uk/id/7000000000007016,http://data.ordnancesurvey.co.uk/ontology/admingeo/District,Norfolk,http://data.ordnancesurvey.co.uk/id/7000000000007238,http://data.ordnancesurvey.co.uk/ontology/admingeo/County,Eastern,http://data.ordnancesurvey.co.uk/id/7000000000041425,England,http://data.ordnancesurvey.co.uk/id/country/england,,,
PE140EG,http://data.ordnancesurvey.co.uk/id/postcodeunit/PE140EG,PE14 0EG,,,,other,Postcode,547992,306280,3500,18000,,,,,,,,,,Fenland,http://data.ordnancesurvey.co.uk/id/7000000000001357,http://data.ordnancesurvey.co.uk/ontology/admingeo/District,Cambridgeshire,http://data.ordnancesurvey.co.uk/id/7000000000001386,http://data.ordnancesurvey.co.uk/ontology/admingeo/County,Eastern,http://data.ordnancesurvey.co.uk/id/7000000000041425,England,http://data.ordnancesurvey.co.uk/id/country/england,,,
PE132TT,http://data.ordnancesurvey.co.uk/id/postcodeunit/PE132TT,PE13 2TT,,,,other,Postcode,546659,308125,3500,18000,,,,,,,Wisbech,http://data.ordnancesurvey.co.uk/id/4000000074551318,http://www.ordnancesurvey.co.uk/xml/codelists/localtype.xml#town,Fenland,http://data.ordnancesurvey.co.uk/id/7000000000001357,http://data.ordnancesurvey.co.uk/ontology/admingeo/District,Cambridgeshire,http://data.ordnancesurvey.co.uk/id/7000000000001386,http://data.ordnancesurvey.co.uk/ontology/admingeo/County,Eastern,http://data.ordnancesurvey.co.uk/id/7000000000041425,England,http://data.ordnancesurvey.co.uk/id/country/england,,,
PE132RU,http://data.ordnancesurvey.co.uk/id/postcodeunit/PE132RU,PE13 2RU,,,,other,Postcode,546320,308382,3500,18000,,,,,,,Wisbech,http://data.ordnancesurvey.co.uk/id/4000000074551318,http://www.ordnancesurvey.co.uk/xml/codelists/localtype.xml#town,Fenland,http://data.ordnancesurvey.co.uk/id/7000000000001357,http://data.ordnancesurvey.co.uk/ontology/admingeo/District,Cambridgeshire,http://data.ordnancesurvey.co.uk/id/7000000000001386,http://data.ordnancesurvey.co.uk/ontology/admingeo/County,Eastern,http://data.ordnancesurvey.co.uk/id/7000000000041425,England,http://data.ordnancesurvey.co.uk/id/country/england,,,
PE149AD,http://data.ordnancesurvey.co.uk/id/postcodeunit/PE149AD,PE14 9AD,,,,other,Postcode,550610,302918,3500,18000,,,,,,,Upwell,http://data.ordnancesurvey.co.uk/id/4000000074550938,http://www.ordnancesurvey.co.uk/xml/codelists/localtype.xml#village,King's Lynn and West Norfolk,http://data.ordnancesurvey.co.uk/id/7000000000007016,http://data.ordnancesurvey.co.uk/ontology/admingeo/District,Norfolk,http://data.ordnancesurvey.co.uk/id/7000000000007238,http://data.ordnancesurvey.co.uk/ontology/admingeo/County,Eastern,http://data.ordnancesurvey.co.uk/id/7000000000041425,England,http://data.ordnancesurvey.co.uk/id/country/england,,,
PE133SB,http://data.ordnancesurvey.co.uk/id/postcodeunit/PE133SB,PE13 3SB,,,,other,Postcode,547284,310783,3500,18000,,,,,,,Wisbech,http://data.ordnancesurvey.co.uk/id/4000000074551318,http://www.ordnancesurvey.co.uk/xml/codelists/localtype.xml#town,Fenland,http://data.ordnancesurvey.co.uk/id/7000000000001357,http://data.ordnancesurvey.co.uk/ontology/admingeo/District,Cambridgeshire,http://data.ordnancesurvey.co.uk/id/7000000000001386,http://data.ordnancesurvey.co.uk/ontology/admingeo/County,Eastern,http://data.ordnancesurvey.co.uk/id/7000000000041425,England,http://data.ordnancesurvey.co.uk/id/country/england,,,
PE343BB,http://data.ordnancesurvey.co.uk/id/postcodeunit/PE343BB,PE34 3BB,,,,other,Postcode,559593,310453,3500,18000,,,,,,,Wiggenhall St Mary Magdalen,http://data.ordnancesurvey.co.uk/id/4000000074548392,http://www.ordnancesurvey.co.uk/xml/codelists/localtype.xml#village,King's Lynn and West Norfolk,http://data.ordnancesurvey.co.uk/id/7000000000007016,http://data.ordnancesurvey.co.uk/ontology/admingeo/District,Norfolk,http://data.ordnancesurvey.co.uk/id/7000000000007238,http://data.ordnancesurvey.co.uk/ontology/admingeo/County,Eastern,http://data.ordnancesurvey.co.uk/id/7000000000041425,England,http://data.ordnancesurvey.co.uk/id/country/england,,,
PE147SE,http://data.ordnancesurvey.co.uk/id/postcodeunit/PE147SE,PE14 7SE,,,,other,Postcode,553682,314247,3500,18000,,,,,,,Terrington St John,http://data.ordnancesurvey.co.uk/id/4000000074550941,http://www.ordnancesurvey.co.uk/xml/codelists/localtype.xml#village,King's Lynn and West Norfolk,http://data.ordnancesurvey.co.uk/id/7000000000007016,http://data.ordnancesurvey.co.uk/ontology/admingeo/District,Norfolk,http://data.ordnancesurvey.co.uk/id/7000000000007238,http://data.ordnancesurvey.co.uk/ontology/admingeo/County,Eastern,http://data.ordnancesurvey.co.uk/id/7000000000041425,England,http://data.ordnancesurvey.co.uk/id/country/england,,,
PE132JT,http://data.ordnancesurvey.co.uk/id/postcodeunit/PE132JT,PE13 2JT,,,,other,Postcode,547108,309664,3500,18000,,,,,,,Wisbech,http://data.ordnancesurvey.co.uk/id/4000000074551318,http://www.ordnancesurvey.co.uk/xml/codelists/localtype.xml#town,Fenland,http://data.ordnancesurvey.co.uk/id/7000000000001357,http://data.ordnancesurvey.co.uk/ontology/admingeo/District,Cambridgeshire,http://data.ordnancesurvey.co.uk/id/7000000000001386,http://data.ordnancesurvey.co.uk/ontology/admingeo/County,Eastern,http://data.ordnancesurvey.co.uk/id/7000000000041425,England,http://data.ordnancesurvey.co.uk/id/country/england,,,
PE147SJ,http://data.ordnancesurvey.co.uk/id/postcodeunit/PE147SJ,PE14 7SJ,,,,other,Postcode,553796,311883,3500,18000,,,,,,,St John's Fen End,http://data.ordnancesurvey.co.uk/id/4000000074548752,http://www.ordnancesurvey.co.uk/xml/codelists/localtype.xml#village,King's Lynn and West Norfolk,http://data.ordnancesurvey.co.uk/id/7000000000007016,http://data.ordnancesurvey.co.uk/ontology/admingeo/District,Norfolk,http://data.ordnancesurvey.co.uk/id/7000000000007238,http://data.ordnancesurvey.co.uk/ontology/admingeo/County,Eastern,http://data.ordnancesurvey.co.uk/id/7000000000041425,England,http://data.ordnancesurvey.co.uk/id/country/england,,,
PE132EF,http://data.ordnancesurvey.co.uk/id/postcodeunit/PE132EF,PE13 2EF,,,,other,Postcode,546773,310114,3500,18000,,,,,,,Wisbech,http://data.ordnancesurvey.co.uk/id/4000000074551318,http://www.ordnancesurvey.co.uk/xml/codelists/localtype.xml#town,Fenland,http://data.ordnancesurvey.co.uk/id/7000000000001357,http://data.ordnancesurvey.co.uk/ontology/admingeo/District,Cambridgeshire,http://data.ordnancesurvey.co.uk/id/7000000000001386,http://data.ordnancesurvey.co.uk/ontology/admingeo/County,Eastern,http://data.ordnancesurvey.co.uk/id/7000000000041425,England,http://data.ordnancesurvey.co.uk/id/country/england,,,
PE133UR,http://data.ordnancesurvey.co.uk/id/postcodeunit/PE133UR,PE13 3UR,,,,other,Postcode,547237,310130,3500,18000,,,,,,,Wisbech,http://data.ordnancesurvey.co.uk/id/4000000074551318,http://www.ordnancesurvey.co.uk/xml/codelists/localtype.xml#town,Fenland,http://data.ordnancesurvey.co.uk/id/7000000000001357,http://data.ordnancesurvey.co.uk/ontology/admingeo/District,Cambridgeshire,http://data.ordnancesurvey.co.uk/id/7000000000001386,http://data.ordnancesurvey.co.uk/ontology/admingeo/County,Eastern,http://data.ordnancesurvey.co.uk/id/7000000000041425,England,http://data.ordnancesurvey.co.uk/id/country/england,,,
PE149DP,http://data.ordnancesurvey.co.uk/id/postcodeunit/PE149DP,PE14 9DP,,,,other,Postcode,549624,302320,3500,18000,,,,,,,Upwell,http://data.ordnancesurvey.co.uk/id/4000000074550938,http://www.ordnancesurvey.co.uk/xml/codelists/localtype.xml#village,King's Lynn and West Norfolk,http://data.ordnancesurvey.co.uk/id/7000000000007016,http://data.ordnancesurvey.co.uk/ontology/admingeo/District,Norfolk,http://data.ordnancesurvey.co.uk/id/7000000000007238,http://data.ordnancesurvey.co.uk/ontology/admingeo/County,Eastern,http://data.ordnancesurvey.co.uk/id/7000000000041425,England,http://data.ordnancesurvey.co.uk/id/country/england,,,
PE133QF,http://data.ordnancesurvey.co.uk/id/postcodeunit/PE133QF,PE13 3QF,,,,other,Postcode,546650,311204,3500,18000,,,,,,,Wisbech,http://data.ordnancesurvey.co.uk/id/4000000074551318,http://www.ordnancesurvey.co.uk/xml/codelists/localtype.xml#town,Fenland,http://data.ordnancesurvey.co.uk/id/7000000000001357,http://data.ordnancesurvey.co.uk/ontology/admingeo/District,Cambridgeshire,http://data.ordnancesurvey.co.uk/id/7000000000001386,http://data.ordnancesurvey.co.uk/ontology/admingeo/County,Eastern,http://data.ordnancesurvey.co.uk/id/7000000000041425,England,http://data.ordnancesurvey.co.uk/id/country/england,,,
PE147QA,http://data.ordnancesurvey.co.uk/id/postcodeunit/PE147QA,PE14 7QA,,,,other,Postcode,551770,313943,3500,18000,,,,,,,Walpole Highway,http://data.ordnancesurvey.co.uk/id/4000000074550945,http://www.ordnancesurvey.co.uk/xml/codelists/localtype.xml#village,King's Lynn and West Norfolk,http://data.ordnancesurvey.co.uk/id/7000000000007016,http://data.ordnancesurvey.co.uk/ontology/admingeo/District,Norfolk,http://data.ordnancesurvey.co.uk/id/7000000000007238,http://data.ordnancesurvey.co.uk/ontology/admingeo/County,Eastern,http://data.ordnancesurvey.co.uk/id/7000000000041425,England,http://data.ordnancesurvey.co.uk/id/country/england,,,
PE135RL,http://data.ordnancesurvey.co.uk/id/postcodeunit/PE135RL,PE13 5RL,,,,other,Postcode,543973,318481,3500,18000,,,,,,,Tydd St Mary,http://data.ordnancesurvey.co.uk/id/4000000074548410,http://www.ordnancesurvey.co.uk/xml/codelists/localtype.xml#village,South Holland,http://data.ordnancesurvey.co.uk/id/7000000000005599,http://data.ordnancesurvey.co.uk/ontology/admingeo/District,Lincolnshire,http://data.ordnancesurvey.co.uk/id/7000000000005942,http://data.ordnancesurvey.co.uk/ontology/admingeo/County,East Midlands,http://data.ordnancesurvey.co.uk/id/7000000000041423,England,http://data.ordnancesurvey.co.uk/id/country/england,,,
PE131SW,http://data.ordnancesurvey.co.uk/id/postcodeunit/PE131SW,PE13 1SW,,,,other,Postcode,545760,310278,3500,18000,,,,,,,Wisbech,http://data.ordnancesurvey.co.uk/id/4000000074551318,http://www.ordnancesurvey.co.uk/xml/codelists/localtype.xml#town,Fenland,http://data.ordnancesurvey.co.uk/id/7000000000001357,http://data.ordnancesurvey.co.uk/ontology/admingeo/District,Cambridgeshire,http://data.ordnancesurvey.co.uk/id/7000000000001386,http://data.ordnancesurvey.co.uk/ontology/admingeo/County,Eastern,http://data.ordnancesurvey.co.uk/id/7000000000041425,England,http://data.ordnancesurvey.co.uk/id/country/england,,,
PE148JT,http://data.ordnancesurvey.co.uk/id/postcodeunit/PE148JT,PE14 8JT,,,,other,Postcode,555168,306824,3500,18000,,,,,,,,,,King's Lynn and West Norfolk,http://data.ordnancesurvey.co.uk/id/7000000000007016,http://data.ordnancesurvey.co.uk/ontology/admingeo/District,Norfolk,http://data.ordnancesurvey.co.uk/id/7000000000007238,http://data.ordnancesurvey.co.uk/ontology/admingeo/County,Eastern,http://data.ordnancesurvey.co.uk/id/7000000000041425,England,http://data.ordnancesurvey.co.uk/id/country/england,,,
PE147EU,http://data.ordnancesurvey.co.uk/id/postcodeunit/PE147EU,PE14 7EU,,,,other,Postcode,547210,314632,3500,18000,,,,,,,,,,King's Lynn and West Norfolk,http://data.ordnancesurvey.co.uk/id/7000000000007016,http://data.ordnancesurvey.co.uk/ontology/admingeo/District,Norfolk,http://data.ordnancesurvey.co.uk/id/7000000000007238,http://data.ordnancesurvey.co.uk/ontology/admingeo/County,Eastern,http://data.ordnancesurvey.co.uk/id/7000000000041425,England,http://data.ordnancesurvey.co.uk/id/country/england,,,
PE135AL,http://data.ordnancesurvey.co.uk/id/postcodeunit/PE135AL,PE13 5AL,,,,other,Postcode,544551,311608,3500,18000,,,,,,,Leverington,http://data.ordnancesurvey.co.uk/id/4000000074551313,http://www.ordnancesurvey.co.uk/xml/codelists/localtype.xml#village,Fenland,http://data.ordnancesurvey.co.uk/id/7000000000001357,http://data.ordnancesurvey.co.uk/ontology/admingeo/District,Cambridgeshire,http://data.ordnancesurvey.co.uk/id/7000000000001386,http://data.ordnancesurvey.co.uk/ontology/admingeo/County,Eastern,http://data.ordnancesurvey.co.uk/id/7000000000041425,England,http://data.ordnancesurvey.co.uk/id/country/england,,,
PE140DX,http://data.ordnancesurvey.co.uk/id/postcodeunit/PE140DX,PE14 0DX,,,,other,Postcode,548009,307280,3500,18000,,,,,,,Elm,http://data.ordnancesurvey.co.uk/id/4000000074341528,http://www.ordnancesurvey.co.uk/xml/codelists/localtype.xml#village,King's Lynn and West Norfolk,http://data.ordnancesurvey.co.uk/id/7000000000007016,http://data.ordnancesurvey.co.uk/ontology/admingeo/District,Norfolk,http://data.ordnancesurvey.co.uk/id/7000000000007238,http://data.ordnancesurvey.co.uk/ontology/admingeo/County,Eastern,http://data.ordnancesurvey.co.uk/id/7000000000041425,England,http://data.ordnancesurvey.co.uk/id/country/england,,,
PE147AR,http://data.ordnancesurvey.co.uk/id/postcodeunit/PE147AR,PE14 7AR,,,,other,Postcode,547833,312113,3500,18000,,,,,,,,,,King's Lynn and West Norfolk,http://data.ordnancesurvey.co.uk/id/7000000000007016,http://data.ordnancesurvey.co.uk/ontology/admingeo/District,Norfolk,http://data.ordnancesurvey.co.uk/id/7000000000007238,http://data.ordnancesurvey.co.uk/ontology/admingeo/County,Eastern,http://data.ordnancesurvey.co.uk/id/7000000000041425,England,http://data.ordnancesurvey.co.uk/id/country/england,,,
PE135PB,http://data.ordnancesurvey.co.uk/id/postcodeunit/PE135PB,PE13 5PB,,,,other,Postcode,541270,315444,3500,18000,,,,,,,,,,Fenland,http://data.ordnancesurvey.co.uk/id/7000000000001357,http://data.ordnancesurvey.co.uk/ontology/admingeo/District,Cambridgeshire,http://data.ordnancesurvey.co.uk/id/7000000000001386,http://data.ordnancesurvey.co.uk/ontology/admingeo/County,Eastern,http://data.ordnancesurvey.co.uk/id/7000000000041425,England,http://data.ordnancesurvey.co.uk/id/country/england,,,
PE344BF,http://data.ordnancesurvey.co.uk/id/postcodeunit/PE344BF,PE34 4BF,,,,other,Postcode,553137,317614,3500,18000,,,,,,,,,,King's Lynn and West Norfolk,http://data.ordnancesurvey.co.uk/id/7000000000007016,http://data.ordnancesurvey.co.uk/ontology/admingeo/District,Norfolk,http://data.ordnancesurvey.co.uk/id/7000000000007238,http://data.ordnancesurvey.co.uk/ontology/admingeo/County,Eastern,http://data.ordnancesurvey.co.uk/id/7000000000041425,England,http://data.ordnancesurvey.co.uk/id/country/england,,,
PE140NW,http://data.ordnancesurvey.co.uk/id/postcodeunit/PE140NW,PE14 0NW,,,,other,Postcode,542341,303533,3500,18000,,,,,,,,,,Fenland,http://data.ordnancesurvey.co.uk/id/7000000000001357,http://data.ordnancesurvey.co.uk/ontology/admingeo/District,Cambridgeshire,http://data.ordnancesurvey.co.uk/id/7000000000001386,http://data.ordnancesurvey.co.uk/ontology/admingeo/County,Eastern,http://data.ordnancesurvey.co.uk/id/7000000000041425,England,http://data.ordnancesurvey.co.uk/id/country/england,,,
PE134TJ,http://data.ordnancesurvey.co.uk/id/postcodeunit/PE134TJ,PE13 4TJ,,,,other,Postcode,543842,309746,3500,18000,,,,,,,,,,Fenland,http://data.ordnancesurvey.co.uk/id/7000000000001357,http://data.ordnancesurvey.co.uk/ontology/admingeo/District,Cambridgeshire,http://data.ordnancesurvey.co.uk/id/7000000000001386,http://data.ordnancesurvey.co.uk/ontology/admingeo/County,Eastern,http://data.ordnancesurvey.co.uk/id/7000000000041425,England,http://data.ordnancesurvey.co.uk/id/country/england,,,
PE148TH,http://data.ordnancesurvey.co.uk/id/postcodeunit/PE148TH,PE14 8TH,,,,other,Postcode,550615,304608,3500,18000,,,,,,,,,,King's Lynn and West Norfolk,http://data.ordnancesurvey.co.uk/id/7000000000007016,http://data.ordnancesurvey.co.uk/ontology/admingeo/District,Norfolk,http://data.ordnancesurvey.co.uk/id/7000000000007238,http://data.ordnancesurvey.co.uk/ontology/admingeo/County,Eastern,http://data.ordnancesurvey.co.uk/id/7000000000041425,England,http://data.ordnancesurvey.co.uk/id/country/england,,,
PE135SB,http://data.ordnancesurvey.co.uk/id/postcodeunit/PE135SB,PE13 5SB,,,,other,Postcode,544697,318572,3500,18000,,,,,,,Tydd St Mary,http://data.ordnancesurvey.co.uk/id/4000000074548410,http://www.ordnancesurvey.co.uk/xml/codelists/localtype.xml#village,South Holland,http://data.ordnancesurvey.co.uk/id/7000000000005599,http://data.ordnancesurvey.co.uk/ontology/admingeo/District,Lincolnshire,http://data.ordnancesurvey.co.uk/id/7000000000005942,http://data.ordnancesurvey.co.uk/ontology/admingeo/County,East Midlands,http://data.ordnancesurvey.co.uk/id/7000000000041423,England,http://data.ordnancesurvey.co.uk/id/country/england,,,
PE132HP,http://data.ordnancesurvey.co.uk/id/postcodeunit/PE132HP,PE13 2HP,,,,other,Postcode,547053,309032,3500,18000,,,,,,,Wisbech,http://data.ordnancesurvey.co.uk/id/4000000074551318,http://www.ordnancesurvey.co.uk/xml/codelists/localtype.xml#town,Fenland,http://data.ordnancesurvey.co.uk/id/7000000000001357,http://data.ordnancesurvey.co.uk/ontology/admingeo/District,Cambridgeshire,http://data.ordnancesurvey.co.uk/id/7000000000001386,http://data.ordnancesurvey.co.uk/ontology/admingeo/County,Eastern,http://data.ordnancesurvey.co.uk/id/7000000000041425,England,http://data.ordnancesurvey.co.uk/id/country/england,,,
PE140LZ,http://data.ordnancesurvey.co.uk/id/postcodeunit/PE140LZ,PE14 0LZ,,,,other,Postcode,543232,302431,3500,18000,,,,,,,Coldham,http://data.ordnancesurvey.co.uk/id/4000000074550588,http://www.ordnancesurvey.co.uk/xml/codelists/localtype.xml#village,Fenland,http://data.ordnancesurvey.co.uk/id/7000000000001357,http://data.ordnancesurvey.co.uk/ontology/admingeo/District,Cambridgeshire,http://data.ordnancesurvey.co.uk/id/7000000000001386,http://data.ordnancesurvey.co.uk/ontology/admingeo/County,Eastern,http://data.ordnancesurvey.co.uk/id/7000000000041425,England,http://data.ordnancesurvey.co.uk/id/country/england,,,
PE149ES,http://data.ordnancesurvey.co.uk/id/postcodeunit/PE149ES,PE14 9ES,,,,other,Postcode,549610,301408,3500,18000,,,,,,,Upwell,http://data.ordnancesurvey.co.uk/id/4000000074550938,http://www.ordnancesurvey.co.uk/xml/codelists/localtype.xml#village,King's Lynn and West Norfolk,http://data.ordnancesurvey.co.uk/id/7000000000007016,http://data.ordnancesurvey.co.uk/ontology/admingeo/District,Norfolk,http://data.ordnancesurvey.co.uk/id/7000000000007238,http://data.ordnancesurvey.co.uk/ontology/admingeo/County,Eastern,http://data.ordnancesurvey.co.uk/id/7000000000041425,England,http://data.ordnancesurvey.co.uk/id/country/england,,,
PE132HL,http://data.ordnancesurvey.co.uk/id/postcodeunit/PE132HL,PE13 2HL,,,,other,Postcode,546998,308930,3500,18000,,,,,,,Wisbech,http://data.ordnancesurvey.co.uk/id/4000000074551318,http://www.ordnancesurvey.co.uk/xml/codelists/localtype.xml#town,Fenland,http://data.ordnancesurvey.co.uk/id/7000000000001357,http://data.ordnancesurvey.co.uk/ontology/admingeo/District,Cambridgeshire,http://data.ordnancesurvey.co.uk/id/7000000000001386,http://data.ordnancesurvey.co.uk/ontology/admingeo/County,Eastern,http://data.ordnancesurvey.co.uk/id/7000000000041425,England,http://data.ordnancesurvey.co.uk/id/country/england,,,
PE148JA,http://data.ordnancesurvey.co.uk/id/postcodeunit/PE148JA,PE14 8JA,,,,other,Postcode,552804,310658,3500,18000,,,,,,,St John's Fen End,http://data.ordnancesurvey.co.uk/id/4000000074548752,http://www.ordnancesurvey.co.uk/xml/codelists/localtype.xml#village,King's Lynn and West Norfolk,http://data.ordnancesurvey.co.uk/id/7000000000007016,http://data.ordnancesurvey.co.uk/ontology/admingeo/District,Norfolk,http://data.ordnancesurvey.co.uk/id/7000000000007238,http://data.ordnancesurvey.co.uk/ontology/admingeo/County,Eastern,http://data.ordnancesurvey.co.uk/id/7000000000041425,England,http://data.ordnancesurvey.co.uk/id/country/england,,,
PE343DB,http://data.ordnancesurvey.co.uk/id/postcodeunit/PE343DB,PE34 3DB,,,,other,Postcode,557980,310436,3500,18000,,,,,,,,,,King's Lynn and West Norfolk,http://data.ordnancesurvey.co.uk/id/7000000000007016,http://data.ordnancesurvey.co.uk/ontology/admingeo/District,Norfolk,http://data.ordnancesurvey.co.uk/id/7000000000007238,http://data.ordnancesurvey.co.uk/ontology/admingeo/County,Eastern,http://data.ordnancesurvey.co.uk/id/7000000000041425,England,http://data.ordnancesurvey.co.uk/id/country/england,,,
PE135DR,http://data.ordnancesurvey.co.uk/id/postcodeunit/PE135DR,PE13 5DR,,,,other,Postcode,545208,311213,3500,18000,,,,,,,Wisbech,http://data.ordnancesurvey.co.uk/id/4000000074551318,http://www.ordnancesurvey.co.uk/xml/codelists/localtype.xml#town,Fenland,http://data.ordnancesurvey.co.uk/id/7000000000001357,http://data.ordnancesurvey.co.uk/ontology/admingeo/District,Cambridgeshire,http://data.ordnancesurvey.co.uk/id/7000000000001386,http://data.ordnancesurvey.co.uk/ontology/admingeo/County,Eastern,http://data.ordnancesurvey.co.uk/id/7000000000041425,England,http://data.ordnancesurvey.co.uk/id/country/england,,,
PE147RT,http://data.ordnancesurvey.co.uk/id/postcodeunit/PE147RT,PE14 7RT,,,,other,Postcode,554130,314274,3500,18000,,,,,,,Terrington St John,http://data.ordnancesurvey.co.uk/id/4000000074550941,http://www.ordnancesurvey.co.uk/xml/codelists/localtype.xml#village,King's Lynn and West Norfolk,http://data.ordnancesurvey.co.uk/id/7000000000007016,http://data.ordnancesurvey.co.uk/ontology/admingeo/District,Norfolk,http://data.ordnancesurvey.co.uk/id/7000000000007238,http://data.ordnancesurvey.co.uk/ontology/admingeo/County,Eastern,http://data.ordnancesurvey.co.uk/id/7000000000041425,England,http://data.ordnancesurvey.co.uk/id/country/england,,,
PE134QG,http://data.ordnancesurvey.co.uk/id/postcodeunit/PE134QG,PE13 4QG,,,,other,Postcode,541600,312890,3500,18000,,,,,,,,,,Fenland,http://data.ordnancesurvey.co.uk/id/7000000000001357,http://data.ordnancesurvey.co.uk/ontology/admingeo/District,Cambridgeshire,http://data.ordnancesurvey.co.uk/id/7000000000001386,http://data.ordnancesurvey.co.uk/ontology/admingeo/County,Eastern,http://data.ordnancesurvey.co.uk/id/7000000000041425,England,http://data.ordnancesurvey.co.uk/id/country/england,,,
PE132SU,http://data.ordnancesurvey.co.uk/id/postcodeunit/PE132SU,PE13 2SU,,,,other,Postcode,547163,308810,3500,18000,,,,,,,Wisbech,http://data.ordnancesurvey.co.uk/id/4000000074551318,http://www.ordnancesurvey.co.uk/xml/codelists/localtype.xml#town,Fenland,http://data.ordnancesurvey.co.uk/id/7000000000001357,http://data.ordnancesurvey.co.uk/ontology/admingeo/District,Cambridgeshire,http://data.ordnancesurvey.co.uk/id/7000000000001386,http://data.ordnancesurvey.co.uk/ontology/admingeo/County,Eastern,http://data.ordnancesurvey.co.uk/id/7000000000041425,England,http://data.ordnancesurvey.co.uk/id/country/england,,,
PE134TX,http://data.ordnancesurvey.co.uk/id/postcodeunit/PE134TX,PE13 4TX,,,,other,Postcode,543335,307569,3500,18000,,,,,,,,,,Fenland,http://data.ordnancesurvey.co.uk/id/7000000000001357,http://data.ordnancesurvey.co.uk/ontology/admingeo/District,Cambridgeshire,http://data.ordnancesurvey.co.uk/id/7000000000001386,http://data.ordnancesurvey.co.uk/ontology/admingeo/County,Eastern,http://data.ordnancesurvey.co.uk/id/7000000000041425,England,http://data.ordnancesurvey.co.uk/id/country/england,,,
PE131SE,http://data.ordnancesurvey.co.uk/id/postcodeunit/PE131SE,PE13 1SE,,,,other,Postcode,545156,310277,3500,18000,,,,,,,Wisbech,http://data.ordnancesurvey.co.uk/id/4000000074551318,http://www.ordnancesurvey.co.uk/xml/codelists/localtype.xml#town,Fenland,http://data.ordnancesurvey.co.uk/id/7000000000001357,http://data.ordnancesurvey.co.uk/ontology/admingeo/District,Cambridgeshire,http://data.ordnancesurvey.co.uk/id/7000000000001386,http://data.ordnancesurvey.co.uk/ontology/admingeo/County,Eastern,http://data.ordnancesurvey.co.uk/id/7000000000041425,England,http://data.ordnancesurvey.co.uk/id/country/england,,,
PE133UL,http://data.ordnancesurvey.co.uk/id/postcodeunit/PE133UL,PE13 3UL,,,,other,Postcode,547493,310177,3500,18000,,,,,,,Wisbech,http://data.ordnancesurvey.co.uk/id/4000000074551318,http://www.ordnancesurvey.co.uk/xml/codelists/localtype.xml#town,Fenland,http://data.ordnancesurvey.co.uk/id/7000000000001357,http://data.ordnancesurvey.co.uk/ontology/admingeo/District,Cambridgeshire,http://data.ordnancesurvey.co.uk/id/7000000000001386,http://data.ordnancesurvey.co.uk/ontology/admingeo/County,Eastern,http://data.ordnancesurvey.co.uk/id/7000000000041425,England,http://data.ordnancesurvey.co.uk/id/country/england,,,
PE135QZ,http://data.ordnancesurvey.co.uk/id/postcodeunit/PE135QZ,PE13 5QZ,,,,other,Postcode,545056,318753,3500,18000,,,,,,,Tydd St Mary,http://data.ordnancesurvey.co.uk/id/4000000074548410,http://www.ordnancesurvey.co.uk/xml/codelists/localtype.xml#village,South Holland,http://data.ordnancesurvey.co.uk/id/7000000000005599,http://data.ordnancesurvey.co.uk/ontology/admingeo/District,Lincolnshire,http://data.ordnancesurvey.co.uk/id/7000000000005942,http://data.ordnancesurvey.co.uk/ontology/admingeo/County,East Midlands,http://data.ordnancesurvey.co.uk/id/7000000000041423,England,http://data.ordnancesurvey.co.uk/id/country/england,,,
PE344SU,http://data.ordnancesurvey.co.uk/id/postcodeunit/PE344SU,PE34 4SU,,,,other,Postcode,556167,317235,3500,18000,,,,,,,Tilney High End,http://data.ordnancesurvey.co.uk/id/4000000074550940,http://www.ordnancesurvey.co.uk/xml/codelists/localtype.xml#village,King's Lynn and West Norfolk,http://data.ordnancesurvey.co.uk/id/7000000000007016,http://data.ordnancesurvey.co.uk/ontology/admingeo/District,Norfolk,http://data.ordnancesurvey.co.uk/id/7000000000007238,http://data.ordnancesurvey.co.uk/ontology/admingeo/County,Eastern,http://data.ordnancesurvey.co.uk/id/7000000000041425,England,http://data.ordnancesurvey.co.uk/id/country/england,,,
PE131LN,http://data.ordnancesurvey.co.uk/id/postcodeunit/PE131LN,PE13 1LN,,,,other,Postcode,545575,309258,3500,18000,,,,,,,Wisbech,http://data.ordnancesurvey.co.uk/id/4000000074551318,http://www.ordnancesurvey.co.uk/xml/codelists/localtype.xml#town,Fenland,http://data.ordnancesurvey.co.uk/id/7000000000001357,http://data.ordnancesurvey.co.uk/ontology/admingeo/District,Cambridgeshire,http://data.ordnancesurvey.co.uk/id/7000000000001386,http://data.ordnancesurvey.co.uk/ontology/admingeo/County,Eastern,http://data.ordnancesurvey.co.uk/id/7000000000041425,England,http://data.ordnancesurvey.co.uk/id/country/england,,,
PE148BL,http://data.ordnancesurvey.co.uk/id/postcodeunit/PE148BL,PE14 8BL,,,,other,Postcode,549771,306926,3500,18000,,,,,,,Emneth,http://data.ordnancesurvey.co.uk/id/4000000074550948,http://www.ordnancesurvey.co.uk/xml/codelists/localtype.xml#village,King's Lynn and West Norfolk,http://data.ordnancesurvey.co.uk/id/7000000000007016,http://data.ordnancesurvey.co.uk/ontology/admingeo/District,Norfolk,http://data.ordnancesurvey.co.uk/id/7000000000007238,http://data.ordnancesurvey.co.uk/ontology/admingeo/County,Eastern,http://data.ordnancesurvey.co.uk/id/7000000000041425,England,http://data.ordnancesurvey.co.uk/id/country/england,,,
PE140JB,http://data.ordnancesurvey.co.uk/id/postcodeunit/PE140JB,PE14 0JB,,,,other,Postcode,546738,304769,3500,18000,,,,,,,Friday Bridge,http://data.ordnancesurvey.co.uk/id/4000000074550225,http://www.ordnancesurvey.co.uk/xml/codelists/localtype.xml#village,Fenland,http://data.ordnancesurvey.co.uk/id/7000000000001357,http://data.ordnancesurvey.co.uk/ontology/admingeo/District,Cambridgeshire,http://data.ordnancesurvey.co.uk/id/7000000000001386,http://data.ordnancesurvey.co.uk/ontology/admingeo/County,Eastern,http://data.ordnancesurvey.co.uk/id/7000000000041425,England,http://data.ordnancesurvey.co.uk/id/country/england,,,
PE133NE,http://data.ordnancesurvey.co.uk/id/postcodeunit/PE133NE,PE13 3NE,,,,other,Postcode,546483,310468,3500,18000,,,,,,,Wisbech,http://data.ordnancesurvey.co.uk/id/4000000074551318,http://www.ordnancesurvey.co.uk/xml/codelists/localtype.xml#town,Fenland,http://data.ordnancesurvey.co.uk/id/7000000000001357,http://data.ordnancesurvey.co.uk/ontology/admingeo/District,Cambridgeshire,http://data.ordnancesurvey.co.uk/id/7000000000001386,http://data.ordnancesurvey.co.uk/ontology/admingeo/County,Eastern,http://data.ordnancesurvey.co.uk/id/7000000000041425,England,http://data.ordnancesurvey.co.uk/id/country/england,,,
PE131PW,http://data.ordnancesurvey.co.uk/id/postcodeunit/PE131PW,PE13 1PW,,,,other,Postcode,545748,310428,3500,18000,,,,,,,Wisbech,http://data.ordnancesurvey.co.uk/id/4000000074551318,http://www.ordnancesurvey.co.uk/xml/codelists/localtype.xml#town,Fenland,http://data.ordnancesurvey.co.uk/id/7000000000001357,http://data.ordnancesurvey.co.uk/ontology/admingeo/District,Cambridgeshire,http://data.ordnancesurvey.co.uk/id/7000000000001386,http://data.ordnancesurvey.co.uk/ontology/admingeo/County,Eastern,http://data.ordnancesurvey.co.uk/id/7000000000041425,England,http://data.ordnancesurvey.co.uk/id/country/england,,,
PE140JH,http://data.ordnancesurvey.co.uk/id/postcodeunit/PE140JH,PE14 0JH,,,,other,Postcode,546826,305149,3500,18000,,,,,,,Friday Bridge,http://data.ordnancesurvey.co.uk/id/4000000074550225,http://www.ordnancesurvey.co.uk/xml/codelists/localtype.xml#village,Fenland,http://data.ordnancesurvey.co.uk/id/7000000000001357,http://data.ordnancesurvey.co.uk/ontology/admingeo/District,Cambridgeshire,http://data.ordnancesurvey.co.uk/id/7000000000001386,http://data.ordnancesurvey.co.uk/ontology/admingeo/County,Eastern,http://data.ordnancesurvey.co.uk/id/7000000000041425,England,http://data.ordnancesurvey.co.uk/id/country/england,,,
PE148DU,http://data.ordnancesurvey.co.uk/id/postcodeunit/PE148DU,PE14 8DU,,,,other,Postcode,551469,308904,3500,18000,,,,,,,,,,King's Lynn and West Norfolk,http://data.ordnancesurvey.co.uk/id/7000000000007016,http://data.ordnancesurvey.co.uk/ontology/admingeo/District,Norfolk,http://data.ordnancesurvey.co.uk/id/7000000000007238,http://data.ordnancesurvey.co.uk/ontology/admingeo/County,Eastern,http://data.ordnancesurvey.co.uk/id/7000000000041425,England,http://data.ordnancesurvey.co.uk/id/country/england,,,
PE147BQ,http://data.ordnancesurvey.co.uk/id/postcodeunit/PE147BQ,PE14 7BQ,,,,other,Postcode,548437,309198,3500,18000,,,,,,,Paradise,http://data.ordnancesurvey.co.uk/id/4000000074541379,http://www.ordnancesurvey.co.uk/xml/codelists/localtype.xml#hamlet,King's Lynn and West Norfolk,http://data.ordnancesurvey.co.uk/id/7000000000007016,http://data.ordnancesurvey.co.uk/ontology/admingeo/District,Norfolk,http://data.ordnancesurvey.co.uk/id/7000000000007238,http://data.ordnancesurvey.co.uk/ontology/admingeo/County,Eastern,http://data.ordnancesurvey.co.uk/id/7000000000041425,England,http://data.ordnancesurvey.co.uk/id/country/england,,,
PE135NG,http://data.ordnancesurvey.co.uk/id/postcodeunit/PE135NG,PE13 5NG,,,,other,Postcode,541526,316530,3500,18000,,,,,,,,,,Fenland,http://data.ordnancesurvey.co.uk/id/7000000000001357,http://data.ordnancesurvey.co.uk/ontology/admingeo/District,Cambridgeshire,http://data.ordnancesurvey.co.uk/id/7000000000001386,http://data.ordnancesurvey.co.uk/ontology/admingeo/County,Eastern,http://data.ordnancesurvey.co.uk/id/7000000000041425,England,http://data.ordnancesurvey.co.uk/id/country/england,,,
PE135JG,http://data.ordnancesurvey.co.uk/id/postcodeunit/PE135JG,PE13 5JG,,,,other,Postcode,542498,310065,3500,18000,,,,,,,,,,Fenland,http://data.ordnancesurvey.co.uk/id/7000000000001357,http://data.ordnancesurvey.co.uk/ontology/admingeo/District,Cambridgeshire,http://data.ordnancesurvey.co.uk/id/7000000000001386,http://data.ordnancesurvey.co.uk/ontology/admingeo/County,Eastern,http://data.ordnancesurvey.co.uk/id/7000000000041425,England,http://data.ordnancesurvey.co.uk/id/country/england,,,
PE132RA,http://data.ordnancesurvey.co.uk/id/postcodeunit/PE132RA,PE13 2RA,,,,other,Postcode,545837,309485,3500,18000,,,,,,,Wisbech,http://data.ordnancesurvey.co.uk/id/4000000074551318,http://www.ordnancesurvey.co.uk/xml/codelists/localtype.xml#town,Fenland,http://data.ordnancesurvey.co.uk/id/7000000000001357,http://data.ordnancesurvey.co.uk/ontology/admingeo/District,Cambridgeshire,http://data.ordnancesurvey.co.uk/id/7000000000001386,http://data.ordnancesurvey.co.uk/ontology/admingeo/County,Eastern,http://data.ordnancesurvey.co.uk/id/7000000000041425,England,http://data.ordnancesurvey.co.uk/id/country/england,,,
PE131NE,http://data.ordnancesurvey.co.uk/id/postcodeunit/PE131NE,PE13 1NE,,,,other,Postcode,546048,309870,3500,18000,,,,,,,Wisbech,http://data.ordnancesurvey.co.uk/id/4000000074551318,http://www.ordnancesurvey.co.uk/xml/codelists/localtype.xml#town,Fenland,http://data.ordnancesurvey.co.uk/id/7000000000001357,http://data.ordnancesurvey.co.uk/ontology/admingeo/District,Cambridgeshire,http://data.ordnancesurvey.co.uk/id/7000000000001386,http://data.ordnancesurvey.co.uk/ontology/admingeo/County,Eastern,http://data.ordnancesurvey.co.uk/id/7000000000041425,England,http://data.ordnancesurvey.co.uk/id/country/england,,,
PE134RN,http://data.ordnancesurvey.co.uk/id/postcodeunit/PE134RN,PE13 4RN,,,,other,Postcode,542143,308186,3500,18000,,,,,,,Wisbech St Mary,http://data.ordnancesurvey.co.uk/id/4000000074551315,http://www.ordnancesurvey.co.uk/xml/codelists/localtype.xml#village,Fenland,http://data.ordnancesurvey.co.uk/id/7000000000001357,http://data.ordnancesurvey.co.uk/ontology/admingeo/District,Cambridgeshire,http://data.ordnancesurvey.co.uk/id/7000000000001386,http://data.ordnancesurvey.co.uk/ontology/admingeo/County,Eastern,http://data.ordnancesurvey.co.uk/id/7000000000041425,England,http://data.ordnancesurvey.co.uk/id/country/england,,,
PE343FQ,http://data.ordnancesurvey.co.uk/id/postcodeunit/PE343FQ,PE34 3FQ,,,,other,Postcode,557092,312528,3500,18000,,,,,,,Tilney cum Islington,http://data.ordnancesurvey.co.uk/id/4000000074550575,http://www.ordnancesurvey.co.uk/xml/codelists/localtype.xml#village,King's Lynn and West Norfolk,http://data.ordnancesurvey.co.uk/id/7000000000007016,http://data.ordnancesurvey.co.uk/ontology/admingeo/District,Norfolk,http://data.ordnancesurvey.co.uk/id/7000000000007238,http://data.ordnancesurvey.co.uk/ontology/admingeo/County,Eastern,http://data.ordnancesurvey.co.uk/id/7000000000041425,England,http://data.ordnancesurvey.co.uk/id/country/england,,,
PE131NN,http://data.ordnancesurvey.co.uk/id/postcodeunit/PE131NN,PE13 1NN,,,,other,Postcode,546044,309739,3500,18000,,,,,,,Wisbech,http://data.ordnancesurvey.co.uk/id/4000000074551318,http://www.ordnancesurvey.co.uk/xml/codelists/localtype.xml#town,Fenland,http://data.ordnancesurvey.co.uk/id/7000000000001357,http://data.ordnancesurvey.co.uk/ontology/admingeo/District,Cambridgeshire,http://data.ordnancesurvey.co.uk/id/7000000000001386,http://data.ordnancesurvey.co.uk/ontology/admingeo/County,Eastern,http://data.ordnancesurvey.co.uk/id/7000000000041425,England,http://data.ordnancesurvey.co.uk/id/country/england,,,
PE140LR,http://data.ordnancesurvey.co.uk/id/postcodeunit/PE140LR,PE14 0LR,,,,other,Postcode,545510,304152,3500,18000,,,,,,,,,,Fenland,http://data.ordnancesurvey.co.uk/id/7000000000001357,http://data.ordnancesurvey.co.uk/ontology/admingeo/District,Cambridgeshire,http://data.ordnancesurvey.co.uk/id/7000000000001386,http://data.ordnancesurvey.co.uk/ontology/admingeo/County,Eastern,http://data.ordnancesurvey.co.uk/id/7000000000041425,England,http://data.ordnancesurvey.co.uk/id/country/england,,,
PE135PA,http://data.ordnancesurvey.co.uk/id/postcodeunit/PE135PA,PE13 5PA,,,,other,Postcode,540104,314822,3500,18000,,,,,,,,,,Fenland,http://data.ordnancesurvey.co.uk/id/7000000000001357,http://data.ordnancesurvey.co.uk/ontology/admingeo/District,Cambridgeshire,http://data.ordnancesurvey.co.uk/id/7000000000001386,http://data.ordnancesurvey.co.uk/ontology/admingeo/County,Eastern,http://data.ordnancesurvey.co.uk/id/7000000000041425,England,http://data.ordnancesurvey.co.uk/id/country/england,,,
PE149BP,http://data.ordnancesurvey.co.uk/id/postcodeunit/PE149BP,PE14 9BP,,,,other,Postcode,550742,302208,3500,18000,,,,,,,Upwell,http://data.ordnancesurvey.co.uk/id/4000000074550938,http://www.ordnancesurvey.co.uk/xml/codelists/localtype.xml#village,King's Lynn and West Norfolk,http://data.ordnancesurvey.co.uk/id/7000000000007016,http://data.ordnancesurvey.co.uk/ontology/admingeo/District,Norfolk,http://data.ordnancesurvey.co.uk/id/7000000000007238,http://data.ordnancesurvey.co.uk/ontology/admingeo/County,Eastern,http://data.ordnancesurvey.co.uk/id/7000000000041425,England,http://data.ordnancesurvey.co.uk/id/country/england,,,
PE132QB,http://data.ordnancesurvey.co.uk/id/postcodeunit/PE132QB,PE13 2QB,,,,other,Postcode,546330,308748,3500,18000,,,,,,,Wisbech,http://data.ordnancesurvey.co.uk/id/4000000074551318,http://www.ordnancesurvey.co.uk/xml/codelists/localtype.xml#town,Fenland,http://data.ordnancesurvey.co.uk/id/7000000000001357,http://data.ordnancesurvey.co.uk/ontology/admingeo/District,Cambridgeshire,http://data.ordnancesurvey.co.uk/id/7000000000001386,http://data.ordnancesurvey.co.uk/ontology/admingeo/County,Eastern,http://data.ordnancesurvey.co.uk/id/7000000000041425,England,http://data.ordnancesurvey.co.uk/id/country/england,,,
PE343EF,http://data.ordnancesurvey.co.uk/id/postcodeunit/PE343EF,PE34 3EF,,,,other,Postcode,559191,314038,3500,18000,,,,,,,Wiggenhall St Germans,http://data.ordnancesurvey.co.uk/id/4000000074550213,http://www.ordnancesurvey.co.uk/xml/codelists/localtype.xml#village,King's Lynn and West Norfolk,http://data.ordnancesurvey.co.uk/id/7000000000007016,http://data.ordnancesurvey.co.uk/ontology/admingeo/District,Norfolk,http://data.ordnancesurvey.co.uk/id/7000000000007238,http://data.ordnancesurvey.co.uk/ontology/admingeo/County,Eastern,http://data.ordnancesurvey.co.uk/id/7000000000041425,England,http://data.ordnancesurvey.co.uk/id/country/england,,,
PE148PA,http://data.ordnancesurvey.co.uk/id/postcodeunit/PE148PA,PE14 8PA,,,,other,Postcode,551363,303827,3500,18000,,,,,,,Outwell,http://data.ordnancesurvey.co.uk/id/4000000074548389,http://www.ordnancesurvey.co.uk/xml/codelists/localtype.xml#village,King's Lynn and West Norfolk,http://data.ordnancesurvey.co.uk/id/7000000000007016,http://data.ordnancesurvey.co.uk/ontology/admingeo/District,Norfolk,http://data.ordnancesurvey.co.uk/id/7000000000007238,http://data.ordnancesurvey.co.uk/ontology/admingeo/County,Eastern,http://data.ordnancesurvey.co.uk/id/7000000000041425,England,http://data.ordnancesurvey.co.uk/id/country/england,,,
PE344RX,http://data.ordnancesurvey.co.uk/id/postcodeunit/PE344RX,PE34 4RX,,,,other,Postcode,556309,316827,3500,18000,,,,,,,Tilney High End,http://data.ordnancesurvey.co.uk/id/4000000074550940,http://www.ordnancesurvey.co.uk/xml/codelists/localtype.xml#village,King's Lynn and West Norfolk,http://data.ordnancesurvey.co.uk/id/7000000000007016,http://data.ordnancesurvey.co.uk/ontology/admingeo/District,Norfolk,http://data.ordnancesurvey.co.uk/id/7000000000007238,http://data.ordnancesurvey.co.uk/ontology/admingeo/County,Eastern,http://data.ordnancesurvey.co.uk/id/7000000000041425,England,http://data.ordnancesurvey.co.uk/id/country/england,,,
PE380BF,http://data.ordnancesurvey.co.uk/id/postcodeunit/PE380BF,PE38 0BF,,,,other,Postcode,555336,301328,3500,18000,,,,,,,Nordelph,http://data.ordnancesurvey.co.uk/id/4000000074550935,http://www.ordnancesurvey.co.uk/xml/codelists/localtype.xml#village,King's Lynn and West Norfolk,http://data.ordnancesurvey.co.uk/id/7000000000007016,http://data.ordnancesurvey.co.uk/ontology/admingeo/District,Norfolk,http://data.ordnancesurvey.co.uk/id/7000000000007238,http://data.ordnancesurvey.co.uk/ontology/admingeo/County,Eastern,http://data.ordnancesurvey.co.uk/id/7000000000041425,England,http://data.ordnancesurvey.co.uk/id/country/england,,,
PE149DX,http://data.ordnancesurvey.co.uk/id/postcodeunit/PE149DX,PE14 9DX,,,,other,Postcode,550123,302119,3500,18000,,,,,,,Upwell,http://data.ordnancesurvey.co.uk/id/4000000074550938,http://www.ordnancesurvey.co.uk/xml/codelists/localtype.xml#village,King's Lynn and West Norfolk,http://data.ordnancesurvey.co.uk/id/7000000000007016,http://data.ordnancesurvey.co.uk/ontology/admingeo/District,Norfolk,http://data.ordnancesurvey.co.uk/id/7000000000007238,http://data.ordnancesurvey.co.uk/ontology/admingeo/County,Eastern,http://data.ordnancesurvey.co.uk/id/7000000000041425,England,http://data.ordnancesurvey.co.uk/id/country/england,,,
PE147AA,http://data.ordnancesurvey.co.uk/id/postcodeunit/PE147AA,PE14 7AA,,,,other,Postcode,545942,311737,3500,18000,,,,,,,,,,King's Lynn and West Norfolk,http://data.ordnancesurvey.co.uk/id/7000000000007016,http://data.ordnancesurvey.co.uk/ontology/admingeo/District,Norfolk,http://data.ordnancesurvey.co.uk/id/7000000000007238,http://data.ordnancesurvey.co.uk/ontology/admingeo/County,Eastern,http://data.ordnancesurvey.co.uk/id/7000000000041425,England,http://data.ordnancesurvey.co.uk/id/country/england,,,
PE148JR,http://data.ordnancesurvey.co.uk/id/postcodeunit/PE148JR,PE14 8JR,,,,other,Postcode,554423,308736,3500,18000,,,,,,,,,,King's Lynn and West Norfolk,http://data.ordnancesurvey.co.uk/id/7000000000007016,http://data.ordnancesurvey.co.uk/ontology/admingeo/District,Norfolk,http://data.ordnancesurvey.co.uk/id/7000000000007238,http://data.ordnancesurvey.co.uk/ontology/admingeo/County,Eastern,http://data.ordnancesurvey.co.uk/id/7000000000041425,England,http://data.ordnancesurvey.co.uk/id/country/england,,,
PE133DJ,http://data.ordnancesurvey.co.uk/id/postcodeunit/PE133DJ,PE13 3DJ,,,,other,Postcode,546304,309977,3500,18000,,,,,,,Wisbech,http://data.ordnancesurvey.co.uk/id/4000000074551318,http://www.ordnancesurvey.co.uk/xml/codelists/localtype.xml#town,Fenland,http://data.ordnancesurvey.co.uk/id/7000000000001357,http://data.ordnancesurvey.co.uk/ontology/admingeo/District,Cambridgeshire,http://data.ordnancesurvey.co.uk/id/7000000000001386,http://data.ordnancesurvey.co.uk/ontology/admingeo/County,Eastern,http://data.ordnancesurvey.co.uk/id/7000000000041425,England,http://data.ordnancesurvey.co.uk/id/country/england,,,
PE133TS,http://data.ordnancesurvey.co.uk/id/postcodeunit/PE133TS,PE13 3TS,,,,other,Postcode,547630,310304,3500,18000,,,,,,,Wisbech,http://data.ordnancesurvey.co.uk/id/4000000074551318,http://www.ordnancesurvey.co.uk/xml/codelists/localtype.xml#town,Fenland,http://data.ordnancesurvey.co.uk/id/7000000000001357,http://data.ordnancesurvey.co.uk/ontology/admingeo/District,Cambridgeshire,http://data.ordnancesurvey.co.uk/id/7000000000001386,http://data.ordnancesurvey.co.uk/ontology/admingeo/County,Eastern,http://data.ordnancesurvey.co.uk/id/7000000000041425,England,http://data.ordnancesurvey.co.uk/id/country/england,,,
PE132AU,http://data.ordnancesurvey.co.uk/id/postcodeunit/PE132AU,PE13 2AU,,,,other,Postcode,546609,309531,3500,18000,,,,,,,Wisbech,http://data.ordnancesurvey.co.uk/id/4000000074551318,http://www.ordnancesurvey.co.uk/xml/codelists/localtype.xml#town,Fenland,http://data.ordnancesurvey.co.uk/id/7000000000001357,http://data.ordnancesurvey.co.uk/ontology/admingeo/District,Cambridgeshire,http://data.ordnancesurvey.co.uk/id/7000000000001386,http://data.ordnancesurvey.co.uk/ontology/admingeo/County,Eastern,http://data.ordnancesurvey.co.uk/id/7000000000041425,England,http://data.ordnancesurvey.co.uk/id/country/england,,,
PE133PB,http://data.ordnancesurvey.co.uk/id/postcodeunit/PE133PB,PE13 3PB,,,,other,Postcode,546461,310913,3500,18000,,,,,,,Wisbech,http://data.ordnancesurvey.co.uk/id/4000000074551318,http://www.ordnancesurvey.co.uk/xml/codelists/localtype.xml#town,Fenland,http://data.ordnancesurvey.co.uk/id/7000000000001357,http://data.ordnancesurvey.co.uk/ontology/admingeo/District,Cambridgeshire,http://data.ordnancesurvey.co.uk/id/7000000000001386,http://data.ordnancesurvey.co.uk/ontology/admingeo/County,Eastern,http://data.ordnancesurvey.co.uk/id/7000000000041425,England,http://data.ordnancesurvey.co.uk/id/country/england,,,
PE148JU,http://data.ordnancesurvey.co.uk/id/postcodeunit/PE148JU,PE14 8JU,,,,other,Postcode,555902,308160,3500,18000,,,,,,,,,,King's Lynn and West Norfolk,http://data.ordnancesurvey.co.uk/id/7000000000007016,http://data.ordnancesurvey.co.uk/ontology/admingeo/District,Norfolk,http://data.ordnancesurvey.co.uk/id/7000000000007238,http://data.ordnancesurvey.co.uk/ontology/admingeo/County,Eastern,http://data.ordnancesurvey.co.uk/id/7000000000041425,England,http://data.ordnancesurvey.co.uk/id/country/england,,,
PE148RE,http://data.ordnancesurvey.co.uk/id/postcodeunit/PE148RE,PE14 8RE,,,,other,Postcode,551272,303569,3500,18000,,,,,,,Outwell,http://data.ordnancesurvey.co.uk/id/4000000074548389,http://www.ordnancesurvey.co.uk/xml/codelists/localtype.xml#village,King's Lynn and West Norfolk,http://data.ordnancesurvey.co.uk/id/7000000000007016,http://data.ordnancesurvey.co.uk/ontology/admingeo/District,Norfolk,http://data.ordnancesurvey.co.uk/id/7000000000007238,http://data.ordnancesurvey.co.uk/ontology/admingeo/County,Eastern,http://data.ordnancesurvey.co.uk/id/7000000000041425,England,http://data.ordnancesurvey.co.uk/id/country/england,,,
PE147AU,http://data.ordnancesurvey.co.uk/id/postcodeunit/PE147AU,PE14 7AU,,,,other,Postcode,548105,310847,3500,18000,,,,,,,Wisbech,http://data.ordnancesurvey.co.uk/id/4000000074551318,http://www.ordnancesurvey.co.uk/xml/codelists/localtype.xml#town,King's Lynn and West Norfolk,http://data.ordnancesurvey.co.uk/id/7000000000007016,http://data.ordnancesurvey.co.uk/ontology/admingeo/District,Norfolk,http://data.ordnancesurvey.co.uk/id/7000000000007238,http://data.ordnancesurvey.co.uk/ontology/admingeo/County,Eastern,http://data.ordnancesurvey.co.uk/id/7000000000041425,England,http://data.ordnancesurvey.co.uk/id/country/england,,,
PE147LR,http://data.ordnancesurvey.co.uk/id/postcodeunit/PE147LR,PE14 7LR,,,,other,Postcode,550903,317931,3500,18000,,,,,,,,,,King's Lynn and West Norfolk,http://data.ordnancesurvey.co.uk/id/7000000000007016,http://data.ordnancesurvey.co.uk/ontology/admingeo/District,Norfolk,http://data.ordnancesurvey.co.uk/id/7000000000007238,http://data.ordnancesurvey.co.uk/ontology/admingeo/County,Eastern,http://data.ordnancesurvey.co.uk/id/7000000000041425,England,http://data.ordnancesurvey.co.uk/id/country/england,,,
PE135BF,http://data.ordnancesurvey.co.uk/id/postcodeunit/PE135BF,PE13 5BF,,,,other,Postcode,544077,311817,3500,18000,,,,,,,Leverington,http://data.ordnancesurvey.co.uk/id/4000000074551313,http://www.ordnancesurvey.co.uk/xml/codelists/localtype.xml#village,Fenland,http://data.ordnancesurvey.co.uk/id/7000000000001357,http://data.ordnancesurvey.co.uk/ontology/admingeo/District,Cambridgeshire,http://data.ordnancesurvey.co.uk/id/7000000000001386,http://data.ordnancesurvey.co.uk/ontology/admingeo/County,Eastern,http://data.ordnancesurvey.co.uk/id/7000000000041425,England,http://data.ordnancesurvey.co.uk/id/country/england,,,
PE134TU,http://data.ordnancesurvey.co.uk/id/postcodeunit/PE134TU,PE13 4TU,,,,other,Postcode,543942,307650,3500,18000,,,,,,,,,,Fenland,http://data.ordnancesurvey.co.uk/id/7000000000001357,http://data.ordnancesurvey.co.uk/ontology/admingeo/District,Cambridgeshire,http://data.ordnancesurvey.co.uk/id/7000000000001386,http://data.ordnancesurvey.co.uk/ontology/admingeo/County,Eastern,http://data.ordnancesurvey.co.uk/id/7000000000041425,England,http://data.ordnancesurvey.co.uk/id/country/england,,,
PE344QF,http://data.ordnancesurvey.co.uk/id/postcodeunit/PE344QF,PE34 4QF,,,,other,Postcode,554674,315060,3500,18000,,,,,,,Tilney St Lawrence,http://data.ordnancesurvey.co.uk/id/4000000074550579,http://www.ordnancesurvey.co.uk/xml/codelists/localtype.xml#village,King's Lynn and West Norfolk,http://data.ordnancesurvey.co.uk/id/7000000000007016,http://data.ordnancesurvey.co.uk/ontology/admingeo/District,Norfolk,http://data.ordnancesurvey.co.uk/id/7000000000007238,http://data.ordnancesurvey.co.uk/ontology/admingeo/County,Eastern,http://data.ordnancesurvey.co.uk/id/7000000000041425,England,http://data.ordnancesurvey.co.uk/id/country/england,,,
PE135EZ,http://data.ordnancesurvey.co.uk/id/postcodeunit/PE135EZ,PE13 5EZ,,,,other,Postcode,544265,314063,3500,18000,,,,,,,,,,Fenland,http://data.ordnancesurvey.co.uk/id/7000000000001357,http://data.ordnancesurvey.co.uk/ontology/admingeo/District,Cambridgeshire,http://data.ordnancesurvey.co.uk/id/7000000000001386,http://data.ordnancesurvey.co.uk/ontology/admingeo/County,Eastern,http://data.ordnancesurvey.co.uk/id/7000000000041425,England,http://data.ordnancesurvey.co.uk/id/country/england,,,
PE148TD,http://data.ordnancesurvey.co.uk/id/postcodeunit/PE148TD,PE14 8TD,,,,other,Postcode,551217,304125,3500,18000,,,,,,,Outwell,http://data.ordnancesurvey.co.uk/id/4000000074548389,http://www.ordnancesurvey.co.uk/xml/codelists/localtype.xml#village,King's Lynn and West Norfolk,http://data.ordnancesurvey.co.uk/id/7000000000007016,http://data.ordnancesurvey.co.uk/ontology/admingeo/District,Norfolk,http://data.ordnancesurvey.co.uk/id/7000000000007238,http://data.ordnancesurvey.co.uk/ontology/admingeo/County,Eastern,http://data.ordnancesurvey.co.uk/id/7000000000041425,England,http://data.ordnancesurvey.co.uk/id/country/england,,,
PE133RX,http://data.ordnancesurvey.co.uk/id/postcodeunit/PE133RX,PE13 3RX,,,,other,Postcode,547682,310941,3500,18000,,,,,,,Wisbech,http://data.ordnancesurvey.co.uk/id/4000000074551318,http://www.ordnancesurvey.co.uk/xml/codelists/localtype.xml#town,Fenland,http://data.ordnancesurvey.co.uk/id/7000000000001357,http://data.ordnancesurvey.co.uk/ontology/admingeo/District,Cambridgeshire,http://data.ordnancesurvey.co.uk/id/7000000000001386,http://data.ordnancesurvey.co.uk/ontology/admingeo/County,Eastern,http://data.ordnancesurvey.co.uk/id/7000000000041425,England,http://data.ordnancesurvey.co.uk/id/country/england,,,
PE135FP,http://data.ordnancesurvey.co.uk/id/postcodeunit/PE135FP,PE13 5FP,,,,other,Postcode,541888,315995,3500,18000,,,,,,,Tydd St Giles,http://data.ordnancesurvey.co.uk/id/4000000074548770,http://www.ordnancesurvey.co.uk/xml/codelists/localtype.xml#village,Fenland,http://data.ordnancesurvey.co.uk/id/7000000000001357,http://data.ordnancesurvey.co.uk/ontology/admingeo/District,Cambridgeshire,http://data.ordnancesurvey.co.uk/id/7000000000001386,http://data.ordnancesurvey.co.uk/ontology/admingeo/County,Eastern,http://data.ordnancesurvey.co.uk/id/7000000000041425,England,http://data.ordnancesurvey.co.uk/id/country/england,,,
PE140SB,http://data.ordnancesurvey.co.uk/id/postcodeunit/PE140SB,PE14 0SB,,,,other,Postcode,545613,308379,3500,18000,,,,,,,Wisbech,http://data.ordnancesurvey.co.uk/id/4000000074551318,http://www.ordnancesurvey.co.uk/xml/codelists/localtype.xml#town,Fenland,http://data.ordnancesurvey.co.uk/id/7000000000001357,http://data.ordnancesurvey.co.uk/ontology/admingeo/District,Cambridgeshire,http://data.ordnancesurvey.co.uk/id/7000000000001386,http://data.ordnancesurvey.co.uk/ontology/admingeo/County,Eastern,http://data.ordnancesurvey.co.uk/id/7000000000041425,England,http://data.ordnancesurvey.co.uk/id/country/england,,,
PE132PD,http://data.ordnancesurvey.co.uk/id/postcodeunit/PE132PD,PE13 2PD,,,,other,Postcode,545899,309361,3500,18000,,,,,,,Wisbech,http://data.ordnancesurvey.co.uk/id/4000000074551318,http://www.ordnancesurvey.co.uk/xml/codelists/localtype.xml#town,Fenland,http://data.ordnancesurvey.co.uk/id/7000000000001357,http://data.ordnancesurvey.co.uk/ontology/admingeo/District,Cambridgeshire,http://data.ordnancesurvey.co.uk/id/7000000000001386,http://data.ordnancesurvey.co.uk/ontology/admingeo/County,Eastern,http://data.ordnancesurvey.co.uk/id/7000000000041425,England,http://data.ordnancesurvey.co.uk/id/country/england,,,
PE148SD,http://data.ordnancesurvey.co.uk/id/postcodeunit/PE148SD,PE14 8SD,,,,other,Postcode,551642,303591,3500,18000,,,,,,,Outwell,http://data.ordnancesurvey.co.uk/id/4000000074548389,http://www.ordnancesurvey.co.uk/xml/codelists/localtype.xml#village,King's Lynn and West Norfolk,http://data.ordnancesurvey.co.uk/id/7000000000007016,http://data.ordnancesurvey.co.uk/ontology/admingeo/District,Norfolk,http://data.ordnancesurvey.co.uk/id/7000000000007238,http://data.ordnancesurvey.co.uk/ontology/admingeo/County,Eastern,http://data.ordnancesurvey.co.uk/id/7000000000041425,England,http://data.ordnancesurvey.co.uk/id/country/england,,,
PE380AH,http://data.ordnancesurvey.co.uk/id/postcodeunit/PE380AH,PE38 0AH,,,,other,Postcode,557270,303908,3500,18000,,,,,,,Barroway Drove,http://data.ordnancesurvey.co.uk/id/4000000074327856,http://www.ordnancesurvey.co.uk/xml/codelists/localtype.xml#village,King's Lynn and West Norfolk,http://data.ordnancesurvey.co.uk/id/7000000000007016,http://data.ordnancesurvey.co.uk/ontology/admingeo/District,Norfolk,http://data.ordnancesurvey.co.uk/id/7000000000007238,http://data.ordnancesurvey.co.uk/ontology/admingeo/County,Eastern,http://data.ordnancesurvey.co.uk/id/7000000000041425,England,http://data.ordnancesurvey.co.uk/id/country/england,,,
PE149EP,http://data.ordnancesurvey.co.uk/id/postcodeunit/PE149EP,PE14 9EP,,,,other,Postcode,550199,302570,3500,18000,,,,,,,Upwell,http://data.ordnancesurvey.co.uk/id/4000000074550938,http://www.ordnancesurvey.co.uk/xml/codelists/localtype.xml#village,King's Lynn and West Norfolk,http://data.ordnancesurvey.co.uk/id/7000000000007016,http://data.ordnancesurvey.co.uk/ontology/admingeo/District,Norfolk,http://data.ordnancesurvey.co.uk/id/7000000000007238,http://data.ordnancesurvey.co.uk/ontology/admingeo/County,Eastern,http://data.ordnancesurvey.co.uk/id/7000000000041425,England,http://data.ordnancesurvey.co.uk/id/country/england,,,
PE140BY,http://data.ordnancesurvey.co.uk/id/postcodeunit/PE140BY,PE14 0BY,,,,other,Postcode,546750,306967,3500,18000,,,,,,,Elm,http://data.ordnancesurvey.co.uk/id/4000000074341528,http://www.ordnancesurvey.co.uk/xml/codelists/localtype.xml#village,Fenland,http://data.ordnancesurvey.co.uk/id/7000000000001357,http://data.ordnancesurvey.co.uk/ontology/admingeo/District,Cambridgeshire,http://data.ordnancesurvey.co.uk/id/7000000000001386,http://data.ordnancesurvey.co.uk/ontology/admingeo/County,Eastern,http://data.ordnancesurvey.co.uk/id/7000000000041425,England,http://data.ordnancesurvey.co.uk/id/country/england,,,
PE135QX,http://data.ordnancesurvey.co.uk/id/postcodeunit/PE135QX,PE13 5QX,,,,other,Postcode,543702,319441,3500,18000,,,,,,,Tydd St Mary,http://data.ordnancesurvey.co.uk/id/4000000074548410,http://www.ordnancesurvey.co.uk/xml/codelists/localtype.xml#village,South Holland,http://data.ordnancesurvey.co.uk/id/7000000000005599,http://data.ordnancesurvey.co.uk/ontology/admingeo/District,Lincolnshire,http://data.ordnancesurvey.co.uk/id/7000000000005942,http://data.ordnancesurvey.co.uk/ontology/admingeo/County,East Midlands,http://data.ordnancesurvey.co.uk/id/7000000000041423,England,http://data.ordnancesurvey.co.uk/id/country/england,,,
PE380AQ,http://data.ordnancesurvey.co.uk/id/postcodeunit/PE380AQ,PE38 0AQ,,,,other,Postcode,557621,303658,3500,18000,,,,,,,Barroway Drove,http://data.ordnancesurvey.co.uk/id/4000000074327856,http://www.ordnancesurvey.co.uk/xml/codelists/localtype.xml#village,King's Lynn and West Norfolk,http://data.ordnancesurvey.co.uk/id/7000000000007016,http://data.ordnancesurvey.co.uk/ontology/admingeo/District,Norfolk,http://data.ordnancesurvey.co.uk/id/7000000000007238,http://data.ordnancesurvey.co.uk/ontology/admingeo/County,Eastern,http://data.ordnancesurvey.co.uk/id/7000000000041425,England,http://data.ordnancesurvey.co.uk/id/country/england,,,
PE140RL,http://data.ordnancesurvey.co.uk/id/postcodeunit/PE140RL,PE14 0RL,,,,other,Postcode,544634,307555,3500,18000,,,,,,,Wisbech,http://data.ordnancesurvey.co.uk/id/4000000074551318,http://www.ordnancesurvey.co.uk/xml/codelists/localtype.xml#town,Fenland,http://data.ordnancesurvey.co.uk/id/7000000000001357,http://data.ordnancesurvey.co.uk/ontology/admingeo/District,Cambridgeshire,http://data.ordnancesurvey.co.uk/id/7000000000001386,http://data.ordnancesurvey.co.uk/ontology/admingeo/County,Eastern,http://data.ordnancesurvey.co.uk/id/7000000000041425,England,http://data.ordnancesurvey.co.uk/id/country/england,,,
PE147BN,http://data.ordnancesurvey.co.uk/id/postcodeunit/PE147BN,PE14 7BN,,,,other,Postcode,548102,309886,3500,18000,,,,,,,Wisbech,http://data.ordnancesurvey.co.uk/id/4000000074551318,http://www.ordnancesurvey.co.uk/xml/codelists/localtype.xml#town,King's Lynn and West Norfolk,http://data.ordnancesurvey.co.uk/id/7000000000007016,http://data.ordnancesurvey.co.uk/ontology/admingeo/District,Norfolk,http://data.ordnancesurvey.co.uk/id/7000000000007238,http://data.ordnancesurvey.co.uk/ontology/admingeo/County,Eastern,http://data.ordnancesurvey.co.uk/id/7000000000041425,England,http://data.ordnancesurvey.co.uk/id/country/england,,,
PE131AY,http://data.ordnancesurvey.co.uk/id/postcodeunit/PE131AY,PE13 1AY,,,,other,Postcode,546113,309727,3500,18000,,,,,,,Wisbech,http://data.ordnancesurvey.co.uk/id/4000000074551318,http://www.ordnancesurvey.co.uk/xml/codelists/localtype.xml#town,Fenland,http://data.ordnancesurvey.co.uk/id/7000000000001357,http://data.ordnancesurvey.co.uk/ontology/admingeo/District,Cambridgeshire,http://data.ordnancesurvey.co.uk/id/7000000000001386,http://data.ordnancesurvey.co.uk/ontology/admingeo/County,Eastern,http://data.ordnancesurvey.co.uk/id/7000000000041425,England,http://data.ordnancesurvey.co.uk/id/country/england,,,
PE135NX,http://data.ordnancesurvey.co.uk/id/postcodeunit/PE135NX,PE13 5NX,,,,other,Postcode,540166,314059,3500,18000,,,,,,,,,,Fenland,http://data.ordnancesurvey.co.uk/id/7000000000001357,http://data.ordnancesurvey.co.uk/ontology/admingeo/District,Cambridgeshire,http://data.ordnancesurvey.co.uk/id/7000000000001386,http://data.ordnancesurvey.co.uk/ontology/admingeo/County,Eastern,http://data.ordnancesurvey.co.uk/id/7000000000041425,England,http://data.ordnancesurvey.co.uk/id/country/england,,,
PE147DW,http://data.ordnancesurvey.co.uk/id/postcodeunit/PE147DW,PE14 7DW,,,,other,Postcode,549746,313608,3500,18000,,,,,,,,,,King's Lynn and West Norfolk,http://data.ordnancesurvey.co.uk/id/7000000000007016,http://data.ordnancesurvey.co.uk/ontology/admingeo/District,Norfolk,http://data.ordnancesurvey.co.uk/id/7000000000007238,http://data.ordnancesurvey.co.uk/ontology/admingeo/County,Eastern,http://data.ordnancesurvey.co.uk/id/7000000000041425,England,http://data.ordnancesurvey.co.uk/id/country/england,,,
PE132JU,http://data.ordnancesurvey.co.uk/id/postcodeunit/PE132JU,PE13 2JU,,,,other,Postcode,547380,309181,3500,18000,,,,,,,Wisbech,http://data.ordnancesurvey.co.uk/id/4000000074551318,http://www.ordnancesurvey.co.uk/xml/codelists/localtype.xml#town,Fenland,http://data.ordnancesurvey.co.uk/id/7000000000001357,http://data.ordnancesurvey.co.uk/ontology/admingeo/District,Cambridgeshire,http://data.ordnancesurvey.co.uk/id/7000000000001386,http://data.ordnancesurvey.co.uk/ontology/admingeo/County,Eastern,http://data.ordnancesurvey.co.uk/id/7000000000041425,England,http://data.ordnancesurvey.co.uk/id/country/england,,,
PE133XB,http://data.ordnancesurvey.co.uk/id/postcodeunit/PE133XB,PE13 3XB,,,,other,Postcode,547388,310071,3500,18000,,,,,,,Wisbech,http://data.ordnancesurvey.co.uk/id/4000000074551318,http://www.ordnancesurvey.co.uk/xml/codelists/localtype.xml#town,Fenland,http://data.ordnancesurvey.co.uk/id/7000000000001357,http://data.ordnancesurvey.co.uk/ontology/admingeo/District,Cambridgeshire,http://data.ordnancesurvey.co.uk/id/7000000000001386,http://data.ordnancesurvey.co.uk/ontology/admingeo/County,Eastern,http://data.ordnancesurvey.co.uk/id/7000000000041425,England,http://data.ordnancesurvey.co.uk/id/country/england,,,
PE131PE,http://data.ordnancesurvey.co.uk/id/postcodeunit/PE131PE,PE13 1PE,,,,other,Postcode,545996,310063,3500,18000,,,,,,,Wisbech,http://data.ordnancesurvey.co.uk/id/4000000074551318,http://www.ordnancesurvey.co.uk/xml/codelists/localtype.xml#town,Fenland,http://data.ordnancesurvey.co.uk/id/7000000000001357,http://data.ordnancesurvey.co.uk/ontology/admingeo/District,Cambridgeshire,http://data.ordnancesurvey.co.uk/id/7000000000001386,http://data.ordnancesurvey.co.uk/ontology/admingeo/County,Eastern,http://data.ordnancesurvey.co.uk/id/7000000000041425,England,http://data.ordnancesurvey.co.uk/id/country/england,,,
PE148EN,http://data.ordnancesurvey.co.uk/id/postcodeunit/PE148EN,PE14 8EN,,,,other,Postcode,551460,307545,3500,18000,,,,,,,Emneth Hungate,http://data.ordnancesurvey.co.uk/id/4000000074548394,http://www.ordnancesurvey.co.uk/xml/codelists/localtype.xml#hamlet,King's Lynn and West Norfolk,http://data.ordnancesurvey.co.uk/id/7000000000007016,http://data.ordnancesurvey.co.uk/ontology/admingeo/District,Norfolk,http://data.ordnancesurvey.co.uk/id/7000000000007238,http://data.ordnancesurvey.co.uk/ontology/admingeo/County,Eastern,http://data.ordnancesurvey.co.uk/id/7000000000041425,England,http://data.ordnancesurvey.co.uk/id/country/england,,,
PE148SA,http://data.ordnancesurvey.co.uk/id/postcodeunit/PE148SA,PE14 8SA,,,,other,Postcode,552417,303230,3500,18000,,,,,,,,,,King's Lynn and West Norfolk,http://data.ordnancesurvey.co.uk/id/7000000000007016,http://data.ordnancesurvey.co.uk/ontology/admingeo/District,Norfolk,http://data.ordnancesurvey.co.uk/id/7000000000007238,http://data.ordnancesurvey.co.uk/ontology/admingeo/County,Eastern,http://data.ordnancesurvey.co.uk/id/7000000000041425,England,http://data.ordnancesurvey.co.uk/id/country/england,,,
PE132LX,http://data.ordnancesurvey.co.uk/id/postcodeunit/PE132LX,PE13 2LX,,,,other,Postcode,546425,309254,3500,18000,,,,,,,Wisbech,http://data.ordnancesurvey.co.uk/id/4000000074551318,http://www.ordnancesurvey.co.uk/xml/codelists/localtype.xml#town,Fenland,http://data.ordnancesurvey.co.uk/id/7000000000001357,http://data.ordnancesurvey.co.uk/ontology/admingeo/District,Cambridgeshire,http://data.ordnancesurvey.co.uk/id/7000000000001386,http://data.ordnancesurvey.co.uk/ontology/admingeo/County,Eastern,http://data.ordnancesurvey.co.uk/id/7000000000041425,England,http://data.ordnancesurvey.co.uk/id/country/england,,,
PE131SB,http://data.ordnancesurvey.co.uk/id/postcodeunit/PE131SB,PE13 1SB,,,,other,Postcode,545272,310384,3500,18000,,,,,,,Wisbech,http://data.ordnancesurvey.co.uk/id/4000000074551318,http://www.ordnancesurvey.co.uk/xml/codelists/localtype.xml#town,Fenland,http://data.ordnancesurvey.co.uk/id/7000000000001357,http://data.ordnancesurvey.co.uk/ontology/admingeo/District,Cambridgeshire,http://data.ordnancesurvey.co.uk/id/7000000000001386,http://data.ordnancesurvey.co.uk/ontology/admingeo/County,Eastern,http://data.ordnancesurvey.co.uk/id/7000000000041425,England,http://data.ordnancesurvey.co.uk/id/country/england,,,
PE344SW,http://data.ordnancesurvey.co.uk/id/postcodeunit/PE344SW,PE34 4SW,,,,other,Postcode,556763,318085,3500,18000,,,,,,,Tilney All Saints,http://data.ordnancesurvey.co.uk/id/4000000074550578,http://www.ordnancesurvey.co.uk/xml/codelists/localtype.xml#village,King's Lynn and West Norfolk,http://data.ordnancesurvey.co.uk/id/7000000000007016,http://data.ordnancesurvey.co.uk/ontology/admingeo/District,Norfolk,http://data.ordnancesurvey.co.uk/id/7000000000007238,http://data.ordnancesurvey.co.uk/ontology/admingeo/County,Eastern,http://data.ordnancesurvey.co.uk/id/7000000000041425,England,http://data.ordnancesurvey.co.uk/id/country/england,,,
PE131AP,http://data.ordnancesurvey.co.uk/id/postcodeunit/PE131AP,PE13 1AP,,,,other,Postcode,546173,309815,3500,18000,,,,,,,Wisbech,http://data.ordnancesurvey.co.uk/id/4000000074551318,http://www.ordnancesurvey.co.uk/xml/codelists/localtype.xml#town,Fenland,http://data.ordnancesurvey.co.uk/id/7000000000001357,http://data.ordnancesurvey.co.uk/ontology/admingeo/District,Cambridgeshire,http://data.ordnancesurvey.co.uk/id/7000000000001386,http://data.ordnancesurvey.co.uk/ontology/admingeo/County,Eastern,http://data.ordnancesurvey.co.uk/id/7000000000041425,England,http://data.ordnancesurvey.co.uk/id/country/england,,,
PE131RP,http://data.ordnancesurvey.co.uk/id/postcodeunit/PE131RP,PE13 1RP,,,,other,Postcode,545339,310234,3500,18000,,,,,,,Wisbech,http://data.ordnancesurvey.co.uk/id/4000000074551318,http://www.ordnancesurvey.co.uk/xml/codelists/localtype.xml#town,Fenland,http://data.ordnancesurvey.co.uk/id/7000000000001357,http://data.ordnancesurvey.co.uk/ontology/admingeo/District,Cambridgeshire,http://data.ordnancesurvey.co.uk/id/7000000000001386,http://data.ordnancesurvey.co.uk/ontology/admingeo/County,Eastern,http://data.ordnancesurvey.co.uk/id/7000000000041425,England,http://data.ordnancesurvey.co.uk/id/country/england,,,
PE135HU,http://data.ordnancesurvey.co.uk/id/postcodeunit/PE135HU,PE13 5HU,,,,other,Postcode,542807,314547,3500,18000,,,,,,,Newton-in-the-Isle,http://data.ordnancesurvey.co.uk/id/4000000074548769,http://www.ordnancesurvey.co.uk/xml/codelists/localtype.xml#village,Fenland,http://data.ordnancesurvey.co.uk/id/7000000000001357,http://data.ordnancesurvey.co.uk/ontology/admingeo/District,Cambridgeshire,http://data.ordnancesurvey.co.uk/id/7000000000001386,http://data.ordnancesurvey.co.uk/ontology/admingeo/County,Eastern,http://data.ordnancesurvey.co.uk/id/7000000000041425,England,http://data.ordnancesurvey.co.uk/id/country/england,,,
PE380AU,http://data.ordnancesurvey.co.uk/id/postcodeunit/PE380AU,PE38 0AU,,,,other,Postcode,559726,303360,3500,18000,,,,,,,,,,King's Lynn and West Norfolk,http://data.ordnancesurvey.co.uk/id/7000000000007016,http://data.ordnancesurvey.co.uk/ontology/admingeo/District,Norfolk,http://data.ordnancesurvey.co.uk/id/7000000000007238,http://data.ordnancesurvey.co.uk/ontology/admingeo/County,Eastern,http://data.ordnancesurvey.co.uk/id/7000000000041425,England,http://data.ordnancesurvey.co.uk/id/country/england,,,
PE149DT,http://data.ordnancesurvey.co.uk/id/postcodeunit/PE149DT,PE14 9DT,,,,other,Postcode,549967,302199,3500,18000,,,,,,,Upwell,http://data.ordnancesurvey.co.uk/id/4000000074550938,http://www.ordnancesurvey.co.uk/xml/codelists/localtype.xml#village,King's Lynn and West Norfolk,http://data.ordnancesurvey.co.uk/id/7000000000007016,http://data.ordnancesurvey.co.uk/ontology/admingeo/District,Norfolk,http://data.ordnancesurvey.co.uk/id/7000000000007238,http://data.ordnancesurvey.co.uk/ontology/admingeo/County,Eastern,http://data.ordnancesurvey.co.uk/id/7000000000041425,England,http://data.ordnancesurvey.co.uk/id/country/england,,,
PE133AL,http://data.ordnancesurvey.co.uk/id/postcodeunit/PE133AL,PE13 3AL,,,,other,Postcode,546251,310056,3500,18000,,,,,,,Wisbech,http://data.ordnancesurvey.co.uk/id/4000000074551318,http://www.ordnancesurvey.co.uk/xml/codelists/localtype.xml#town,Fenland,http://data.ordnancesurvey.co.uk/id/7000000000001357,http://data.ordnancesurvey.co.uk/ontology/admingeo/District,Cambridgeshire,http://data.ordnancesurvey.co.uk/id/7000000000001386,http://data.ordnancesurvey.co.uk/ontology/admingeo/County,Eastern,http://data.ordnancesurvey.co.uk/id/7000000000041425,England,http://data.ordnancesurvey.co.uk/id/country/england,,,
PE132LZ,http://data.ordnancesurvey.co.uk/id/postcodeunit/PE132LZ,PE13 2LZ,,,,other,Postcode,546368,309279,3500,18000,,,,,,,Wisbech,http://data.ordnancesurvey.co.uk/id/4000000074551318,http://www.ordnancesurvey.co.uk/xml/codelists/localtype.xml#town,Fenland,http://data.ordnancesurvey.co.uk/id/7000000000001357,http://data.ordnancesurvey.co.uk/ontology/admingeo/District,Cambridgeshire,http://data.ordnancesurvey.co.uk/id/7000000000001386,http://data.ordnancesurvey.co.uk/ontology/admingeo/County,Eastern,http://data.ordnancesurvey.co.uk/id/7000000000041425,England,http://data.ordnancesurvey.co.uk/id/country/england,,,
PE148PN,http://data.ordnancesurvey.co.uk/id/postcodeunit/PE148PN,PE14 8PN,,,,other,Postcode,551089,304940,3500,18000,,,,,,,,,,King's Lynn and West Norfolk,http://data.ordnancesurvey.co.uk/id/7000000000007016,http://data.ordnancesurvey.co.uk/ontology/admingeo/District,Norfolk,http://data.ordnancesurvey.co.uk/id/7000000000007238,http://data.ordnancesurvey.co.uk/ontology/admingeo/County,Eastern,http://data.ordnancesurvey.co.uk/id/7000000000041425,England,http://data.ordnancesurvey.co.uk/id/country/england,,,
PE343NS,http://data.ordnancesurvey.co.uk/id/postcodeunit/PE343NS,PE34 3NS,,,,other,Postcode,557674,305061,3500,18000,,,,,,,,,,King's Lynn and West Norfolk,http://data.ordnancesurvey.co.uk/id/7000000000007016,http://data.ordnancesurvey.co.uk/ontology/admingeo/District,Norfolk,http://data.ordnancesurvey.co.uk/id/7000000000007238,http://data.ordnancesurvey.co.uk/ontology/admingeo/County,Eastern,http://data.ordnancesurvey.co.uk/id/7000000000041425,England,http://data.ordnancesurvey.co.uk/id/country/england,,,
PE148RY,http://data.ordnancesurvey.co.uk/id/postcodeunit/PE148RY,PE14 8RY,,,,other,Postcode,552766,302892,3500,18000,,,,,,,,,,King's Lynn and West Norfolk,http://data.ordnancesurvey.co.uk/id/7000000000007016,http://data.ordnancesurvey.co.uk/ontology/admingeo/District,Norfolk,http://data.ordnancesurvey.co.uk/id/7000000000007238,http://data.ordnancesurvey.co.uk/ontology/admingeo/County,Eastern,http://data.ordnancesurvey.co.uk/id/7000000000041425,England,http://data.ordnancesurvey.co.uk/id/country/england,,,
PE132SE,http://data.ordnancesurvey.co.uk/id/postcodeunit/PE132SE,PE13 2SE,,,,other,Postcode,546583,308578,3500,18000,,,,,,,Wisbech,http://data.ordnancesurvey.co.uk/id/4000000074551318,http://www.ordnancesurvey.co.uk/xml/codelists/localtype.xml#town,Fenland,http://data.ordnancesurvey.co.uk/id/7000000000001357,http://data.ordnancesurvey.co.uk/ontology/admingeo/District,Cambridgeshire,http://data.ordnancesurvey.co.uk/id/7000000000001386,http://data.ordnancesurvey.co.uk/ontology/admingeo/County,Eastern,http://data.ordnancesurvey.co.uk/id/7000000000041425,England,http://data.ordnancesurvey.co.uk/id/country/england,,,
PE149EL,http://data.ordnancesurvey.co.uk/id/postcodeunit/PE149EL,PE14 9EL,,,,other,Postcode,550115,302618,3500,18000,,,,,,,Upwell,http://data.ordnancesurvey.co.uk/id/4000000074550938,http://www.ordnancesurvey.co.uk/xml/codelists/localtype.xml#village,King's Lynn and West Norfolk,http://data.ordnancesurvey.co.uk/id/7000000000007016,http://data.ordnancesurvey.co.uk/ontology/admingeo/District,Norfolk,http://data.ordnancesurvey.co.uk/id/7000000000007238,http://data.ordnancesurvey.co.uk/ontology/admingeo/County,Eastern,http://data.ordnancesurvey.co.uk/id/7000000000041425,England,http://data.ordnancesurvey.co.uk/id/country/england,,,
PE140TE,http://data.ordnancesurvey.co.uk/id/postcodeunit/PE140TE,PE14 0TE,,,,other,Postcode,545348,308615,3500,18000,,,,,,,Wisbech,http://data.ordnancesurvey.co.uk/id/4000000074551318,http://www.ordnancesurvey.co.uk/xml/codelists/localtype.xml#town,Fenland,http://data.ordnancesurvey.co.uk/id/7000000000001357,http://data.ordnancesurvey.co.uk/ontology/admingeo/District,Cambridgeshire,http://data.ordnancesurvey.co.uk/id/7000000000001386,http://data.ordnancesurvey.co.uk/ontology/admingeo/County,Eastern,http://data.ordnancesurvey.co.uk/id/7000000000041425,England,http://data.ordnancesurvey.co.uk/id/country/england,,,
PE344PJ,http://data.ordnancesurvey.co.uk/id/postcodeunit/PE344PJ,PE34 4PJ,,,,other,Postcode,554435,319847,3500,18000,,,,,,,Terrington St Clement,http://data.ordnancesurvey.co.uk/id/4000000074548395,http://www.ordnancesurvey.co.uk/xml/codelists/localtype.xml#otherSettlement,King's Lynn and West Norfolk,http://data.ordnancesurvey.co.uk/id/7000000000007016,http://data.ordnancesurvey.co.uk/ontology/admingeo/District,Norfolk,http://data.ordnancesurvey.co.uk/id/7000000000007238,http://data.ordnancesurvey.co.uk/ontology/admingeo/County,Eastern,http://data.ordnancesurvey.co.uk/id/7000000000041425,England,http://data.ordnancesurvey.co.uk/id/country/england,,,
PE380AG,http://data.ordnancesurvey.co.uk/id/postcodeunit/PE380AG,PE38 0AG,,,,other,Postcode,558355,303174,3500,18000,,,,,,,,,,King's Lynn and West Norfolk,http://data.ordnancesurvey.co.uk/id/7000000000007016,http://data.ordnancesurvey.co.uk/ontology/admingeo/District,Norfolk,http://data.ordnancesurvey.co.uk/id/7000000000007238,http://data.ordnancesurvey.co.uk/ontology/admingeo/County,Eastern,http://data.ordnancesurvey.co.uk/id/7000000000041425,England,http://data.ordnancesurvey.co.uk/id/country/england,,,
PE135FL,http://data.ordnancesurvey.co.uk/id/postcodeunit/PE135FL,PE13 5FL,,,,other,Postcode,543840,312031,3500,18000,,,,,,,,,,Fenland,http://data.ordnancesurvey.co.uk/id/7000000000001357,http://data.ordnancesurvey.co.uk/ontology/admingeo/District,Cambridgeshire,http://data.ordnancesurvey.co.uk/id/7000000000001386,http://data.ordnancesurvey.co.uk/ontology/admingeo/County,Eastern,http://data.ordnancesurvey.co.uk/id/7000000000041425,England,http://data.ordnancesurvey.co.uk/id/country/england,,,
PE132SA,http://data.ordnancesurvey.co.uk/id/postcodeunit/PE132SA,PE13 2SA,,,,other,Postcode,546169,307981,3500,18000,,,,,,,Wisbech,http://data.ordnancesurvey.co.uk/id/4000000074551318,http://www.ordnancesurvey.co.uk/xml/codelists/localtype.xml#town,Fenland,http://data.ordnancesurvey.co.uk/id/7000000000001357,http://data.ordnancesurvey.co.uk/ontology/admingeo/District,Cambridgeshire,http://data.ordnancesurvey.co.uk/id/7000000000001386,http://data.ordnancesurvey.co.uk/ontology/admingeo/County,Eastern,http://data.ordnancesurvey.co.uk/id/7000000000041425,England,http://data.ordnancesurvey.co.uk/id/country/england,,,
PE148BT,http://data.ordnancesurvey.co.uk/id/postcodeunit/PE148BT,PE14 8BT,,,,other,Postcode,549337,307213,3500,18000,,,,,,,Emneth,http://data.ordnancesurvey.co.uk/id/4000000074550948,http://www.ordnancesurvey.co.uk/xml/codelists/localtype.xml#village,King's Lynn and West Norfolk,http://data.ordnancesurvey.co.uk/id/7000000000007016,http://data.ordnancesurvey.co.uk/ontology/admingeo/District,Norfolk,http://data.ordnancesurvey.co.uk/id/7000000000007238,http://data.ordnancesurvey.co.uk/ontology/admingeo/County,Eastern,http://data.ordnancesurvey.co.uk/id/7000000000041425,England,http://data.ordnancesurvey.co.uk/id/country/england,,,
PE148BJ,http://data.ordnancesurvey.co.uk/id/postcodeunit/PE148BJ,PE14 8BJ,,,,other,Postcode,549678,306483,3500,18000,,,,,,,Emneth,http://data.ordnancesurvey.co.uk/id/4000000074550948,http://www.ordnancesurvey.co.uk/xml/codelists/localtype.xml#village,King's Lynn and West Norfolk,http://data.ordnancesurvey.co.uk/id/7000000000007016,http://data.ordnancesurvey.co.uk/ontology/admingeo/District,Norfolk,http://data.ordnancesurvey.co.uk/id/7000000000007238,http://data.ordnancesurvey.co.uk/ontology/admingeo/County,Eastern,http://data.ordnancesurvey.co.uk/id/7000000000041425,England,http://data.ordnancesurvey.co.uk/id/country/england,,,
PE133TP,http://data.ordnancesurvey.co.uk/id/postcodeunit/PE133TP,PE13 3TP,,,,other,Postcode,547698,310283,3500,18000,,,,,,,Wisbech,http://data.ordnancesurvey.co.uk/id/4000000074551318,http://www.ordnancesurvey.co.uk/xml/codelists/localtype.xml#town,Fenland,http://data.ordnancesurvey.co.uk/id/7000000000001357,http://data.ordnancesurvey.co.uk/ontology/admingeo/District,Cambridgeshire,http://data.ordnancesurvey.co.uk/id/7000000000001386,http://data.ordnancesurvey.co.uk/ontology/admingeo/County,Eastern,http://data.ordnancesurvey.co.uk/id/7000000000041425,England,http://data.ordnancesurvey.co.uk/id/country/england,,,
PE344QT,http://data.ordnancesurvey.co.uk/id/postcodeunit/PE344QT,PE34 4QT,,,,other,Postcode,554134,313889,3500,18000,,,,,,,Tilney St Lawrence,http://data.ordnancesurvey.co.uk/id/4000000074550579,http://www.ordnancesurvey.co.uk/xml/codelists/localtype.xml#village,King's Lynn and West Norfolk,http://data.ordnancesurvey.co.uk/id/7000000000007016,http://data.ordnancesurvey.co.uk/ontology/admingeo/District,Norfolk,http://data.ordnancesurvey.co.uk/id/7000000000007238,http://data.ordnancesurvey.co.uk/ontology/admingeo/County,Eastern,http://data.ordnancesurvey.co.uk/id/7000000000041425,England,http://data.ordnancesurvey.co.uk/id/country/england,,,
PE344QS,http://data.ordnancesurvey.co.uk/id/postcodeunit/PE344QS,PE34 4QS,,,,other,Postcode,554138,314070,3500,18000,,,,,,,Tilney St Lawrence,http://data.ordnancesurvey.co.uk/id/4000000074550579,http://www.ordnancesurvey.co.uk/xml/codelists/localtype.xml#village,King's Lynn and West Norfolk,http://data.ordnancesurvey.co.uk/id/7000000000007016,http://data.ordnancesurvey.co.uk/ontology/admingeo/District,Norfolk,http://data.ordnancesurvey.co.uk/id/7000000000007238,http://data.ordnancesurvey.co.uk/ontology/admingeo/County,Eastern,http://data.ordnancesurvey.co.uk/id/7000000000041425,England,http://data.ordnancesurvey.co.uk/id/country/england,,,
PE132FF,http://data.ordnancesurvey.co.uk/id/postcodeunit/PE132FF,PE13 2FF,,,,other,Postcode,546557,308925,3500,18000,,,,,,,Wisbech,http://data.ordnancesurvey.co.uk/id/4000000074551318,http://www.ordnancesurvey.co.uk/xml/codelists/localtype.xml#town,Fenland,http://data.ordnancesurvey.co.uk/id/7000000000001357,http://data.ordnancesurvey.co.uk/ontology/admingeo/District,Cambridgeshire,http://data.ordnancesurvey.co.uk/id/7000000000001386,http://data.ordnancesurvey.co.uk/ontology/admingeo/County,Eastern,http://data.ordnancesurvey.co.uk/id/7000000000041425,England,http://data.ordnancesurvey.co.uk/id/country/england,,,
PE147RR,http://data.ordnancesurvey.co.uk/id/postcodeunit/PE147RR,PE14 7RR,,,,other,Postcode,553806,314400,3500,18000,,,,,,,Terrington St John,http://data.ordnancesurvey.co.uk/id/4000000074550941,http://www.ordnancesurvey.co.uk/xml/codelists/localtype.xml#village,King's Lynn and West Norfolk,http://data.ordnancesurvey.co.uk/id/7000000000007016,http://data.ordnancesurvey.co.uk/ontology/admingeo/District,Norfolk,http://data.ordnancesurvey.co.uk/id/7000000000007238,http://data.ordnancesurvey.co.uk/ontology/admingeo/County,Eastern,http://data.ordnancesurvey.co.uk/id/7000000000041425,England,http://data.ordnancesurvey.co.uk/id/country/england,,,
PE134RX,http://data.ordnancesurvey.co.uk/id/postcodeunit/PE134RX,PE13 4RX,,,,other,Postcode,542117,308331,3500,18000,,,,,,,Wisbech St Mary,http://data.ordnancesurvey.co.uk/id/4000000074551315,http://www.ordnancesurvey.co.uk/xml/codelists/localtype.xml#village,Fenland,http://data.ordnancesurvey.co.uk/id/7000000000001357,http://data.ordnancesurvey.co.uk/ontology/admingeo/District,Cambridgeshire,http://data.ordnancesurvey.co.uk/id/7000000000001386,http://data.ordnancesurvey.co.uk/ontology/admingeo/County,Eastern,http://data.ordnancesurvey.co.uk/id/7000000000041425,England,http://data.ordnancesurvey.co.uk/id/country/england,,,
PE147SR,http://data.ordnancesurvey.co.uk/id/postcodeunit/PE147SR,PE14 7SR,,,,other,Postcode,552285,312741,3500,18000,,,,,,,,,,King's Lynn and West Norfolk,http://data.ordnancesurvey.co.uk/id/7000000000007016,http://data.ordnancesurvey.co.uk/ontology/admingeo/District,Norfolk,http://data.ordnancesurvey.co.uk/id/7000000000007238,http://data.ordnancesurvey.co.uk/ontology/admingeo/County,Eastern,http://data.ordnancesurvey.co.uk/id/7000000000041425,England,http://data.ordnancesurvey.co.uk/id/country/england,,,
PE148PW,http://data.ordnancesurvey.co.uk/id/postcodeunit/PE148PW,PE14 8PW,,,,other,Postcode,551913,305561,3500,18000,,,,,,,,,,King's Lynn and West Norfolk,http://data.ordnancesurvey.co.uk/id/7000000000007016,http://data.ordnancesurvey.co.uk/ontology/admingeo/District,Norfolk,http://data.ordnancesurvey.co.uk/id/7000000000007238,http://data.ordnancesurvey.co.uk/ontology/admingeo/County,Eastern,http://data.ordnancesurvey.co.uk/id/7000000000041425,England,http://data.ordnancesurvey.co.uk/id/country/england,,,
PE343BL,http://data.ordnancesurvey.co.uk/id/postcodeunit/PE343BL,PE34 3BL,,,,other,Postcode,557367,313537,3500,18000,,,,,,,Tilney cum Islington,http://data.ordnancesurvey.co.uk/id/4000000074550575,http://www.ordnancesurvey.co.uk/xml/codelists/localtype.xml#village,King's Lynn and West Norfolk,http://data.ordnancesurvey.co.uk/id/7000000000007016,http://data.ordnancesurvey.co.uk/ontology/admingeo/District,Norfolk,http://data.ordnancesurvey.co.uk/id/7000000000007238,http://data.ordnancesurvey.co.uk/ontology/admingeo/County,Eastern,http://data.ordnancesurvey.co.uk/id/7000000000041425,England,http://data.ordnancesurvey.co.uk/id/country/england,,,
PE147LB,http://data.ordnancesurvey.co.uk/id/postcodeunit/PE147LB,PE14 7LB,,,,other,Postcode,550622,318572,3500,18000,,,,,,,,,,King's Lynn and West Norfolk,http://data.ordnancesurvey.co.uk/id/7000000000007016,http://data.ordnancesurvey.co.uk/ontology/admingeo/District,Norfolk,http://data.ordnancesurvey.co.uk/id/7000000000007238,http://data.ordnancesurvey.co.uk/ontology/admingeo/County,Eastern,http://data.ordnancesurvey.co.uk/id/7000000000041425,England,http://data.ordnancesurvey.co.uk/id/country/england,,,
PE135BB,http://data.ordnancesurvey.co.uk/id/postcodeunit/PE135BB,PE13 5BB,,,,other,Postcode,543894,311879,3500,18000,,,,,,,Leverington,http://data.ordnancesurvey.co.uk/id/4000000074551313,http://www.ordnancesurvey.co.uk/xml/codelists/localtype.xml#village,Fenland,http://data.ordnancesurvey.co.uk/id/7000000000001357,http://data.ordnancesurvey.co.uk/ontology/admingeo/District,Cambridgeshire,http://data.ordnancesurvey.co.uk/id/7000000000001386,http://data.ordnancesurvey.co.uk/ontology/admingeo/County,Eastern,http://data.ordnancesurvey.co.uk/id/7000000000041425,England,http://data.ordnancesurvey.co.uk/id/country/england,,,
PE147SL,http://data.ordnancesurvey.co.uk/id/postcodeunit/PE147SL,PE14 7SL,,,,other,Postcode,553890,311557,3500,18000,,,,,,,St John's Fen End,http://data.ordnancesurvey.co.uk/id/4000000074548752,http://www.ordnancesurvey.co.uk/xml/codelists/localtype.xml#village,King's Lynn and West Norfolk,http://data.ordnancesurvey.co.uk/id/7000000000007016,http://data.ordnancesurvey.co.uk/ontology/admingeo/District,Norfolk,http://data.ordnancesurvey.co.uk/id/7000000000007238,http://data.ordnancesurvey.co.uk/ontology/admingeo/County,Eastern,http://data.ordnancesurvey.co.uk/id/7000000000041425,England,http://data.ordnancesurvey.co.uk/id/country/england,,,
PE133SD,http://data.ordnancesurvey.co.uk/id/postcodeunit/PE133SD,PE13 3SD,,,,other,Postcode,547748,310640,3500,18000,,,,,,,Wisbech,http://data.ordnancesurvey.co.uk/id/4000000074551318,http://www.ordnancesurvey.co.uk/xml/codelists/localtype.xml#town,King's Lynn and West Norfolk,http://data.ordnancesurvey.co.uk/id/7000000000007016,http://data.ordnancesurvey.co.uk/ontology/admingeo/District,Norfolk,http://data.ordnancesurvey.co.uk/id/7000000000007238,http://data.ordnancesurvey.co.uk/ontology/admingeo/County,Eastern,http://data.ordnancesurvey.co.uk/id/7000000000041425,England,http://data.ordnancesurvey.co.uk/id/country/england,,,
PE135AG,http://data.ordnancesurvey.co.uk/id/postcodeunit/PE135AG,PE13 5AG,,,,other,Postcode,545236,310977,3500,18000,,,,,,,Wisbech,http://data.ordnancesurvey.co.uk/id/4000000074551318,http://www.ordnancesurvey.co.uk/xml/codelists/localtype.xml#town,Fenland,http://data.ordnancesurvey.co.uk/id/7000000000001357,http://data.ordnancesurvey.co.uk/ontology/admingeo/District,Cambridgeshire,http://data.ordnancesurvey.co.uk/id/7000000000001386,http://data.ordnancesurvey.co.uk/ontology/admingeo/County,Eastern,http://data.ordnancesurvey.co.uk/id/7000000000041425,England,http://data.ordnancesurvey.co.uk/id/country/england,,,
PE140RF,http://data.ordnancesurvey.co.uk/id/postcodeunit/PE140RF,PE14 0RF,,,,other,Postcode,545244,308404,3500,18000,,,,,,,Wisbech,http://data.ordnancesurvey.co.uk/id/4000000074551318,http://www.ordnancesurvey.co.uk/xml/codelists/localtype.xml#town,Fenland,http://data.ordnancesurvey.co.uk/id/7000000000001357,http://data.ordnancesurvey.co.uk/ontology/admingeo/District,Cambridgeshire,http://data.ordnancesurvey.co.uk/id/7000000000001386,http://data.ordnancesurvey.co.uk/ontology/admingeo/County,Eastern,http://data.ordnancesurvey.co.uk/id/7000000000041425,England,http://data.ordnancesurvey.co.uk/id/country/england,,,
PE140AH,http://data.ordnancesurvey.co.uk/id/postcodeunit/PE140AH,PE14 0AH,,,,other,Postcode,547176,306434,3500,18000,,,,,,,Elm,http://data.ordnancesurvey.co.uk/id/4000000074341528,http://www.ordnancesurvey.co.uk/xml/codelists/localtype.xml#village,Fenland,http://data.ordnancesurvey.co.uk/id/7000000000001357,http://data.ordnancesurvey.co.uk/ontology/admingeo/District,Cambridgeshire,http://data.ordnancesurvey.co.uk/id/7000000000001386,http://data.ordnancesurvey.co.uk/ontology/admingeo/County,Eastern,http://data.ordnancesurvey.co.uk/id/7000000000041425,England,http://data.ordnancesurvey.co.uk/id/country/england,,,
PE131AU,http://data.ordnancesurvey.co.uk/id/postcodeunit/PE131AU,PE13 1AU,,,,other,Postcode,546370,309655,3500,18000,,,,,,,Wisbech,http://data.ordnancesurvey.co.uk/id/4000000074551318,http://www.ordnancesurvey.co.uk/xml/codelists/localtype.xml#town,Fenland,http://data.ordnancesurvey.co.uk/id/7000000000001357,http://data.ordnancesurvey.co.uk/ontology/admingeo/District,Cambridgeshire,http://data.ordnancesurvey.co.uk/id/7000000000001386,http://data.ordnancesurvey.co.uk/ontology/admingeo/County,Eastern,http://data.ordnancesurvey.co.uk/id/7000000000041425,England,http://data.ordnancesurvey.co.uk/id/country/england,,,
PE132QT,http://data.ordnancesurvey.co.uk/id/postcodeunit/PE132QT,PE13 2QT,,,,other,Postcode,546307,309044,3500,18000,,,,,,,Wisbech,http://data.ordnancesurvey.co.uk/id/4000000074551318,http://www.ordnancesurvey.co.uk/xml/codelists/localtype.xml#town,Fenland,http://data.ordnancesurvey.co.uk/id/7000000000001357,http://data.ordnancesurvey.co.uk/ontology/admingeo/District,Cambridgeshire,http://data.ordnancesurvey.co.uk/id/7000000000001386,http://data.ordnancesurvey.co.uk/ontology/admingeo/County,Eastern,http://data.ordnancesurvey.co.uk/id/7000000000041425,England,http://data.ordnancesurvey.co.uk/id/country/england,,,
PE140AX,http://data.ordnancesurvey.co.uk/id/postcodeunit/PE140AX,PE14 0AX,,,,other,Postcode,546817,305782,3500,18000,,,,,,,Elm,http://data.ordnancesurvey.co.uk/id/4000000074341528,http://www.ordnancesurvey.co.uk/xml/codelists/localtype.xml#village,Fenland,http://data.ordnancesurvey.co.uk/id/7000000000001357,http://data.ordnancesurvey.co.uk/ontology/admingeo/District,Cambridgeshire,http://data.ordnancesurvey.co.uk/id/7000000000001386,http://data.ordnancesurvey.co.uk/ontology/admingeo/County,Eastern,http://data.ordnancesurvey.co.uk/id/7000000000041425,England,http://data.ordnancesurvey.co.uk/id/country/england,,,
PE140RS,http://data.ordnancesurvey.co.uk/id/postcodeunit/PE140RS,PE14 0RS,,,,other,Postcode,544216,306950,3500,18000,,,,,,,,,,Fenland,http://data.ordnancesurvey.co.uk/id/7000000000001357,http://data.ordnancesurvey.co.uk/ontology/admingeo/District,Cambridgeshire,http://data.ordnancesurvey.co.uk/id/7000000000001386,http://data.ordnancesurvey.co.uk/ontology/admingeo/County,Eastern,http://data.ordnancesurvey.co.uk/id/7000000000041425,England,http://data.ordnancesurvey.co.uk/id/country/england,,,
PE343AZ,http://data.ordnancesurvey.co.uk/id/postcodeunit/PE343AZ,PE34 3AZ,,,,other,Postcode,559725,311360,3500,18000,,,,,,,Wiggenhall St Mary Magdalen,http://data.ordnancesurvey.co.uk/id/4000000074548392,http://www.ordnancesurvey.co.uk/xml/codelists/localtype.xml#village,King's Lynn and West Norfolk,http://data.ordnancesurvey.co.uk/id/7000000000007016,http://data.ordnancesurvey.co.uk/ontology/admingeo/District,Norfolk,http://data.ordnancesurvey.co.uk/id/7000000000007238,http://data.ordnancesurvey.co.uk/ontology/admingeo/County,Eastern,http://data.ordnancesurvey.co.uk/id/7000000000041425,England,http://data.ordnancesurvey.co.uk/id/country/england,,,
PE149AH,http://data.ordnancesurvey.co.uk/id/postcodeunit/PE149AH,PE14 9AH,,,,other,Postcode,550921,303273,3500,18000,,,,,,,Upwell,http://data.ordnancesurvey.co.uk/id/4000000074550938,http://www.ordnancesurvey.co.uk/xml/codelists/localtype.xml#village,King's Lynn and West Norfolk,http://data.ordnancesurvey.co.uk/id/7000000000007016,http://data.ordnancesurvey.co.uk/ontology/admingeo/District,Norfolk,http://data.ordnancesurvey.co.uk/id/7000000000007238,http://data.ordnancesurvey.co.uk/ontology/admingeo/County,Eastern,http://data.ordnancesurvey.co.uk/id/7000000000041425,England,http://data.ordnancesurvey.co.uk/id/country/england,,,
PE140HS,http://data.ordnancesurvey.co.uk/id/postcodeunit/PE140HS,PE14 0HS,,,,other,Postcode,545990,303927,3500,18000,,,,,,,,,,Fenland,http://data.ordnancesurvey.co.uk/id/7000000000001357,http://data.ordnancesurvey.co.uk/ontology/admingeo/District,Cambridgeshire,http://data.ordnancesurvey.co.uk/id/7000000000001386,http://data.ordnancesurvey.co.uk/ontology/admingeo/County,Eastern,http://data.ordnancesurvey.co.uk/id/7000000000041425,England,http://data.ordnancesurvey.co.uk/id/country/england,,,
PE344WG,http://data.ordnancesurvey.co.uk/id/postcodeunit/PE344WG,PE34 4WG,,,,other,Postcode,554494,319936,3500,18000,,,,,,,Terrington St Clement,http://data.ordnancesurvey.co.uk/id/4000000074548395,http://www.ordnancesurvey.co.uk/xml/codelists/localtype.xml#otherSettlement,King's Lynn and West Norfolk,http://data.ordnancesurvey.co.uk/id/7000000000007016,http://data.ordnancesurvey.co.uk/ontology/admingeo/District,Norfolk,http://data.ordnancesurvey.co.uk/id/7000000000007238,http://data.ordnancesurvey.co.uk/ontology/admingeo/County,Eastern,http://data.ordnancesurvey.co.uk/id/7000000000041425,England,http://data.ordnancesurvey.co.uk/id/country/england,,,
PE133NY,http://data.ordnancesurvey.co.uk/id/postcodeunit/PE133NY,PE13 3NY,,,,other,Postcode,546353,310523,3500,18000,,,,,,,Wisbech,http://data.ordnancesurvey.co.uk/id/4000000074551318,http://www.ordnancesurvey.co.uk/xml/codelists/localtype.xml#town,Fenland,http://data.ordnancesurvey.co.uk/id/7000000000001357,http://data.ordnancesurvey.co.uk/ontology/admingeo/District,Cambridgeshire,http://data.ordnancesurvey.co.uk/id/7000000000001386,http://data.ordnancesurvey.co.uk/ontology/admingeo/County,Eastern,http://data.ordnancesurvey.co.uk/id/7000000000041425,England,http://data.ordnancesurvey.co.uk/id/country/england,,,
PE133EQ,http://data.ordnancesurvey.co.uk/id/postcodeunit/PE133EQ,PE13 3EQ,,,,other,Postcode,547139,310755,3500,18000,,,,,,,Wisbech,http://data.ordnancesurvey.co.uk/id/4000000074551318,http://www.ordnancesurvey.co.uk/xml/codelists/localtype.xml#town,Fenland,http://data.ordnancesurvey.co.uk/id/7000000000001357,http://data.ordnancesurvey.co.uk/ontology/admingeo/District,Cambridgeshire,http://data.ordnancesurvey.co.uk/id/7000000000001386,http://data.ordnancesurvey.co.uk/ontology/admingeo/County,Eastern,http://data.ordnancesurvey.co.uk/id/7000000000041425,England,http://data.ordnancesurvey.co.uk/id/country/england,,,
PE131JE,http://data.ordnancesurvey.co.uk/id/postcodeunit/PE131JE,PE13 1JE,,,,other,Postcode,545961,309599,3500,18000,,,,,,,Wisbech,http://data.ordnancesurvey.co.uk/id/4000000074551318,http://www.ordnancesurvey.co.uk/xml/codelists/localtype.xml#town,Fenland,http://data.ordnancesurvey.co.uk/id/7000000000001357,http://data.ordnancesurvey.co.uk/ontology/admingeo/District,Cambridgeshire,http://data.ordnancesurvey.co.uk/id/7000000000001386,http://data.ordnancesurvey.co.uk/ontology/admingeo/County,Eastern,http://data.ordnancesurvey.co.uk/id/7000000000041425,England,http://data.ordnancesurvey.co.uk/id/country/england,,,
PE132US,http://data.ordnancesurvey.co.uk/id/postcodeunit/PE132US,PE13 2US,,,,other,Postcode,546952,308901,3500,18000,,,,,,,Wisbech,http://data.ordnancesurvey.co.uk/id/4000000074551318,http://www.ordnancesurvey.co.uk/xml/codelists/localtype.xml#town,Fenland,http://data.ordnancesurvey.co.uk/id/7000000000001357,http://data.ordnancesurvey.co.uk/ontology/admingeo/District,Cambridgeshire,http://data.ordnancesurvey.co.uk/id/7000000000001386,http://data.ordnancesurvey.co.uk/ontology/admingeo/County,Eastern,http://data.ordnancesurvey.co.uk/id/7000000000041425,England,http://data.ordnancesurvey.co.uk/id/country/england,,,
PE132DG,http://data.ordnancesurvey.co.uk/id/postcodeunit/PE132DG,PE13 2DG,,,,other,Postcode,546495,309347,3500,18000,,,,,,,Wisbech,http://data.ordnancesurvey.co.uk/id/4000000074551318,http://www.ordnancesurvey.co.uk/xml/codelists/localtype.xml#town,Fenland,http://data.ordnancesurvey.co.uk/id/7000000000001357,http://data.ordnancesurvey.co.uk/ontology/admingeo/District,Cambridgeshire,http://data.ordnancesurvey.co.uk/id/7000000000001386,http://data.ordnancesurvey.co.uk/ontology/admingeo/County,Eastern,http://data.ordnancesurvey.co.uk/id/7000000000041425,England,http://data.ordnancesurvey.co.uk/id/country/england,,,
PE133RS,http://data.ordnancesurvey.co.uk/id/postcodeunit/PE133RS,PE13 3RS,,,,other,Postcode,548037,310301,3500,18000,,,,,,,Wisbech,http://data.ordnancesurvey.co.uk/id/4000000074551318,http://www.ordnancesurvey.co.uk/xml/codelists/localtype.xml#town,King's Lynn and West Norfolk,http://data.ordnancesurvey.co.uk/id/7000000000007016,http://data.ordnancesurvey.co.uk/ontology/admingeo/District,Norfolk,http://data.ordnancesurvey.co.uk/id/7000000000007238,http://data.ordnancesurvey.co.uk/ontology/admingeo/County,Eastern,http://data.ordnancesurvey.co.uk/id/7000000000041425,England,http://data.ordnancesurvey.co.uk/id/country/england,,,
PE132PW,http://data.ordnancesurvey.co.uk/id/postcodeunit/PE132PW,PE13 2PW,,,,other,Postcode,546222,308819,3500,18000,,,,,,,Wisbech,http://data.ordnancesurvey.co.uk/id/4000000074551318,http://www.ordnancesurvey.co.uk/xml/codelists/localtype.xml#town,Fenland,http://data.ordnancesurvey.co.uk/id/7000000000001357,http://data.ordnancesurvey.co.uk/ontology/admingeo/District,Cambridgeshire,http://data.ordnancesurvey.co.uk/id/7000000000001386,http://data.ordnancesurvey.co.uk/ontology/admingeo/County,Eastern,http://data.ordnancesurvey.co.uk/id/7000000000041425,England,http://data.ordnancesurvey.co.uk/id/country/england,,,
PE147PR,http://data.ordnancesurvey.co.uk/id/postcodeunit/PE147PR,PE14 7PR,,,,other,Postcode,550163,317142,3500,18000,,,,,,,Walpole St Andrew,http://data.ordnancesurvey.co.uk/id/4000000074550944,http://www.ordnancesurvey.co.uk/xml/codelists/localtype.xml#village,King's Lynn and West Norfolk,http://data.ordnancesurvey.co.uk/id/7000000000007016,http://data.ordnancesurvey.co.uk/ontology/admingeo/District,Norfolk,http://data.ordnancesurvey.co.uk/id/7000000000007238,http://data.ordnancesurvey.co.uk/ontology/admingeo/County,Eastern,http://data.ordnancesurvey.co.uk/id/7000000000041425,England,http://data.ordnancesurvey.co.uk/id/country/england,,,
PE344RF,http://data.ordnancesurvey.co.uk/id/postcodeunit/PE344RF,PE34 4RF,,,,other,Postcode,554898,313634,3500,18000,,,,,,,Tilney St Lawrence,http://data.ordnancesurvey.co.uk/id/4000000074550579,http://www.ordnancesurvey.co.uk/xml/codelists/localtype.xml#village,King's Lynn and West Norfolk,http://data.ordnancesurvey.co.uk/id/7000000000007016,http://data.ordnancesurvey.co.uk/ontology/admingeo/District,Norfolk,http://data.ordnancesurvey.co.uk/id/7000000000007238,http://data.ordnancesurvey.co.uk/ontology/admingeo/County,Eastern,http://data.ordnancesurvey.co.uk/id/7000000000041425,England,http://data.ordnancesurvey.co.uk/id/country/england,,,
PE344QJ,http://data.ordnancesurvey.co.uk/id/postcodeunit/PE344QJ,PE34 4QJ,,,,other,Postcode,554516,313967,3500,18000,,,,,,,Tilney St Lawrence,http://data.ordnancesurvey.co.uk/id/4000000074550579,http://www.ordnancesurvey.co.uk/xml/codelists/localtype.xml#village,King's Lynn and West Norfolk,http://data.ordnancesurvey.co.uk/id/7000000000007016,http://data.ordnancesurvey.co.uk/ontology/admingeo/District,Norfolk,http://data.ordnancesurvey.co.uk/id/7000000000007238,http://data.ordnancesurvey.co.uk/ontology/admingeo/County,Eastern,http://data.ordnancesurvey.co.uk/id/7000000000041425,England,http://data.ordnancesurvey.co.uk/id/country/england,,,
PE132EH,http://data.ordnancesurvey.co.uk/id/postcodeunit/PE132EH,PE13 2EH,,,,other,Postcode,546978,309876,3500,18000,,,,,,,Wisbech,http://data.ordnancesurvey.co.uk/id/4000000074551318,http://www.ordnancesurvey.co.uk/xml/codelists/localtype.xml#town,Fenland,http://data.ordnancesurvey.co.uk/id/7000000000001357,http://data.ordnancesurvey.co.uk/ontology/admingeo/District,Cambridgeshire,http://data.ordnancesurvey.co.uk/id/7000000000001386,http://data.ordnancesurvey.co.uk/ontology/admingeo/County,Eastern,http://data.ordnancesurvey.co.uk/id/7000000000041425,England,http://data.ordnancesurvey.co.uk/id/country/england,,,
PE135HX,http://data.ordnancesurvey.co.uk/id/postcodeunit/PE135HX,PE13 5HX,,,,other,Postcode,542371,314216,3500,18000,,,,,,,Newton-in-the-Isle,http://data.ordnancesurvey.co.uk/id/4000000074548769,http://www.ordnancesurvey.co.uk/xml/codelists/localtype.xml#village,Fenland,http://data.ordnancesurvey.co.uk/id/7000000000001357,http://data.ordnancesurvey.co.uk/ontology/admingeo/District,Cambridgeshire,http://data.ordnancesurvey.co.uk/id/7000000000001386,http://data.ordnancesurvey.co.uk/ontology/admingeo/County,Eastern,http://data.ordnancesurvey.co.uk/id/7000000000041425,England,http://data.ordnancesurvey.co.uk/id/country/england,,,
PE135AY,http://data.ordnancesurvey.co.uk/id/postcodeunit/PE135AY,PE13 5AY,,,,other,Postcode,544029,310779,3500,18000,,,,,,,Leverington,http://data.ordnancesurvey.co.uk/id/4000000074551313,http://www.ordnancesurvey.co.uk/xml/codelists/localtype.xml#village,Fenland,http://data.ordnancesurvey.co.uk/id/7000000000001357,http://data.ordnancesurvey.co.uk/ontology/admingeo/District,Cambridgeshire,http://data.ordnancesurvey.co.uk/id/7000000000001386,http://data.ordnancesurvey.co.uk/ontology/admingeo/County,Eastern,http://data.ordnancesurvey.co.uk/id/7000000000041425,England,http://data.ordnancesurvey.co.uk/id/country/england,,,
PE132EE,http://data.ordnancesurvey.co.uk/id/postcodeunit/PE132EE,PE13 2EE,,,,other,Postcode,546871,310245,3500,18000,,,,,,,Wisbech,http://data.ordnancesurvey.co.uk/id/4000000074551318,http://www.ordnancesurvey.co.uk/xml/codelists/localtype.xml#town,Fenland,http://data.ordnancesurvey.co.uk/id/7000000000001357,http://data.ordnancesurvey.co.uk/ontology/admingeo/District,Cambridgeshire,http://data.ordnancesurvey.co.uk/id/7000000000001386,http://data.ordnancesurvey.co.uk/ontology/admingeo/County,Eastern,http://data.ordnancesurvey.co.uk/id/7000000000041425,England,http://data.ordnancesurvey.co.uk/id/country/england,,,
PE147PB,http://data.ordnancesurvey.co.uk/id/postcodeunit/PE147PB,PE14 7PB,,,,other,Postcode,550314,316721,3500,18000,,,,,,,Walpole St Peter,http://data.ordnancesurvey.co.uk/id/4000000074550943,http://www.ordnancesurvey.co.uk/xml/codelists/localtype.xml#village,King's Lynn and West Norfolk,http://data.ordnancesurvey.co.uk/id/7000000000007016,http://data.ordnancesurvey.co.uk/ontology/admingeo/District,Norfolk,http://data.ordnancesurvey.co.uk/id/7000000000007238,http://data.ordnancesurvey.co.uk/ontology/admingeo/County,Eastern,http://data.ordnancesurvey.co.uk/id/7000000000041425,England,http://data.ordnancesurvey.co.uk/id/country/england,,,
PE135FH,http://data.ordnancesurvey.co.uk/id/postcodeunit/PE135FH,PE13 5FH,,,,other,Postcode,544133,310981,3500,18000,,,,,,,Leverington,http://data.ordnancesurvey.co.uk/id/4000000074551313,http://www.ordnancesurvey.co.uk/xml/codelists/localtype.xml#village,Fenland,http://data.ordnancesurvey.co.uk/id/7000000000001357,http://data.ordnancesurvey.co.uk/ontology/admingeo/District,Cambridgeshire,http://data.ordnancesurvey.co.uk/id/7000000000001386,http://data.ordnancesurvey.co.uk/ontology/admingeo/County,Eastern,http://data.ordnancesurvey.co.uk/id/7000000000041425,England,http://data.ordnancesurvey.co.uk/id/country/england,,,
PE140DP,http://data.ordnancesurvey.co.uk/id/postcodeunit/PE140DP,PE14 0DP,,,,other,Postcode,547665,307521,3500,18000,,,,,,,Elm,http://data.ordnancesurvey.co.uk/id/4000000074341528,http://www.ordnancesurvey.co.uk/xml/codelists/localtype.xml#village,King's Lynn and West Norfolk,http://data.ordnancesurvey.co.uk/id/7000000000007016,http://data.ordnancesurvey.co.uk/ontology/admingeo/District,Norfolk,http://data.ordnancesurvey.co.uk/id/7000000000007238,http://data.ordnancesurvey.co.uk/ontology/admingeo/County,Eastern,http://data.ordnancesurvey.co.uk/id/7000000000041425,England,http://data.ordnancesurvey.co.uk/id/country/england,,,
PE148RH,http://data.ordnancesurvey.co.uk/id/postcodeunit/PE148RH,PE14 8RH,,,,other,Postcode,551496,303457,3500,18000,,,,,,,Outwell,http://data.ordnancesurvey.co.uk/id/4000000074548389,http://www.ordnancesurvey.co.uk/xml/codelists/localtype.xml#village,King's Lynn and West Norfolk,http://data.ordnancesurvey.co.uk/id/7000000000007016,http://data.ordnancesurvey.co.uk/ontology/admingeo/District,Norfolk,http://data.ordnancesurvey.co.uk/id/7000000000007238,http://data.ordnancesurvey.co.uk/ontology/admingeo/County,Eastern,http://data.ordnancesurvey.co.uk/id/7000000000041425,England,http://data.ordnancesurvey.co.uk/id/country/england,,,
PE147PQ,http://data.ordnancesurvey.co.uk/id/postcodeunit/PE147PQ,PE14 7PQ,,,,other,Postcode,550976,316537,3500,18000,,,,,,,Walpole St Peter,http://data.ordnancesurvey.co.uk/id/4000000074550943,http://www.ordnancesurvey.co.uk/xml/codelists/localtype.xml#village,King's Lynn and West Norfolk,http://data.ordnancesurvey.co.uk/id/7000000000007016,http://data.ordnancesurvey.co.uk/ontology/admingeo/District,Norfolk,http://data.ordnancesurvey.co.uk/id/7000000000007238,http://data.ordnancesurvey.co.uk/ontology/admingeo/County,Eastern,http://data.ordnancesurvey.co.uk/id/7000000000041425,England,http://data.ordnancesurvey.co.uk/id/country/england,,,
PE133UZ,http://data.ordnancesurvey.co.uk/id/postcodeunit/PE133UZ,PE13 3UZ,,,,other,Postcode,546432,309751,3500,18000,,,,,,,Wisbech,http://data.ordnancesurvey.co.uk/id/4000000074551318,http://www.ordnancesurvey.co.uk/xml/codelists/localtype.xml#town,Fenland,http://data.ordnancesurvey.co.uk/id/7000000000001357,http://data.ordnancesurvey.co.uk/ontology/admingeo/District,Cambridgeshire,http://data.ordnancesurvey.co.uk/id/7000000000001386,http://data.ordnancesurvey.co.uk/ontology/admingeo/County,Eastern,http://data.ordnancesurvey.co.uk/id/7000000000041425,England,http://data.ordnancesurvey.co.uk/id/country/england,,,
PE133QH,http://data.ordnancesurvey.co.uk/id/postcodeunit/PE133QH,PE13 3QH,,,,other,Postcode,547300,310502,3500,18000,,,,,,,Wisbech,http://data.ordnancesurvey.co.uk/id/4000000074551318,http://www.ordnancesurvey.co.uk/xml/codelists/localtype.xml#town,Fenland,http://data.ordnancesurvey.co.uk/id/7000000000001357,http://data.ordnancesurvey.co.uk/ontology/admingeo/District,Cambridgeshire,http://data.ordnancesurvey.co.uk/id/7000000000001386,http://data.ordnancesurvey.co.uk/ontology/admingeo/County,Eastern,http://data.ordnancesurvey.co.uk/id/7000000000041425,England,http://data.ordnancesurvey.co.uk/id/country/england,,,
PE149HH,http://data.ordnancesurvey.co.uk/id/postcodeunit/PE149HH,PE14 9HH,,,,other,Postcode,550573,300516,3500,18000,,,,,,,Three Holes,http://data.ordnancesurvey.co.uk/id/4000000074550936,http://www.ordnancesurvey.co.uk/xml/codelists/localtype.xml#village,King's Lynn and West Norfolk,http://data.ordnancesurvey.co.uk/id/7000000000007016,http://data.ordnancesurvey.co.uk/ontology/admingeo/District,Norfolk,http://data.ordnancesurvey.co.uk/id/7000000000007238,http://data.ordnancesurvey.co.uk/ontology/admingeo/County,Eastern,http://data.ordnancesurvey.co.uk/id/7000000000041425,England,http://data.ordnancesurvey.co.uk/id/country/england,,,
PE140BQ,http://data.ordnancesurvey.co.uk/id/postcodeunit/PE140BQ,PE14 0BQ,,,,other,Postcode,546707,306852,3500,18000,,,,,,,Elm,http://data.ordnancesurvey.co.uk/id/4000000074341528,http://www.ordnancesurvey.co.uk/xml/codelists/localtype.xml#village,Fenland,http://data.ordnancesurvey.co.uk/id/7000000000001357,http://data.ordnancesurvey.co.uk/ontology/admingeo/District,Cambridgeshire,http://data.ordnancesurvey.co.uk/id/7000000000001386,http://data.ordnancesurvey.co.uk/ontology/admingeo/County,Eastern,http://data.ordnancesurvey.co.uk/id/7000000000041425,England,http://data.ordnancesurvey.co.uk/id/country/england,,,
PE148DB,http://data.ordnancesurvey.co.uk/id/postcodeunit/PE148DB,PE14 8DB,,,,other,Postcode,551095,308019,3500,18000,,,,,,,,,,King's Lynn and West Norfolk,http://data.ordnancesurvey.co.uk/id/7000000000007016,http://data.ordnancesurvey.co.uk/ontology/admingeo/District,Norfolk,http://data.ordnancesurvey.co.uk/id/7000000000007238,http://data.ordnancesurvey.co.uk/ontology/admingeo/County,Eastern,http://data.ordnancesurvey.co.uk/id/7000000000041425,England,http://data.ordnancesurvey.co.uk/id/country/england,,,
PE135JW,http://data.ordnancesurvey.co.uk/id/postcodeunit/PE135JW,PE13 5JW,,,,other,Postcode,540952,309209,3500,18000,,,,,,,,,,Fenland,http://data.ordnancesurvey.co.uk/id/7000000000001357,http://data.ordnancesurvey.co.uk/ontology/admingeo/District,Cambridgeshire,http://data.ordnancesurvey.co.uk/id/7000000000001386,http://data.ordnancesurvey.co.uk/ontology/admingeo/County,Eastern,http://data.ordnancesurvey.co.uk/id/7000000000041425,England,http://data.ordnancesurvey.co.uk/id/country/england,,,
PE133TT,http://data.ordnancesurvey.co.uk/id/postcodeunit/PE133TT,PE13 3TT,,,,other,Postcode,547793,310291,3500,18000,,,,,,,Wisbech,http://data.ordnancesurvey.co.uk/id/4000000074551318,http://www.ordnancesurvey.co.uk/xml/codelists/localtype.xml#town,Fenland,http://data.ordnancesurvey.co.uk/id/7000000000001357,http://data.ordnancesurvey.co.uk/ontology/admingeo/District,Cambridgeshire,http://data.ordnancesurvey.co.uk/id/7000000000001386,http://data.ordnancesurvey.co.uk/ontology/admingeo/County,Eastern,http://data.ordnancesurvey.co.uk/id/7000000000041425,England,http://data.ordnancesurvey.co.uk/id/country/england,,,
PE148RU,http://data.ordnancesurvey.co.uk/id/postcodeunit/PE148RU,PE14 8RU,,,,other,Postcode,552333,302476,3500,18000,,,,,,,Outwell,http://data.ordnancesurvey.co.uk/id/4000000074548389,http://www.ordnancesurvey.co.uk/xml/codelists/localtype.xml#village,King's Lynn and West Norfolk,http://data.ordnancesurvey.co.uk/id/7000000000007016,http://data.ordnancesurvey.co.uk/ontology/admingeo/District,Norfolk,http://data.ordnancesurvey.co.uk/id/7000000000007238,http://data.ordnancesurvey.co.uk/ontology/admingeo/County,Eastern,http://data.ordnancesurvey.co.uk/id/7000000000041425,England,http://data.ordnancesurvey.co.uk/id/country/england,,,
PE132NE,http://data.ordnancesurvey.co.uk/id/postcodeunit/PE132NE,PE13 2NE,,,,other,Postcode,546499,309246,3500,18000,,,,,,,Wisbech,http://data.ordnancesurvey.co.uk/id/4000000074551318,http://www.ordnancesurvey.co.uk/xml/codelists/localtype.xml#town,Fenland,http://data.ordnancesurvey.co.uk/id/7000000000001357,http://data.ordnancesurvey.co.uk/ontology/admingeo/District,Cambridgeshire,http://data.ordnancesurvey.co.uk/id/7000000000001386,http://data.ordnancesurvey.co.uk/ontology/admingeo/County,Eastern,http://data.ordnancesurvey.co.uk/id/7000000000041425,England,http://data.ordnancesurvey.co.uk/id/country/england,,,
PE132DN,http://data.ordnancesurvey.co.uk/id/postcodeunit/PE132DN,PE13 2DN,,,,other,Postcode,546754,308827,3500,18000,,,,,,,Wisbech,http://data.ordnancesurvey.co.uk/id/4000000074551318,http://www.ordnancesurvey.co.uk/xml/codelists/localtype.xml#town,Fenland,http://data.ordnancesurvey.co.uk/id/7000000000001357,http://data.ordnancesurvey.co.uk/ontology/admingeo/District,Cambridgeshire,http://data.ordnancesurvey.co.uk/id/7000000000001386,http://data.ordnancesurvey.co.uk/ontology/admingeo/County,Eastern,http://data.ordnancesurvey.co.uk/id/7000000000041425,England,http://data.ordnancesurvey.co.uk/id/country/england,,,
PE133DR,http://data.ordnancesurvey.co.uk/id/postcodeunit/PE133DR,PE13 3DR,,,,other,Postcode,546632,310350,3500,18000,,,,,,,Wisbech,http://data.ordnancesurvey.co.uk/id/4000000074551318,http://www.ordnancesurvey.co.uk/xml/codelists/localtype.xml#town,Fenland,http://data.ordnancesurvey.co.uk/id/7000000000001357,http://data.ordnancesurvey.co.uk/ontology/admingeo/District,Cambridgeshire,http://data.ordnancesurvey.co.uk/id/7000000000001386,http://data.ordnancesurvey.co.uk/ontology/admingeo/County,Eastern,http://data.ordnancesurvey.co.uk/id/7000000000041425,England,http://data.ordnancesurvey.co.uk/id/country/england,,,
PE132SR,http://data.ordnancesurvey.co.uk/id/postcodeunit/PE132SR,PE13 2SR,,,,other,Postcode,547003,308875,3500,18000,,,,,,,Wisbech,http://data.ordnancesurvey.co.uk/id/4000000074551318,http://www.ordnancesurvey.co.uk/xml/codelists/localtype.xml#town,Fenland,http://data.ordnancesurvey.co.uk/id/7000000000001357,http://data.ordnancesurvey.co.uk/ontology/admingeo/District,Cambridgeshire,http://data.ordnancesurvey.co.uk/id/7000000000001386,http://data.ordnancesurvey.co.uk/ontology/admingeo/County,Eastern,http://data.ordnancesurvey.co.uk/id/7000000000041425,England,http://data.ordnancesurvey.co.uk/id/country/england,,,
PE132PU,http://data.ordnancesurvey.co.uk/id/postcodeunit/PE132PU,PE13 2PU,,,,other,Postcode,546003,308984,3500,18000,,,,,,,Wisbech,http://data.ordnancesurvey.co.uk/id/4000000074551318,http://www.ordnancesurvey.co.uk/xml/codelists/localtype.xml#town,Fenland,http://data.ordnancesurvey.co.uk/id/7000000000001357,http://data.ordnancesurvey.co.uk/ontology/admingeo/District,Cambridgeshire,http://data.ordnancesurvey.co.uk/id/7000000000001386,http://data.ordnancesurvey.co.uk/ontology/admingeo/County,Eastern,http://data.ordnancesurvey.co.uk/id/7000000000041425,England,http://data.ordnancesurvey.co.uk/id/country/england,,,
PE132PN,http://data.ordnancesurvey.co.uk/id/postcodeunit/PE132PN,PE13 2PN,,,,other,Postcode,546315,308067,3500,18000,,,,,,,Wisbech,http://data.ordnancesurvey.co.uk/id/4000000074551318,http://www.ordnancesurvey.co.uk/xml/codelists/localtype.xml#town,Fenland,http://data.ordnancesurvey.co.uk/id/7000000000001357,http://data.ordnancesurvey.co.uk/ontology/admingeo/District,Cambridgeshire,http://data.ordnancesurvey.co.uk/id/7000000000001386,http://data.ordnancesurvey.co.uk/ontology/admingeo/County,Eastern,http://data.ordnancesurvey.co.uk/id/7000000000041425,England,http://data.ordnancesurvey.co.uk/id/country/england,,,
PE135LX,http://data.ordnancesurvey.co.uk/id/postcodeunit/PE135LX,PE13 5LX,,,,other,Postcode,542673,316146,3500,18000,,,,,,,Tydd St Giles,http://data.ordnancesurvey.co.uk/id/4000000074548770,http://www.ordnancesurvey.co.uk/xml/codelists/localtype.xml#village,Fenland,http://data.ordnancesurvey.co.uk/id/7000000000001357,http://data.ordnancesurvey.co.uk/ontology/admingeo/District,Cambridgeshire,http://data.ordnancesurvey.co.uk/id/7000000000001386,http://data.ordnancesurvey.co.uk/ontology/admingeo/County,Eastern,http://data.ordnancesurvey.co.uk/id/7000000000041425,England,http://data.ordnancesurvey.co.uk/id/country/england,,,
PE144DE,http://data.ordnancesurvey.co.uk/id/postcodeunit/PE144DE,PE14 4DE,,,,other,Postcode,545574,308434,3500,18000,,,,,,,Wisbech,http://data.ordnancesurvey.co.uk/id/4000000074551318,http://www.ordnancesurvey.co.uk/xml/codelists/localtype.xml#town,Fenland,http://data.ordnancesurvey.co.uk/id/7000000000001357,http://data.ordnancesurvey.co.uk/ontology/admingeo/District,Cambridgeshire,http://data.ordnancesurvey.co.uk/id/7000000000001386,http://data.ordnancesurvey.co.uk/ontology/admingeo/County,Eastern,http://data.ordnancesurvey.co.uk/id/7000000000041425,England,http://data.ordnancesurvey.co.uk/id/country/england,,,
PE344SL,http://data.ordnancesurvey.co.uk/id/postcodeunit/PE344SL,PE34 4SL,,,,other,Postcode,556714,318064,3500,18000,,,,,,,Tilney All Saints,http://data.ordnancesurvey.co.uk/id/4000000074550578,http://www.ordnancesurvey.co.uk/xml/codelists/localtype.xml#village,King's Lynn and West Norfolk,http://data.ordnancesurvey.co.uk/id/7000000000007016,http://data.ordnancesurvey.co.uk/ontology/admingeo/District,Norfolk,http://data.ordnancesurvey.co.uk/id/7000000000007238,http://data.ordnancesurvey.co.uk/ontology/admingeo/County,Eastern,http://data.ordnancesurvey.co.uk/id/7000000000041425,England,http://data.ordnancesurvey.co.uk/id/country/england,,,
PE344PL,http://data.ordnancesurvey.co.uk/id/postcodeunit/PE344PL,PE34 4PL,,,,other,Postcode,555100,319234,3500,18000,,,,,,,Terrington St Clement,http://data.ordnancesurvey.co.uk/id/4000000074548395,http://www.ordnancesurvey.co.uk/xml/codelists/localtype.xml#otherSettlement,King's Lynn and West Norfolk,http://data.ordnancesurvey.co.uk/id/7000000000007016,http://data.ordnancesurvey.co.uk/ontology/admingeo/District,Norfolk,http://data.ordnancesurvey.co.uk/id/7000000000007238,http://data.ordnancesurvey.co.uk/ontology/admingeo/County,Eastern,http://data.ordnancesurvey.co.uk/id/7000000000041425,England,http://data.ordnancesurvey.co.uk/id/country/england,,,
PE133AD,http://data.ordnancesurvey.co.uk/id/postcodeunit/PE133AD,PE13 3AD,,,,other,Postcode,546392,309837,3500,18000,,,,,,,Wisbech,http://data.ordnancesurvey.co.uk/id/4000000074551318,http://www.ordnancesurvey.co.uk/xml/codelists/localtype.xml#town,Fenland,http://data.ordnancesurvey.co.uk/id/7000000000001357,http://data.ordnancesurvey.co.uk/ontology/admingeo/District,Cambridgeshire,http://data.ordnancesurvey.co.uk/id/7000000000001386,http://data.ordnancesurvey.co.uk/ontology/admingeo/County,Eastern,http://data.ordnancesurvey.co.uk/id/7000000000041425,England,http://data.ordnancesurvey.co.uk/id/country/england,,,
PE135EN,http://data.ordnancesurvey.co.uk/id/postcodeunit/PE135EN,PE13 5EN,,,,other,Postcode,543478,313018,3500,18000,,,,,,,,,,Fenland,http://data.ordnancesurvey.co.uk/id/7000000000001357,http://data.ordnancesurvey.co.uk/ontology/admingeo/District,Cambridgeshire,http://data.ordnancesurvey.co.uk/id/7000000000001386,http://data.ordnancesurvey.co.uk/ontology/admingeo/County,Eastern,http://data.ordnancesurvey.co.uk/id/7000000000041425,England,http://data.ordnancesurvey.co.uk/id/country/england,,,
PE148AS,http://data.ordnancesurvey.co.uk/id/postcodeunit/PE148AS,PE14 8AS,,,,other,Postcode,548709,306376,3500,18000,,,,,,,Emneth,http://data.ordnancesurvey.co.uk/id/4000000074550948,http://www.ordnancesurvey.co.uk/xml/codelists/localtype.xml#village,King's Lynn and West Norfolk,http://data.ordnancesurvey.co.uk/id/7000000000007016,http://data.ordnancesurvey.co.uk/ontology/admingeo/District,Norfolk,http://data.ordnancesurvey.co.uk/id/7000000000007238,http://data.ordnancesurvey.co.uk/ontology/admingeo/County,Eastern,http://data.ordnancesurvey.co.uk/id/7000000000041425,England,http://data.ordnancesurvey.co.uk/id/country/england,,,
PE149EH,http://data.ordnancesurvey.co.uk/id/postcodeunit/PE149EH,PE14 9EH,,,,other,Postcode,550349,302711,3500,18000,,,,,,,Upwell,http://data.ordnancesurvey.co.uk/id/4000000074550938,http://www.ordnancesurvey.co.uk/xml/codelists/localtype.xml#village,King's Lynn and West Norfolk,http://data.ordnancesurvey.co.uk/id/7000000000007016,http://data.ordnancesurvey.co.uk/ontology/admingeo/District,Norfolk,http://data.ordnancesurvey.co.uk/id/7000000000007238,http://data.ordnancesurvey.co.uk/ontology/admingeo/County,Eastern,http://data.ordnancesurvey.co.uk/id/7000000000041425,England,http://data.ordnancesurvey.co.uk/id/country/england,,,
PE140AY,http://data.ordnancesurvey.co.uk/id/postcodeunit/PE140AY,PE14 0AY,,,,other,Postcode,546702,306225,3500,18000,,,,,,,Elm,http://data.ordnancesurvey.co.uk/id/4000000074341528,http://www.ordnancesurvey.co.uk/xml/codelists/localtype.xml#village,Fenland,http://data.ordnancesurvey.co.uk/id/7000000000001357,http://data.ordnancesurvey.co.uk/ontology/admingeo/District,Cambridgeshire,http://data.ordnancesurvey.co.uk/id/7000000000001386,http://data.ordnancesurvey.co.uk/ontology/admingeo/County,Eastern,http://data.ordnancesurvey.co.uk/id/7000000000041425,England,http://data.ordnancesurvey.co.uk/id/country/england,,,
PE131HT,http://data.ordnancesurvey.co.uk/id/postcodeunit/PE131HT,PE13 1HT,,,,other,Postcode,546128,309417,3500,18000,,,,,,,Wisbech,http://data.ordnancesurvey.co.uk/id/4000000074551318,http://www.ordnancesurvey.co.uk/xml/codelists/localtype.xml#town,Fenland,http://data.ordnancesurvey.co.uk/id/7000000000001357,http://data.ordnancesurvey.co.uk/ontology/admingeo/District,Cambridgeshire,http://data.ordnancesurvey.co.uk/id/7000000000001386,http://data.ordnancesurvey.co.uk/ontology/admingeo/County,Eastern,http://data.ordnancesurvey.co.uk/id/7000000000041425,England,http://data.ordnancesurvey.co.uk/id/country/england,,,
PE148AT,http://data.ordnancesurvey.co.uk/id/postcodeunit/PE148AT,PE14 8AT,,,,other,Postcode,554476,311094,3500,18000,,,,,,,Tilney Fen End,http://data.ordnancesurvey.co.uk/id/4000000074548751,http://www.ordnancesurvey.co.uk/xml/codelists/localtype.xml#hamlet,King's Lynn and West Norfolk,http://data.ordnancesurvey.co.uk/id/7000000000007016,http://data.ordnancesurvey.co.uk/ontology/admingeo/District,Norfolk,http://data.ordnancesurvey.co.uk/id/7000000000007238,http://data.ordnancesurvey.co.uk/ontology/admingeo/County,Eastern,http://data.ordnancesurvey.co.uk/id/7000000000041425,England,http://data.ordnancesurvey.co.uk/id/country/england,,,
PE131LL,http://data.ordnancesurvey.co.uk/id/postcodeunit/PE131LL,PE13 1LL,,,,other,Postcode,545352,308878,3500,18000,,,,,,,Wisbech,http://data.ordnancesurvey.co.uk/id/4000000074551318,http://www.ordnancesurvey.co.uk/xml/codelists/localtype.xml#town,Fenland,http://data.ordnancesurvey.co.uk/id/7000000000001357,http://data.ordnancesurvey.co.uk/ontology/admingeo/District,Cambridgeshire,http://data.ordnancesurvey.co.uk/id/7000000000001386,http://data.ordnancesurvey.co.uk/ontology/admingeo/County,Eastern,http://data.ordnancesurvey.co.uk/id/7000000000041425,England,http://data.ordnancesurvey.co.uk/id/country/england,,,
PE148BH,http://data.ordnancesurvey.co.uk/id/postcodeunit/PE148BH,PE14 8BH,,,,other,Postcode,549586,306923,3500,18000,,,,,,,Emneth,http://data.ordnancesurvey.co.uk/id/4000000074550948,http://www.ordnancesurvey.co.uk/xml/codelists/localtype.xml#village,King's Lynn and West Norfolk,http://data.ordnancesurvey.co.uk/id/7000000000007016,http://data.ordnancesurvey.co.uk/ontology/admingeo/District,Norfolk,http://data.ordnancesurvey.co.uk/id/7000000000007238,http://data.ordnancesurvey.co.uk/ontology/admingeo/County,Eastern,http://data.ordnancesurvey.co.uk/id/7000000000041425,England,http://data.ordnancesurvey.co.uk/id/country/england,,,
PE134TD,http://data.ordnancesurvey.co.uk/id/postcodeunit/PE134TD,PE13 4TD,,,,other,Postcode,544671,309100,3500,18000,,,,,,,Wisbech,http://data.ordnancesurvey.co.uk/id/4000000074551318,http://www.ordnancesurvey.co.uk/xml/codelists/localtype.xml#town,Fenland,http://data.ordnancesurvey.co.uk/id/7000000000001357,http://data.ordnancesurvey.co.uk/ontology/admingeo/District,Cambridgeshire,http://data.ordnancesurvey.co.uk/id/7000000000001386,http://data.ordnancesurvey.co.uk/ontology/admingeo/County,Eastern,http://data.ordnancesurvey.co.uk/id/7000000000041425,England,http://data.ordnancesurvey.co.uk/id/country/england,,,
PE131LJ,http://data.ordnancesurvey.co.uk/id/postcodeunit/PE131LJ,PE13 1LJ,,,,other,Postcode,545268,309093,3500,18000,,,,,,,Wisbech,http://data.ordnancesurvey.co.uk/id/4000000074551318,http://www.ordnancesurvey.co.uk/xml/codelists/localtype.xml#town,Fenland,http://data.ordnancesurvey.co.uk/id/7000000000001357,http://data.ordnancesurvey.co.uk/ontology/admingeo/District,Cambridgeshire,http://data.ordnancesurvey.co.uk/id/7000000000001386,http://data.ordnancesurvey.co.uk/ontology/admingeo/County,Eastern,http://data.ordnancesurvey.co.uk/id/7000000000041425,England,http://data.ordnancesurvey.co.uk/id/country/england,,,
PE149EW,http://data.ordnancesurvey.co.uk/id/postcodeunit/PE149EW,PE14 9EW,,,,other,Postcode,549686,301884,3500,18000,,,,,,,Upwell,http://data.ordnancesurvey.co.uk/id/4000000074550938,http://www.ordnancesurvey.co.uk/xml/codelists/localtype.xml#village,King's Lynn and West Norfolk,http://data.ordnancesurvey.co.uk/id/7000000000007016,http://data.ordnancesurvey.co.uk/ontology/admingeo/District,Norfolk,http://data.ordnancesurvey.co.uk/id/7000000000007238,http://data.ordnancesurvey.co.uk/ontology/admingeo/County,Eastern,http://data.ordnancesurvey.co.uk/id/7000000000041425,England,http://data.ordnancesurvey.co.uk/id/country/england,,,
PE140LL,http://data.ordnancesurvey.co.uk/id/postcodeunit/PE140LL,PE14 0LL,,,,other,Postcode,547382,302731,3500,18000,,,,,,,,,,Fenland,http://data.ordnancesurvey.co.uk/id/7000000000001357,http://data.ordnancesurvey.co.uk/ontology/admingeo/District,Cambridgeshire,http://data.ordnancesurvey.co.uk/id/7000000000001386,http://data.ordnancesurvey.co.uk/ontology/admingeo/County,Eastern,http://data.ordnancesurvey.co.uk/id/7000000000041425,England,http://data.ordnancesurvey.co.uk/id/country/england,,,
PE147SA,http://data.ordnancesurvey.co.uk/id/postcodeunit/PE147SA,PE14 7SA,,,,other,Postcode,554156,316169,3500,18000,,,,,,,Terrington St John,http://data.ordnancesurvey.co.uk/id/4000000074550941,http://www.ordnancesurvey.co.uk/xml/codelists/localtype.xml#village,King's Lynn and West Norfolk,http://data.ordnancesurvey.co.uk/id/7000000000007016,http://data.ordnancesurvey.co.uk/ontology/admingeo/District,Norfolk,http://data.ordnancesurvey.co.uk/id/7000000000007238,http://data.ordnancesurvey.co.uk/ontology/admingeo/County,Eastern,http://data.ordnancesurvey.co.uk/id/7000000000041425,England,http://data.ordnancesurvey.co.uk/id/country/england,,,
PE147TD,http://data.ordnancesurvey.co.uk/id/postcodeunit/PE147TD,PE14 7TD,,,,other,Postcode,553863,314261,3500,18000,,,,,,,Terrington St John,http://data.ordnancesurvey.co.uk/id/4000000074550941,http://www.ordnancesurvey.co.uk/xml/codelists/localtype.xml#village,King's Lynn and West Norfolk,http://data.ordnancesurvey.co.uk/id/7000000000007016,http://data.ordnancesurvey.co.uk/ontology/admingeo/District,Norfolk,http://data.ordnancesurvey.co.uk/id/7000000000007238,http://data.ordnancesurvey.co.uk/ontology/admingeo/County,Eastern,http://data.ordnancesurvey.co.uk/id/7000000000041425,England,http://data.ordnancesurvey.co.uk/id/country/england,,,
PE131AS,http://data.ordnancesurvey.co.uk/id/postcodeunit/PE131AS,PE13 1AS,,,,other,Postcode,546139,309777,3500,18000,,,,,,,Wisbech,http://data.ordnancesurvey.co.uk/id/4000000074551318,http://www.ordnancesurvey.co.uk/xml/codelists/localtype.xml#town,Fenland,http://data.ordnancesurvey.co.uk/id/7000000000001357,http://data.ordnancesurvey.co.uk/ontology/admingeo/District,Cambridgeshire,http://data.ordnancesurvey.co.uk/id/7000000000001386,http://data.ordnancesurvey.co.uk/ontology/admingeo/County,Eastern,http://data.ordnancesurvey.co.uk/id/7000000000041425,England,http://data.ordnancesurvey.co.uk/id/country/england,,,
PE135ND,http://data.ordnancesurvey.co.uk/id/postcodeunit/PE135ND,PE13 5ND,,,,other,Postcode,544256,317378,3500,18000,,,,,,,,,,Fenland,http://data.ordnancesurvey.co.uk/id/7000000000001357,http://data.ordnancesurvey.co.uk/ontology/admingeo/District,Cambridgeshire,http://data.ordnancesurvey.co.uk/id/7000000000001386,http://data.ordnancesurvey.co.uk/ontology/admingeo/County,Eastern,http://data.ordnancesurvey.co.uk/id/7000000000041425,England,http://data.ordnancesurvey.co.uk/id/country/england,,,
PE135DA,http://data.ordnancesurvey.co.uk/id/postcodeunit/PE135DA,PE13 5DA,,,,other,Postcode,544586,311577,3500,18000,,,,,,,Leverington,http://data.ordnancesurvey.co.uk/id/4000000074551313,http://www.ordnancesurvey.co.uk/xml/codelists/localtype.xml#village,Fenland,http://data.ordnancesurvey.co.uk/id/7000000000001357,http://data.ordnancesurvey.co.uk/ontology/admingeo/District,Cambridgeshire,http://data.ordnancesurvey.co.uk/id/7000000000001386,http://data.ordnancesurvey.co.uk/ontology/admingeo/County,Eastern,http://data.ordnancesurvey.co.uk/id/7000000000041425,England,http://data.ordnancesurvey.co.uk/id/country/england,,,
PE343DJ,http://data.ordnancesurvey.co.uk/id/postcodeunit/PE343DJ,PE34 3DJ,,,,other,Postcode,559741,310689,3500,18000,,,,,,,Wiggenhall St Mary Magdalen,http://data.ordnancesurvey.co.uk/id/4000000074548392,http://www.ordnancesurvey.co.uk/xml/codelists/localtype.xml#village,King's Lynn and West Norfolk,http://data.ordnancesurvey.co.uk/id/7000000000007016,http://data.ordnancesurvey.co.uk/ontology/admingeo/District,Norfolk,http://data.ordnancesurvey.co.uk/id/7000000000007238,http://data.ordnancesurvey.co.uk/ontology/admingeo/County,Eastern,http://data.ordnancesurvey.co.uk/id/7000000000041425,England,http://data.ordnancesurvey.co.uk/id/country/england,,,
PE132QL,http://data.ordnancesurvey.co.uk/id/postcodeunit/PE132QL,PE13 2QL,,,,other,Postcode,546347,309132,3500,18000,,,,,,,Wisbech,http://data.ordnancesurvey.co.uk/id/4000000074551318,http://www.ordnancesurvey.co.uk/xml/codelists/localtype.xml#town,Fenland,http://data.ordnancesurvey.co.uk/id/7000000000001357,http://data.ordnancesurvey.co.uk/ontology/admingeo/District,Cambridgeshire,http://data.ordnancesurvey.co.uk/id/7000000000001386,http://data.ordnancesurvey.co.uk/ontology/admingeo/County,Eastern,http://data.ordnancesurvey.co.uk/id/7000000000041425,England,http://data.ordnancesurvey.co.uk/id/country/england,,,
PE149DF,http://data.ordnancesurvey.co.uk/id/postcodeunit/PE149DF,PE14 9DF,,,,other,Postcode,550275,302763,3500,18000,,,,,,,Upwell,http://data.ordnancesurvey.co.uk/id/4000000074550938,http://www.ordnancesurvey.co.uk/xml/codelists/localtype.xml#village,King's Lynn and West Norfolk,http://data.ordnancesurvey.co.uk/id/7000000000007016,http://data.ordnancesurvey.co.uk/ontology/admingeo/District,Norfolk,http://data.ordnancesurvey.co.uk/id/7000000000007238,http://data.ordnancesurvey.co.uk/ontology/admingeo/County,Eastern,http://data.ordnancesurvey.co.uk/id/7000000000041425,England,http://data.ordnancesurvey.co.uk/id/country/england,,,
PE132BW,http://data.ordnancesurvey.co.uk/id/postcodeunit/PE132BW,PE13 2BW,,,,other,Postcode,547258,309335,3500,18000,,,,,,,Wisbech,http://data.ordnancesurvey.co.uk/id/4000000074551318,http://www.ordnancesurvey.co.uk/xml/codelists/localtype.xml#town,Fenland,http://data.ordnancesurvey.co.uk/id/7000000000001357,http://data.ordnancesurvey.co.uk/ontology/admingeo/District,Cambridgeshire,http://data.ordnancesurvey.co.uk/id/7000000000001386,http://data.ordnancesurvey.co.uk/ontology/admingeo/County,Eastern,http://data.ordnancesurvey.co.uk/id/7000000000041425,England,http://data.ordnancesurvey.co.uk/id/country/england,,,
PE133ER,http://data.ordnancesurvey.co.uk/id/postcodeunit/PE133ER,PE13 3ER,,,,other,Postcode,547141,311152,3500,18000,,,,,,,Wisbech,http://data.ordnancesurvey.co.uk/id/4000000074551318,http://www.ordnancesurvey.co.uk/xml/codelists/localtype.xml#town,Fenland,http://data.ordnancesurvey.co.uk/id/7000000000001357,http://data.ordnancesurvey.co.uk/ontology/admingeo/District,Cambridgeshire,http://data.ordnancesurvey.co.uk/id/7000000000001386,http://data.ordnancesurvey.co.uk/ontology/admingeo/County,Eastern,http://data.ordnancesurvey.co.uk/id/7000000000041425,England,http://data.ordnancesurvey.co.uk/id/country/england,,,
PE147AL,http://data.ordnancesurvey.co.uk/id/postcodeunit/PE147AL,PE14 7AL,,,,other,Postcode,547565,311219,3500,18000,,,,,,,,,,King's Lynn and West Norfolk,http://data.ordnancesurvey.co.uk/id/7000000000007016,http://data.ordnancesurvey.co.uk/ontology/admingeo/District,Norfolk,http://data.ordnancesurvey.co.uk/id/7000000000007238,http://data.ordnancesurvey.co.uk/ontology/admingeo/County,Eastern,http://data.ordnancesurvey.co.uk/id/7000000000041425,England,http://data.ordnancesurvey.co.uk/id/country/england,,,
PE148SQ,http://data.ordnancesurvey.co.uk/id/postcodeunit/PE148SQ,PE14 8SQ,,,,other,Postcode,552145,304018,3500,18000,,,,,,,Outwell,http://data.ordnancesurvey.co.uk/id/4000000074548389,http://www.ordnancesurvey.co.uk/xml/codelists/localtype.xml#village,King's Lynn and West Norfolk,http://data.ordnancesurvey.co.uk/id/7000000000007016,http://data.ordnancesurvey.co.uk/ontology/admingeo/District,Norfolk,http://data.ordnancesurvey.co.uk/id/7000000000007238,http://data.ordnancesurvey.co.uk/ontology/admingeo/County,Eastern,http://data.ordnancesurvey.co.uk/id/7000000000041425,England,http://data.ordnancesurvey.co.uk/id/country/england,,,
PE343EX,http://data.ordnancesurvey.co.uk/id/postcodeunit/PE343EX,PE34 3EX,,,,other,Postcode,559643,314138,3500,18000,,,,,,,Wiggenhall St Germans,http://data.ordnancesurvey.co.uk/id/4000000074550213,http://www.ordnancesurvey.co.uk/xml/codelists/localtype.xml#village,King's Lynn and West Norfolk,http://data.ordnancesurvey.co.uk/id/7000000000007016,http://data.ordnancesurvey.co.uk/ontology/admingeo/District,Norfolk,http://data.ordnancesurvey.co.uk/id/7000000000007238,http://data.ordnancesurvey.co.uk/ontology/admingeo/County,Eastern,http://data.ordnancesurvey.co.uk/id/7000000000041425,England,http://data.ordnancesurvey.co.uk/id/country/england,,,
PE132SP,http://data.ordnancesurvey.co.uk/id/postcodeunit/PE132SP,PE13 2SP,,,,other,Postcode,547060,308753,3500,18000,,,,,,,Wisbech,http://data.ordnancesurvey.co.uk/id/4000000074551318,http://www.ordnancesurvey.co.uk/xml/codelists/localtype.xml#town,Fenland,http://data.ordnancesurvey.co.uk/id/7000000000001357,http://data.ordnancesurvey.co.uk/ontology/admingeo/District,Cambridgeshire,http://data.ordnancesurvey.co.uk/id/7000000000001386,http://data.ordnancesurvey.co.uk/ontology/admingeo/County,Eastern,http://data.ordnancesurvey.co.uk/id/7000000000041425,England,http://data.ordnancesurvey.co.uk/id/country/england,,,
PE140LT,http://data.ordnancesurvey.co.uk/id/postcodeunit/PE140LT,PE14 0LT,,,,other,Postcode,546834,304868,3500,18000,,,,,,,Friday Bridge,http://data.ordnancesurvey.co.uk/id/4000000074550225,http://www.ordnancesurvey.co.uk/xml/codelists/localtype.xml#village,Fenland,http://data.ordnancesurvey.co.uk/id/7000000000001357,http://data.ordnancesurvey.co.uk/ontology/admingeo/District,Cambridgeshire,http://data.ordnancesurvey.co.uk/id/7000000000001386,http://data.ordnancesurvey.co.uk/ontology/admingeo/County,Eastern,http://data.ordnancesurvey.co.uk/id/7000000000041425,England,http://data.ordnancesurvey.co.uk/id/country/england,,,
PE148PY,http://data.ordnancesurvey.co.uk/id/postcodeunit/PE148PY,PE14 8PY,,,,other,Postcode,551972,305397,3500,18000,,,,,,,,,,King's Lynn and West Norfolk,http://data.ordnancesurvey.co.uk/id/7000000000007016,http://data.ordnancesurvey.co.uk/ontology/admingeo/District,Norfolk,http://data.ordnancesurvey.co.uk/id/7000000000007238,http://data.ordnancesurvey.co.uk/ontology/admingeo/County,Eastern,http://data.ordnancesurvey.co.uk/id/7000000000041425,England,http://data.ordnancesurvey.co.uk/id/country/england,,,
PE344PX,http://data.ordnancesurvey.co.uk/id/postcodeunit/PE344PX,PE34 4PX,,,,other,Postcode,553364,318276,3500,18000,,,,,,,,,,King's Lynn and West Norfolk,http://data.ordnancesurvey.co.uk/id/7000000000007016,http://data.ordnancesurvey.co.uk/ontology/admingeo/District,Norfolk,http://data.ordnancesurvey.co.uk/id/7000000000007238,http://data.ordnancesurvey.co.uk/ontology/admingeo/County,Eastern,http://data.ordnancesurvey.co.uk/id/7000000000041425,England,http://data.ordnancesurvey.co.uk/id/country/england,,,
PE147AZ,http://data.ordnancesurvey.co.uk/id/postcodeunit/PE147AZ,PE14 7AZ,,,,other,Postcode,548724,311171,3500,18000,,,,,,,,,,King's Lynn and West Norfolk,http://data.ordnancesurvey.co.uk/id/7000000000007016,http://data.ordnancesurvey.co.uk/ontology/admingeo/District,Norfolk,http://data.ordnancesurvey.co.uk/id/7000000000007238,http://data.ordnancesurvey.co.uk/ontology/admingeo/County,Eastern,http://data.ordnancesurvey.co.uk/id/7000000000041425,England,http://data.ordnancesurvey.co.uk/id/country/england,,,
PE131PU,http://data.ordnancesurvey.co.uk/id/postcodeunit/PE131PU,PE13 1PU,,,,other,Postcode,545517,310899,3500,18000,,,,,,,Wisbech,http://data.ordnancesurvey.co.uk/id/4000000074551318,http://www.ordnancesurvey.co.uk/xml/codelists/localtype.xml#town,Fenland,http://data.ordnancesurvey.co.uk/id/7000000000001357,http://data.ordnancesurvey.co.uk/ontology/admingeo/District,Cambridgeshire,http://data.ordnancesurvey.co.uk/id/7000000000001386,http://data.ordnancesurvey.co.uk/ontology/admingeo/County,Eastern,http://data.ordnancesurvey.co.uk/id/7000000000041425,England,http://data.ordnancesurvey.co.uk/id/country/england,,,
PE149BN,http://data.ordnancesurvey.co.uk/id/postcodeunit/PE149BN,PE14 9BN,,,,other,Postcode,552853,301784,3500,18000,,,,,,,,,,King's Lynn and West Norfolk,http://data.ordnancesurvey.co.uk/id/7000000000007016,http://data.ordnancesurvey.co.uk/ontology/admingeo/District,Norfolk,http://data.ordnancesurvey.co.uk/id/7000000000007238,http://data.ordnancesurvey.co.uk/ontology/admingeo/County,Eastern,http://data.ordnancesurvey.co.uk/id/7000000000041425,England,http://data.ordnancesurvey.co.uk/id/country/england,,,
PE131BA,http://data.ordnancesurvey.co.uk/id/postcodeunit/PE131BA,PE13 1BA,,,,other,Postcode,546169,309761,3500,18000,,,,,,,Wisbech,http://data.ordnancesurvey.co.uk/id/4000000074551318,http://www.ordnancesurvey.co.uk/xml/codelists/localtype.xml#town,Fenland,http://data.ordnancesurvey.co.uk/id/7000000000001357,http://data.ordnancesurvey.co.uk/ontology/admingeo/District,Cambridgeshire,http://data.ordnancesurvey.co.uk/id/7000000000001386,http://data.ordnancesurvey.co.uk/ontology/admingeo/County,Eastern,http://data.ordnancesurvey.co.uk/id/7000000000041425,England,http://data.ordnancesurvey.co.uk/id/country/england,,,
PE147RE,http://data.ordnancesurvey.co.uk/id/postcodeunit/PE147RE,PE14 7RE,,,,other,Postcode,551333,313078,3500,18000,,,,,,,,,,King's Lynn and West Norfolk,http://data.ordnancesurvey.co.uk/id/7000000000007016,http://data.ordnancesurvey.co.uk/ontology/admingeo/District,Norfolk,http://data.ordnancesurvey.co.uk/id/7000000000007238,http://data.ordnancesurvey.co.uk/ontology/admingeo/County,Eastern,http://data.ordnancesurvey.co.uk/id/7000000000041425,England,http://data.ordnancesurvey.co.uk/id/country/england,,,
PE147AN,http://data.ordnancesurvey.co.uk/id/postcodeunit/PE147AN,PE14 7AN,,,,other,Postcode,547787,311610,3500,18000,,,,,,,,,,King's Lynn and West Norfolk,http://data.ordnancesurvey.co.uk/id/7000000000007016,http://data.ordnancesurvey.co.uk/ontology/admingeo/District,Norfolk,http://data.ordnancesurvey.co.uk/id/7000000000007238,http://data.ordnancesurvey.co.uk/ontology/admingeo/County,Eastern,http://data.ordnancesurvey.co.uk/id/7000000000041425,England,http://data.ordnancesurvey.co.uk/id/country/england,,,
PE147HL,http://data.ordnancesurvey.co.uk/id/postcodeunit/PE147HL,PE14 7HL,,,,other,Postcode,549319,317302,3500,18000,,,,,,,,,,King's Lynn and West Norfolk,http://data.ordnancesurvey.co.uk/id/7000000000007016,http://data.ordnancesurvey.co.uk/ontology/admingeo/District,Norfolk,http://data.ordnancesurvey.co.uk/id/7000000000007238,http://data.ordnancesurvey.co.uk/ontology/admingeo/County,Eastern,http://data.ordnancesurvey.co.uk/id/7000000000041425,England,http://data.ordnancesurvey.co.uk/id/country/england,,,
PE132BY,http://data.ordnancesurvey.co.uk/id/postcodeunit/PE132BY,PE13 2BY,,,,other,Postcode,546636,309555,3500,18000,,,,,,,Wisbech,http://data.ordnancesurvey.co.uk/id/4000000074551318,http://www.ordnancesurvey.co.uk/xml/codelists/localtype.xml#town,Fenland,http://data.ordnancesurvey.co.uk/id/7000000000001357,http://data.ordnancesurvey.co.uk/ontology/admingeo/District,Cambridgeshire,http://data.ordnancesurvey.co.uk/id/7000000000001386,http://data.ordnancesurvey.co.uk/ontology/admingeo/County,Eastern,http://data.ordnancesurvey.co.uk/id/7000000000041425,England,http://data.ordnancesurvey.co.uk/id/country/england,,,
PE131EB,http://data.ordnancesurvey.co.uk/id/postcodeunit/PE131EB,PE13 1EB,,,,other,Postcode,546101,309595,3500,18000,,,,,,,Wisbech,http://data.ordnancesurvey.co.uk/id/4000000074551318,http://www.ordnancesurvey.co.uk/xml/codelists/localtype.xml#town,Fenland,http://data.ordnancesurvey.co.uk/id/7000000000001357,http://data.ordnancesurvey.co.uk/ontology/admingeo/District,Cambridgeshire,http://data.ordnancesurvey.co.uk/id/7000000000001386,http://data.ordnancesurvey.co.uk/ontology/admingeo/County,Eastern,http://data.ordnancesurvey.co.uk/id/7000000000041425,England,http://data.ordnancesurvey.co.uk/id/country/england,,,
PE135FJ,http://data.ordnancesurvey.co.uk/id/postcodeunit/PE135FJ,PE13 5FJ,,,,other,Postcode,544423,312298,3500,18000,,,,,,,Leverington,http://data.ordnancesurvey.co.uk/id/4000000074551313,http://www.ordnancesurvey.co.uk/xml/codelists/localtype.xml#village,Fenland,http://data.ordnancesurvey.co.uk/id/7000000000001357,http://data.ordnancesurvey.co.uk/ontology/admingeo/District,Cambridgeshire,http://data.ordnancesurvey.co.uk/id/7000000000001386,http://data.ordnancesurvey.co.uk/ontology/admingeo/County,Eastern,http://data.ordnancesurvey.co.uk/id/7000000000041425,England,http://data.ordnancesurvey.co.uk/id/country/england,,,
PE133NS,http://data.ordnancesurvey.co.uk/id/postcodeunit/PE133NS,PE13 3NS,,,,other,Postcode,546545,310895,3500,18000,,,,,,,Wisbech,http://data.ordnancesurvey.co.uk/id/4000000074551318,http://www.ordnancesurvey.co.uk/xml/codelists/localtype.xml#town,Fenland,http://data.ordnancesurvey.co.uk/id/7000000000001357,http://data.ordnancesurvey.co.uk/ontology/admingeo/District,Cambridgeshire,http://data.ordnancesurvey.co.uk/id/7000000000001386,http://data.ordnancesurvey.co.uk/ontology/admingeo/County,Eastern,http://data.ordnancesurvey.co.uk/id/7000000000041425,England,http://data.ordnancesurvey.co.uk/id/country/england,,,
PE140LG,http://data.ordnancesurvey.co.uk/id/postcodeunit/PE140LG,PE14 0LG,,,,other,Postcode,549168,304048,3500,18000,,,,,,,,,,Fenland,http://data.ordnancesurvey.co.uk/id/7000000000001357,http://data.ordnancesurvey.co.uk/ontology/admingeo/District,Cambridgeshire,http://data.ordnancesurvey.co.uk/id/7000000000001386,http://data.ordnancesurvey.co.uk/ontology/admingeo/County,Eastern,http://data.ordnancesurvey.co.uk/id/7000000000041425,England,http://data.ordnancesurvey.co.uk/id/country/england,,,
PE343AY,http://data.ordnancesurvey.co.uk/id/postcodeunit/PE343AY,PE34 3AY,,,,other,Postcode,559617,312004,3500,18000,,,,,,,,,,King's Lynn and West Norfolk,http://data.ordnancesurvey.co.uk/id/7000000000007016,http://data.ordnancesurvey.co.uk/ontology/admingeo/District,Norfolk,http://data.ordnancesurvey.co.uk/id/7000000000007238,http://data.ordnancesurvey.co.uk/ontology/admingeo/County,Eastern,http://data.ordnancesurvey.co.uk/id/7000000000041425,England,http://data.ordnancesurvey.co.uk/id/country/england,,,
PE344HT,http://data.ordnancesurvey.co.uk/id/postcodeunit/PE344HT,PE34 4HT,,,,other,Postcode,554499,313717,3500,18000,,,,,,,Tilney St Lawrence,http://data.ordnancesurvey.co.uk/id/4000000074550579,http://www.ordnancesurvey.co.uk/xml/codelists/localtype.xml#village,King's Lynn and West Norfolk,http://data.ordnancesurvey.co.uk/id/7000000000007016,http://data.ordnancesurvey.co.uk/ontology/admingeo/District,Norfolk,http://data.ordnancesurvey.co.uk/id/7000000000007238,http://data.ordnancesurvey.co.uk/ontology/admingeo/County,Eastern,http://data.ordnancesurvey.co.uk/id/7000000000041425,England,http://data.ordnancesurvey.co.uk/id/country/england,,,
PE133DX,http://data.ordnancesurvey.co.uk/id/postcodeunit/PE133DX,PE13 3DX,,,,other,Postcode,546645,310391,3500,18000,,,,,,,Wisbech,http://data.ordnancesurvey.co.uk/id/4000000074551318,http://www.ordnancesurvey.co.uk/xml/codelists/localtype.xml#town,Fenland,http://data.ordnancesurvey.co.uk/id/7000000000001357,http://data.ordnancesurvey.co.uk/ontology/admingeo/District,Cambridgeshire,http://data.ordnancesurvey.co.uk/id/7000000000001386,http://data.ordnancesurvey.co.uk/ontology/admingeo/County,Eastern,http://data.ordnancesurvey.co.uk/id/7000000000041425,England,http://data.ordnancesurvey.co.uk/id/country/england,,,
PE147HW,http://data.ordnancesurvey.co.uk/id/postcodeunit/PE147HW,PE14 7HW,,,,other,Postcode,549249,316896,3500,18000,,,,,,,,,,King's Lynn and West Norfolk,http://data.ordnancesurvey.co.uk/id/7000000000007016,http://data.ordnancesurvey.co.uk/ontology/admingeo/District,Norfolk,http://data.ordnancesurvey.co.uk/id/7000000000007238,http://data.ordnancesurvey.co.uk/ontology/admingeo/County,Eastern,http://data.ordnancesurvey.co.uk/id/7000000000041425,England,http://data.ordnancesurvey.co.uk/id/country/england,,,
PE133HR,http://data.ordnancesurvey.co.uk/id/postcodeunit/PE133HR,PE13 3HR,,,,other,Postcode,546757,310748,3500,18000,,,,,,,Wisbech,http://data.ordnancesurvey.co.uk/id/4000000074551318,http://www.ordnancesurvey.co.uk/xml/codelists/localtype.xml#town,Fenland,http://data.ordnancesurvey.co.uk/id/7000000000001357,http://data.ordnancesurvey.co.uk/ontology/admingeo/District,Cambridgeshire,http://data.ordnancesurvey.co.uk/id/7000000000001386,http://data.ordnancesurvey.co.uk/ontology/admingeo/County,Eastern,http://data.ordnancesurvey.co.uk/id/7000000000041425,England,http://data.ordnancesurvey.co.uk/id/country/england,,,
PE134NS,http://data.ordnancesurvey.co.uk/id/postcodeunit/PE134NS,PE13 4NS,,,,other,Postcode,541548,310145,3500,18000,,,,,,,,,,Fenland,http://data.ordnancesurvey.co.uk/id/7000000000001357,http://data.ordnancesurvey.co.uk/ontology/admingeo/District,Cambridgeshire,http://data.ordnancesurvey.co.uk/id/7000000000001386,http://data.ordnancesurvey.co.uk/ontology/admingeo/County,Eastern,http://data.ordnancesurvey.co.uk/id/7000000000041425,England,http://data.ordnancesurvey.co.uk/id/country/england,,,
PE133QN,http://data.ordnancesurvey.co.uk/id/postcodeunit/PE133QN,PE13 3QN,,,,other,Postcode,547312,310355,3500,18000,,,,,,,Wisbech,http://data.ordnancesurvey.co.uk/id/4000000074551318,http://www.ordnancesurvey.co.uk/xml/codelists/localtype.xml#town,Fenland,http://data.ordnancesurvey.co.uk/id/7000000000001357,http://data.ordnancesurvey.co.uk/ontology/admingeo/District,Cambridgeshire,http://data.ordnancesurvey.co.uk/id/7000000000001386,http://data.ordnancesurvey.co.uk/ontology/admingeo/County,Eastern,http://data.ordnancesurvey.co.uk/id/7000000000041425,England,http://data.ordnancesurvey.co.uk/id/country/england,,,
PE135NH,http://data.ordnancesurvey.co.uk/id/postcodeunit/PE135NH,PE13 5NH,,,,other,Postcode,540872,316079,3500,18000,,,,,,,,,,Fenland,http://data.ordnancesurvey.co.uk/id/7000000000001357,http://data.ordnancesurvey.co.uk/ontology/admingeo/District,Cambridgeshire,http://data.ordnancesurvey.co.uk/id/7000000000001386,http://data.ordnancesurvey.co.uk/ontology/admingeo/County,Eastern,http://data.ordnancesurvey.co.uk/id/7000000000041425,England,http://data.ordnancesurvey.co.uk/id/country/england,,,
PE135RH,http://data.ordnancesurvey.co.uk/id/postcodeunit/PE135RH,PE13 5RH,,,,other,Postcode,543964,318563,3500,18000,,,,,,,Tydd St Mary,http://data.ordnancesurvey.co.uk/id/4000000074548410,http://www.ordnancesurvey.co.uk/xml/codelists/localtype.xml#village,South Holland,http://data.ordnancesurvey.co.uk/id/7000000000005599,http://data.ordnancesurvey.co.uk/ontology/admingeo/District,Lincolnshire,http://data.ordnancesurvey.co.uk/id/7000000000005942,http://data.ordnancesurvey.co.uk/ontology/admingeo/County,East Midlands,http://data.ordnancesurvey.co.uk/id/7000000000041423,England,http://data.ordnancesurvey.co.uk/id/country/england,,,
PE133SX,http://data.ordnancesurvey.co.uk/id/postcodeunit/PE133SX,PE13 3SX,,,,other,Postcode,547538,309865,3500,18000,,,,,,,Wisbech,http://data.ordnancesurvey.co.uk/id/4000000074551318,http://www.ordnancesurvey.co.uk/xml/codelists/localtype.xml#town,Fenland,http://data.ordnancesurvey.co.uk/id/7000000000001357,http://data.ordnancesurvey.co.uk/ontology/admingeo/District,Cambridgeshire,http://data.ordnancesurvey.co.uk/id/7000000000001386,http://data.ordnancesurvey.co.uk/ontology/admingeo/County,Eastern,http://data.ordnancesurvey.co.uk/id/7000000000041425,England,http://data.ordnancesurvey.co.uk/id/country/england,,,
PE132WH,http://data.ordnancesurvey.co.uk/id/postcodeunit/PE132WH,PE13 2WH,,,,other,Postcode,545574,308434,3500,18000,,,,,,,Wisbech,http://data.ordnancesurvey.co.uk/id/4000000074551318,http://www.ordnancesurvey.co.uk/xml/codelists/localtype.xml#town,Fenland,http://data.ordnancesurvey.co.uk/id/7000000000001357,http://data.ordnancesurvey.co.uk/ontology/admingeo/District,Cambridgeshire,http://data.ordnancesurvey.co.uk/id/7000000000001386,http://data.ordnancesurvey.co.uk/ontology/admingeo/County,Eastern,http://data.ordnancesurvey.co.uk/id/7000000000041425,England,http://data.ordnancesurvey.co.uk/id/country/england,,,
PE140DD,http://data.ordnancesurvey.co.uk/id/postcodeunit/PE140DD,PE14 0DD,,,,other,Postcode,547151,307645,3500,18000,,,,,,,Elm,http://data.ordnancesurvey.co.uk/id/4000000074341528,http://www.ordnancesurvey.co.uk/xml/codelists/localtype.xml#village,Fenland,http://data.ordnancesurvey.co.uk/id/7000000000001357,http://data.ordnancesurvey.co.uk/ontology/admingeo/District,Cambridgeshire,http://data.ordnancesurvey.co.uk/id/7000000000001386,http://data.ordnancesurvey.co.uk/ontology/admingeo/County,Eastern,http://data.ordnancesurvey.co.uk/id/7000000000041425,England,http://data.ordnancesurvey.co.uk/id/country/england,,,
PE133SP,http://data.ordnancesurvey.co.uk/id/postcodeunit/PE133SP,PE13 3SP,,,,other,Postcode,547436,309901,3500,18000,,,,,,,Wisbech,http://data.ordnancesurvey.co.uk/id/4000000074551318,http://www.ordnancesurvey.co.uk/xml/codelists/localtype.xml#town,Fenland,http://data.ordnancesurvey.co.uk/id/7000000000001357,http://data.ordnancesurvey.co.uk/ontology/admingeo/District,Cambridgeshire,http://data.ordnancesurvey.co.uk/id/7000000000001386,http://data.ordnancesurvey.co.uk/ontology/admingeo/County,Eastern,http://data.ordnancesurvey.co.uk/id/7000000000041425,England,http://data.ordnancesurvey.co.uk/id/country/england,,,
PE140HQ,http://data.ordnancesurvey.co.uk/id/postcodeunit/PE140HQ,PE14 0HQ,,,,other,Postcode,546884,304560,3500,18000,,,,,,,Friday Bridge,http://data.ordnancesurvey.co.uk/id/4000000074550225,http://www.ordnancesurvey.co.uk/xml/codelists/localtype.xml#village,Fenland,http://data.ordnancesurvey.co.uk/id/7000000000001357,http://data.ordnancesurvey.co.uk/ontology/admingeo/District,Cambridgeshire,http://data.ordnancesurvey.co.uk/id/7000000000001386,http://data.ordnancesurvey.co.uk/ontology/admingeo/County,Eastern,http://data.ordnancesurvey.co.uk/id/7000000000041425,England,http://data.ordnancesurvey.co.uk/id/country/england,,,
PE132PR,http://data.ordnancesurvey.co.uk/id/postcodeunit/PE132PR,PE13 2PR,,,,other,Postcode,545983,309085,3500,18000,,,,,,,Wisbech,http://data.ordnancesurvey.co.uk/id/4000000074551318,http://www.ordnancesurvey.co.uk/xml/codelists/localtype.xml#town,Fenland,http://data.ordnancesurvey.co.uk/id/7000000000001357,http://data.ordnancesurvey.co.uk/ontology/admingeo/District,Cambridgeshire,http://data.ordnancesurvey.co.uk/id/7000000000001386,http://data.ordnancesurvey.co.uk/ontology/admingeo/County,Eastern,http://data.ordnancesurvey.co.uk/id/7000000000041425,England,http://data.ordnancesurvey.co.uk/id/country/england,,,
PE132EZ,http://data.ordnancesurvey.co.uk/id/postcodeunit/PE132EZ,PE13 2EZ,,,,other,Postcode,546879,309769,3500,18000,,,,,,,Wisbech,http://data.ordnancesurvey.co.uk/id/4000000074551318,http://www.ordnancesurvey.co.uk/xml/codelists/localtype.xml#town,Fenland,http://data.ordnancesurvey.co.uk/id/7000000000001357,http://data.ordnancesurvey.co.uk/ontology/admingeo/District,Cambridgeshire,http://data.ordnancesurvey.co.uk/id/7000000000001386,http://data.ordnancesurvey.co.uk/ontology/admingeo/County,Eastern,http://data.ordnancesurvey.co.uk/id/7000000000041425,England,http://data.ordnancesurvey.co.uk/id/country/england,,,
PE135AZ,http://data.ordnancesurvey.co.uk/id/postcodeunit/PE135AZ,PE13 5AZ,,,,other,Postcode,544439,311017,3500,18000,,,,,,,Leverington,http://data.ordnancesurvey.co.uk/id/4000000074551313,http://www.ordnancesurvey.co.uk/xml/codelists/localtype.xml#village,Fenland,http://data.ordnancesurvey.co.uk/id/7000000000001357,http://data.ordnancesurvey.co.uk/ontology/admingeo/District,Cambridgeshire,http://data.ordnancesurvey.co.uk/id/7000000000001386,http://data.ordnancesurvey.co.uk/ontology/admingeo/County,Eastern,http://data.ordnancesurvey.co.uk/id/7000000000041425,England,http://data.ordnancesurvey.co.uk/id/country/england,,,
PE140LW,http://data.ordnancesurvey.co.uk/id/postcodeunit/PE140LW,PE14 0LW,,,,other,Postcode,547397,301813,3500,18000,,,,,,,,,,Fenland,http://data.ordnancesurvey.co.uk/id/7000000000001357,http://data.ordnancesurvey.co.uk/ontology/admingeo/District,Cambridgeshire,http://data.ordnancesurvey.co.uk/id/7000000000001386,http://data.ordnancesurvey.co.uk/ontology/admingeo/County,Eastern,http://data.ordnancesurvey.co.uk/id/7000000000041425,England,http://data.ordnancesurvey.co.uk/id/country/england,,,
PE131SA,http://data.ordnancesurvey.co.uk/id/postcodeunit/PE131SA,PE13 1SA,,,,other,Postcode,545252,310698,3500,18000,,,,,,,Wisbech,http://data.ordnancesurvey.co.uk/id/4000000074551318,http://www.ordnancesurvey.co.uk/xml/codelists/localtype.xml#town,Fenland,http://data.ordnancesurvey.co.uk/id/7000000000001357,http://data.ordnancesurvey.co.uk/ontology/admingeo/District,Cambridgeshire,http://data.ordnancesurvey.co.uk/id/7000000000001386,http://data.ordnancesurvey.co.uk/ontology/admingeo/County,Eastern,http://data.ordnancesurvey.co.uk/id/7000000000041425,England,http://data.ordnancesurvey.co.uk/id/country/england,,,
PE344DZ,http://data.ordnancesurvey.co.uk/id/postcodeunit/PE344DZ,PE34 4DZ,,,,other,Postcode,558932,319614,3500,18000,,,,,,,,,,King's Lynn and West Norfolk,http://data.ordnancesurvey.co.uk/id/7000000000007016,http://data.ordnancesurvey.co.uk/ontology/admingeo/District,Norfolk,http://data.ordnancesurvey.co.uk/id/7000000000007238,http://data.ordnancesurvey.co.uk/ontology/admingeo/County,Eastern,http://data.ordnancesurvey.co.uk/id/7000000000041425,England,http://data.ordnancesurvey.co.uk/id/country/england,,,
PE140BX,http://data.ordnancesurvey.co.uk/id/postcodeunit/PE140BX,PE14 0BX,,,,other,Postcode,546695,306916,3500,18000,,,,,,,Elm,http://data.ordnancesurvey.co.uk/id/4000000074341528,http://www.ordnancesurvey.co.uk/xml/codelists/localtype.xml#village,Fenland,http://data.ordnancesurvey.co.uk/id/7000000000001357,http://data.ordnancesurvey.co.uk/ontology/admingeo/District,Cambridgeshire,http://data.ordnancesurvey.co.uk/id/7000000000001386,http://data.ordnancesurvey.co.uk/ontology/admingeo/County,Eastern,http://data.ordnancesurvey.co.uk/id/7000000000041425,England,http://data.ordnancesurvey.co.uk/id/country/england,,,
PE133HB,http://data.ordnancesurvey.co.uk/id/postcodeunit/PE133HB,PE13 3HB,,,,other,Postcode,547013,310666,3500,18000,,,,,,,Wisbech,http://data.ordnancesurvey.co.uk/id/4000000074551318,http://www.ordnancesurvey.co.uk/xml/codelists/localtype.xml#town,Fenland,http://data.ordnancesurvey.co.uk/id/7000000000001357,http://data.ordnancesurvey.co.uk/ontology/admingeo/District,Cambridgeshire,http://data.ordnancesurvey.co.uk/id/7000000000001386,http://data.ordnancesurvey.co.uk/ontology/admingeo/County,Eastern,http://data.ordnancesurvey.co.uk/id/7000000000041425,England,http://data.ordnancesurvey.co.uk/id/country/england,,,
PE140SL,http://data.ordnancesurvey.co.uk/id/postcodeunit/PE140SL,PE14 0SL,,,,other,Postcode,545379,308259,3500,18000,,,,,,,Wisbech,http://data.ordnancesurvey.co.uk/id/4000000074551318,http://www.ordnancesurvey.co.uk/xml/codelists/localtype.xml#town,Fenland,http://data.ordnancesurvey.co.uk/id/7000000000001357,http://data.ordnancesurvey.co.uk/ontology/admingeo/District,Cambridgeshire,http://data.ordnancesurvey.co.uk/id/7000000000001386,http://data.ordnancesurvey.co.uk/ontology/admingeo/County,Eastern,http://data.ordnancesurvey.co.uk/id/7000000000041425,England,http://data.ordnancesurvey.co.uk/id/country/england,,,
PE133GW,http://data.ordnancesurvey.co.uk/id/postcodeunit/PE133GW,PE13 3GW,,,,other,Postcode,546256,310502,3500,18000,,,,,,,Wisbech,http://data.ordnancesurvey.co.uk/id/4000000074551318,http://www.ordnancesurvey.co.uk/xml/codelists/localtype.xml#town,Fenland,http://data.ordnancesurvey.co.uk/id/7000000000001357,http://data.ordnancesurvey.co.uk/ontology/admingeo/District,Cambridgeshire,http://data.ordnancesurvey.co.uk/id/7000000000001386,http://data.ordnancesurvey.co.uk/ontology/admingeo/County,Eastern,http://data.ordnancesurvey.co.uk/id/7000000000041425,England,http://data.ordnancesurvey.co.uk/id/country/england,,,
PE133HG,http://data.ordnancesurvey.co.uk/id/postcodeunit/PE133HG,PE13 3HG,,,,other,Postcode,546816,310895,3500,18000,,,,,,,Wisbech,http://data.ordnancesurvey.co.uk/id/4000000074551318,http://www.ordnancesurvey.co.uk/xml/codelists/localtype.xml#town,Fenland,http://data.ordnancesurvey.co.uk/id/7000000000001357,http://data.ordnancesurvey.co.uk/ontology/admingeo/District,Cambridgeshire,http://data.ordnancesurvey.co.uk/id/7000000000001386,http://data.ordnancesurvey.co.uk/ontology/admingeo/County,Eastern,http://data.ordnancesurvey.co.uk/id/7000000000041425,England,http://data.ordnancesurvey.co.uk/id/country/england,,,
PE148QA,http://data.ordnancesurvey.co.uk/id/postcodeunit/PE148QA,PE14 8QA,,,,other,Postcode,553641,302509,3500,18000,,,,,,,,,,King's Lynn and West Norfolk,http://data.ordnancesurvey.co.uk/id/7000000000007016,http://data.ordnancesurvey.co.uk/ontology/admingeo/District,Norfolk,http://data.ordnancesurvey.co.uk/id/7000000000007238,http://data.ordnancesurvey.co.uk/ontology/admingeo/County,Eastern,http://data.ordnancesurvey.co.uk/id/7000000000041425,England,http://data.ordnancesurvey.co.uk/id/country/england,,,
PE148QR,http://data.ordnancesurvey.co.uk/id/postcodeunit/PE148QR,PE14 8QR,,,,other,Postcode,549796,305516,3500,18000,,,,,,,Boyces Bridge,http://data.ordnancesurvey.co.uk/id/4000000074327983,http://www.ordnancesurvey.co.uk/xml/codelists/localtype.xml#hamlet,King's Lynn and West Norfolk,http://data.ordnancesurvey.co.uk/id/7000000000007016,http://data.ordnancesurvey.co.uk/ontology/admingeo/District,Norfolk,http://data.ordnancesurvey.co.uk/id/7000000000007238,http://data.ordnancesurvey.co.uk/ontology/admingeo/County,Eastern,http://data.ordnancesurvey.co.uk/id/7000000000041425,England,http://data.ordnancesurvey.co.uk/id/country/england,,,
PE135EW,http://data.ordnancesurvey.co.uk/id/postcodeunit/PE135EW,PE13 5EW,,,,other,Postcode,543866,310708,3500,18000,,,,,,,Leverington,http://data.ordnancesurvey.co.uk/id/4000000074551313,http://www.ordnancesurvey.co.uk/xml/codelists/localtype.xml#village,Fenland,http://data.ordnancesurvey.co.uk/id/7000000000001357,http://data.ordnancesurvey.co.uk/ontology/admingeo/District,Cambridgeshire,http://data.ordnancesurvey.co.uk/id/7000000000001386,http://data.ordnancesurvey.co.uk/ontology/admingeo/County,Eastern,http://data.ordnancesurvey.co.uk/id/7000000000041425,England,http://data.ordnancesurvey.co.uk/id/country/england,,,
PE132QE,http://data.ordnancesurvey.co.uk/id/postcodeunit/PE132QE,PE13 2QE,,,,other,Postcode,546291,308950,3500,18000,,,,,,,Wisbech,http://data.ordnancesurvey.co.uk/id/4000000074551318,http://www.ordnancesurvey.co.uk/xml/codelists/localtype.xml#town,Fenland,http://data.ordnancesurvey.co.uk/id/7000000000001357,http://data.ordnancesurvey.co.uk/ontology/admingeo/District,Cambridgeshire,http://data.ordnancesurvey.co.uk/id/7000000000001386,http://data.ordnancesurvey.co.uk/ontology/admingeo/County,Eastern,http://data.ordnancesurvey.co.uk/id/7000000000041425,England,http://data.ordnancesurvey.co.uk/id/country/england,,,
PE148PG,http://data.ordnancesurvey.co.uk/id/postcodeunit/PE148PG,PE14 8PG,,,,other,Postcode,550826,304803,3500,18000,,,,,,,Outwell,http://data.ordnancesurvey.co.uk/id/4000000074548389,http://www.ordnancesurvey.co.uk/xml/codelists/localtype.xml#village,King's Lynn and West Norfolk,http://data.ordnancesurvey.co.uk/id/7000000000007016,http://data.ordnancesurvey.co.uk/ontology/admingeo/District,Norfolk,http://data.ordnancesurvey.co.uk/id/7000000000007238,http://data.ordnancesurvey.co.uk/ontology/admingeo/County,Eastern,http://data.ordnancesurvey.co.uk/id/7000000000041425,England,http://data.ordnancesurvey.co.uk/id/country/england,,,
PE134UA,http://data.ordnancesurvey.co.uk/id/postcodeunit/PE134UA,PE13 4UA,,,,other,Postcode,542496,306865,3500,18000,,,,,,,,,,Fenland,http://data.ordnancesurvey.co.uk/id/7000000000001357,http://data.ordnancesurvey.co.uk/ontology/admingeo/District,Cambridgeshire,http://data.ordnancesurvey.co.uk/id/7000000000001386,http://data.ordnancesurvey.co.uk/ontology/admingeo/County,Eastern,http://data.ordnancesurvey.co.uk/id/7000000000041425,England,http://data.ordnancesurvey.co.uk/id/country/england,,,
PE135LS,http://data.ordnancesurvey.co.uk/id/postcodeunit/PE135LS,PE13 5LS,,,,other,Postcode,542097,316380,3500,18000,,,,,,,Tydd St Giles,http://data.ordnancesurvey.co.uk/id/4000000074548770,http://www.ordnancesurvey.co.uk/xml/codelists/localtype.xml#village,Fenland,http://data.ordnancesurvey.co.uk/id/7000000000001357,http://data.ordnancesurvey.co.uk/ontology/admingeo/District,Cambridgeshire,http://data.ordnancesurvey.co.uk/id/7000000000001386,http://data.ordnancesurvey.co.uk/ontology/admingeo/County,Eastern,http://data.ordnancesurvey.co.uk/id/7000000000041425,England,http://data.ordnancesurvey.co.uk/id/country/england,,,
PE148QJ,http://data.ordnancesurvey.co.uk/id/postcodeunit/PE148QJ,PE14 8QJ,,,,other,Postcode,554230,304237,3500,18000,,,,,,,,,,King's Lynn and West Norfolk,http://data.ordnancesurvey.co.uk/id/7000000000007016,http://data.ordnancesurvey.co.uk/ontology/admingeo/District,Norfolk,http://data.ordnancesurvey.co.uk/id/7000000000007238,http://data.ordnancesurvey.co.uk/ontology/admingeo/County,Eastern,http://data.ordnancesurvey.co.uk/id/7000000000041425,England,http://data.ordnancesurvey.co.uk/id/country/england,,,
PE134LX,http://data.ordnancesurvey.co.uk/id/postcodeunit/PE134LX,PE13 4LX,,,,other,Postcode,542108,312014,3500,18000,,,,,,,Gorefield,http://data.ordnancesurvey.co.uk/id/4000000074551667,http://www.ordnancesurvey.co.uk/xml/codelists/localtype.xml#village,Fenland,http://data.ordnancesurvey.co.uk/id/7000000000001357,http://data.ordnancesurvey.co.uk/ontology/admingeo/District,Cambridgeshire,http://data.ordnancesurvey.co.uk/id/7000000000001386,http://data.ordnancesurvey.co.uk/ontology/admingeo/County,Eastern,http://data.ordnancesurvey.co.uk/id/7000000000041425,England,http://data.ordnancesurvey.co.uk/id/country/england,,,
PE131RL,http://data.ordnancesurvey.co.uk/id/postcodeunit/PE131RL,PE13 1RL,,,,other,Postcode,545531,310024,3500,18000,,,,,,,Wisbech,http://data.ordnancesurvey.co.uk/id/4000000074551318,http://www.ordnancesurvey.co.uk/xml/codelists/localtype.xml#town,Fenland,http://data.ordnancesurvey.co.uk/id/7000000000001357,http://data.ordnancesurvey.co.uk/ontology/admingeo/District,Cambridgeshire,http://data.ordnancesurvey.co.uk/id/7000000000001386,http://data.ordnancesurvey.co.uk/ontology/admingeo/County,Eastern,http://data.ordnancesurvey.co.uk/id/7000000000041425,England,http://data.ordnancesurvey.co.uk/id/country/england,,,
PE147LT,http://data.ordnancesurvey.co.uk/id/postcodeunit/PE147LT,PE14 7LT,,,,other,Postcode,551729,318524,3500,18000,,,,,,,Walpole Cross Keys,http://data.ordnancesurvey.co.uk/id/4000000074548396,http://www.ordnancesurvey.co.uk/xml/codelists/localtype.xml#village,King's Lynn and West Norfolk,http://data.ordnancesurvey.co.uk/id/7000000000007016,http://data.ordnancesurvey.co.uk/ontology/admingeo/District,Norfolk,http://data.ordnancesurvey.co.uk/id/7000000000007238,http://data.ordnancesurvey.co.uk/ontology/admingeo/County,Eastern,http://data.ordnancesurvey.co.uk/id/7000000000041425,England,http://data.ordnancesurvey.co.uk/id/country/england,,,
PE131DE,http://data.ordnancesurvey.co.uk/id/postcodeunit/PE131DE,PE13 1DE,,,,other,Postcode,546116,309655,3500,18000,,,,,,,Wisbech,http://data.ordnancesurvey.co.uk/id/4000000074551318,http://www.ordnancesurvey.co.uk/xml/codelists/localtype.xml#town,Fenland,http://data.ordnancesurvey.co.uk/id/7000000000001357,http://data.ordnancesurvey.co.uk/ontology/admingeo/District,Cambridgeshire,http://data.ordnancesurvey.co.uk/id/7000000000001386,http://data.ordnancesurvey.co.uk/ontology/admingeo/County,Eastern,http://data.ordnancesurvey.co.uk/id/7000000000041425,England,http://data.ordnancesurvey.co.uk/id/country/england,,,
PE133UJ,http://data.ordnancesurvey.co.uk/id/postcodeunit/PE133UJ,PE13 3UJ,,,,other,Postcode,547352,310143,3500,18000,,,,,,,Wisbech,http://data.ordnancesurvey.co.uk/id/4000000074551318,http://www.ordnancesurvey.co.uk/xml/codelists/localtype.xml#town,Fenland,http://data.ordnancesurvey.co.uk/id/7000000000001357,http://data.ordnancesurvey.co.uk/ontology/admingeo/District,Cambridgeshire,http://data.ordnancesurvey.co.uk/id/7000000000001386,http://data.ordnancesurvey.co.uk/ontology/admingeo/County,Eastern,http://data.ordnancesurvey.co.uk/id/7000000000041425,England,http://data.ordnancesurvey.co.uk/id/country/england,,,
PE132BH,http://data.ordnancesurvey.co.uk/id/postcodeunit/PE132BH,PE13 2BH,,,,other,Postcode,547020,309653,3500,18000,,,,,,,Wisbech,http://data.ordnancesurvey.co.uk/id/4000000074551318,http://www.ordnancesurvey.co.uk/xml/codelists/localtype.xml#town,Fenland,http://data.ordnancesurvey.co.uk/id/7000000000001357,http://data.ordnancesurvey.co.uk/ontology/admingeo/District,Cambridgeshire,http://data.ordnancesurvey.co.uk/id/7000000000001386,http://data.ordnancesurvey.co.uk/ontology/admingeo/County,Eastern,http://data.ordnancesurvey.co.uk/id/7000000000041425,England,http://data.ordnancesurvey.co.uk/id/country/england,,,
PE147BU,http://data.ordnancesurvey.co.uk/id/postcodeunit/PE147BU,PE14 7BU,,,,other,Postcode,548183,310366,3500,18000,,,,,,,Wisbech,http://data.ordnancesurvey.co.uk/id/4000000074551318,http://www.ordnancesurvey.co.uk/xml/codelists/localtype.xml#town,King's Lynn and West Norfolk,http://data.ordnancesurvey.co.uk/id/7000000000007016,http://data.ordnancesurvey.co.uk/ontology/admingeo/District,Norfolk,http://data.ordnancesurvey.co.uk/id/7000000000007238,http://data.ordnancesurvey.co.uk/ontology/admingeo/County,Eastern,http://data.ordnancesurvey.co.uk/id/7000000000041425,England,http://data.ordnancesurvey.co.uk/id/country/england,,,
PE147DT,http://data.ordnancesurvey.co.uk/id/postcodeunit/PE147DT,PE14 7DT,,,,other,Postcode,548722,313059,3500,18000,,,,,,,Walton Highway,http://data.ordnancesurvey.co.uk/id/4000000074552040,http://www.ordnancesurvey.co.uk/xml/codelists/localtype.xml#village,King's Lynn and West Norfolk,http://data.ordnancesurvey.co.uk/id/7000000000007016,http://data.ordnancesurvey.co.uk/ontology/admingeo/District,Norfolk,http://data.ordnancesurvey.co.uk/id/7000000000007238,http://data.ordnancesurvey.co.uk/ontology/admingeo/County,Eastern,http://data.ordnancesurvey.co.uk/id/7000000000041425,England,http://data.ordnancesurvey.co.uk/id/country/england,,,
PE133BU,http://data.ordnancesurvey.co.uk/id/postcodeunit/PE133BU,PE13 3BU,,,,other,Postcode,545983,310600,3500,18000,,,,,,,Wisbech,http://data.ordnancesurvey.co.uk/id/4000000074551318,http://www.ordnancesurvey.co.uk/xml/codelists/localtype.xml#town,Fenland,http://data.ordnancesurvey.co.uk/id/7000000000001357,http://data.ordnancesurvey.co.uk/ontology/admingeo/District,Cambridgeshire,http://data.ordnancesurvey.co.uk/id/7000000000001386,http://data.ordnancesurvey.co.uk/ontology/admingeo/County,Eastern,http://data.ordnancesurvey.co.uk/id/7000000000041425,England,http://data.ordnancesurvey.co.uk/id/country/england,,,
PE134RJ,http://data.ordnancesurvey.co.uk/id/postcodeunit/PE134RJ,PE13 4RJ,,,,other,Postcode,541809,308039,3500,18000,,,,,,,Wisbech St Mary,http://data.ordnancesurvey.co.uk/id/4000000074551315,http://www.ordnancesurvey.co.uk/xml/codelists/localtype.xml#village,Fenland,http://data.ordnancesurvey.co.uk/id/7000000000001357,http://data.ordnancesurvey.co.uk/ontology/admingeo/District,Cambridgeshire,http://data.ordnancesurvey.co.uk/id/7000000000001386,http://data.ordnancesurvey.co.uk/ontology/admingeo/County,Eastern,http://data.ordnancesurvey.co.uk/id/7000000000041425,England,http://data.ordnancesurvey.co.uk/id/country/england,,,
PE135DJ,http://data.ordnancesurvey.co.uk/id/postcodeunit/PE135DJ,PE13 5DJ,,,,other,Postcode,544887,310690,3500,18000,,,,,,,Wisbech,http://data.ordnancesurvey.co.uk/id/4000000074551318,http://www.ordnancesurvey.co.uk/xml/codelists/localtype.xml#town,Fenland,http://data.ordnancesurvey.co.uk/id/7000000000001357,http://data.ordnancesurvey.co.uk/ontology/admingeo/District,Cambridgeshire,http://data.ordnancesurvey.co.uk/id/7000000000001386,http://data.ordnancesurvey.co.uk/ontology/admingeo/County,Eastern,http://data.ordnancesurvey.co.uk/id/7000000000041425,England,http://data.ordnancesurvey.co.uk/id/country/england,,,
PE144ET,http://data.ordnancesurvey.co.uk/id/postcodeunit/PE144ET,PE14 4ET,,,,other,Postcode,545574,308434,3500,18000,,,,,,,Wisbech,http://data.ordnancesurvey.co.uk/id/4000000074551318,http://www.ordnancesurvey.co.uk/xml/codelists/localtype.xml#town,Fenland,http://data.ordnancesurvey.co.uk/id/7000000000001357,http://data.ordnancesurvey.co.uk/ontology/admingeo/District,Cambridgeshire,http://data.ordnancesurvey.co.uk/id/7000000000001386,http://data.ordnancesurvey.co.uk/ontology/admingeo/County,Eastern,http://data.ordnancesurvey.co.uk/id/7000000000041425,England,http://data.ordnancesurvey.co.uk/id/country/england,,,
PE132JX,http://data.ordnancesurvey.co.uk/id/postcodeunit/PE132JX,PE13 2JX,,,,other,Postcode,547081,308666,3500,18000,,,,,,,Wisbech,http://data.ordnancesurvey.co.uk/id/4000000074551318,http://www.ordnancesurvey.co.uk/xml/codelists/localtype.xml#town,Fenland,http://data.ordnancesurvey.co.uk/id/7000000000001357,http://data.ordnancesurvey.co.uk/ontology/admingeo/District,Cambridgeshire,http://data.ordnancesurvey.co.uk/id/7000000000001386,http://data.ordnancesurvey.co.uk/ontology/admingeo/County,Eastern,http://data.ordnancesurvey.co.uk/id/7000000000041425,England,http://data.ordnancesurvey.co.uk/id/country/england,,,
PE380AZ,http://data.ordnancesurvey.co.uk/id/postcodeunit/PE380AZ,PE38 0AZ,,,,other,Postcode,558607,301423,3500,18000,,,,,,,,,,King's Lynn and West Norfolk,http://data.ordnancesurvey.co.uk/id/7000000000007016,http://data.ordnancesurvey.co.uk/ontology/admingeo/District,Norfolk,http://data.ordnancesurvey.co.uk/id/7000000000007238,http://data.ordnancesurvey.co.uk/ontology/admingeo/County,Eastern,http://data.ordnancesurvey.co.uk/id/7000000000041425,England,http://data.ordnancesurvey.co.uk/id/country/england,,,
PE148QY,http://data.ordnancesurvey.co.uk/id/postcodeunit/PE148QY,PE14 8QY,,,,other,Postcode,551304,303483,3500,18000,,,,,,,Outwell,http://data.ordnancesurvey.co.uk/id/4000000074548389,http://www.ordnancesurvey.co.uk/xml/codelists/localtype.xml#village,King's Lynn and West Norfolk,http://data.ordnancesurvey.co.uk/id/7000000000007016,http://data.ordnancesurvey.co.uk/ontology/admingeo/District,Norfolk,http://data.ordnancesurvey.co.uk/id/7000000000007238,http://data.ordnancesurvey.co.uk/ontology/admingeo/County,Eastern,http://data.ordnancesurvey.co.uk/id/7000000000041425,England,http://data.ordnancesurvey.co.uk/id/country/england,,,
PE131ES,http://data.ordnancesurvey.co.uk/id/postcodeunit/PE131ES,PE13 1ES,,,,other,Postcode,546239,309539,3500,18000,,,,,,,Wisbech,http://data.ordnancesurvey.co.uk/id/4000000074551318,http://www.ordnancesurvey.co.uk/xml/codelists/localtype.xml#town,Fenland,http://data.ordnancesurvey.co.uk/id/7000000000001357,http://data.ordnancesurvey.co.uk/ontology/admingeo/District,Cambridgeshire,http://data.ordnancesurvey.co.uk/id/7000000000001386,http://data.ordnancesurvey.co.uk/ontology/admingeo/County,Eastern,http://data.ordnancesurvey.co.uk/id/7000000000041425,England,http://data.ordnancesurvey.co.uk/id/country/england,,,
PE134UQ,http://data.ordnancesurvey.co.uk/id/postcodeunit/PE134UQ,PE13 4UQ,,,,other,Postcode,541341,305368,3500,18000,,,,,,,,,,Fenland,http://data.ordnancesurvey.co.uk/id/7000000000001357,http://data.ordnancesurvey.co.uk/ontology/admingeo/District,Cambridgeshire,http://data.ordnancesurvey.co.uk/id/7000000000001386,http://data.ordnancesurvey.co.uk/ontology/admingeo/County,Eastern,http://data.ordnancesurvey.co.uk/id/7000000000041425,England,http://data.ordnancesurvey.co.uk/id/country/england,,,
PE147NL,http://data.ordnancesurvey.co.uk/id/postcodeunit/PE147NL,PE14 7NL,,,,other,Postcode,549685,317287,3500,18000,,,,,,,,,,King's Lynn and West Norfolk,http://data.ordnancesurvey.co.uk/id/7000000000007016,http://data.ordnancesurvey.co.uk/ontology/admingeo/District,Norfolk,http://data.ordnancesurvey.co.uk/id/7000000000007238,http://data.ordnancesurvey.co.uk/ontology/admingeo/County,Eastern,http://data.ordnancesurvey.co.uk/id/7000000000041425,England,http://data.ordnancesurvey.co.uk/id/country/england,,,
PE380BH,http://data.ordnancesurvey.co.uk/id/postcodeunit/PE380BH,PE38 0BH,,,,other,Postcode,555406,301197,3500,18000,,,,,,,Nordelph,http://data.ordnancesurvey.co.uk/id/4000000074550935,http://www.ordnancesurvey.co.uk/xml/codelists/localtype.xml#village,King's Lynn and West Norfolk,http://data.ordnancesurvey.co.uk/id/7000000000007016,http://data.ordnancesurvey.co.uk/ontology/admingeo/District,Norfolk,http://data.ordnancesurvey.co.uk/id/7000000000007238,http://data.ordnancesurvey.co.uk/ontology/admingeo/County,Eastern,http://data.ordnancesurvey.co.uk/id/7000000000041425,England,http://data.ordnancesurvey.co.uk/id/country/england,,,
PE343EN,http://data.ordnancesurvey.co.uk/id/postcodeunit/PE343EN,PE34 3EN,,,,other,Postcode,558372,313645,3500,18000,,,,,,,Wiggenhall St Mary the Virgin,http://data.ordnancesurvey.co.uk/id/4000000074550574,http://www.ordnancesurvey.co.uk/xml/codelists/localtype.xml#village,King's Lynn and West Norfolk,http://data.ordnancesurvey.co.uk/id/7000000000007016,http://data.ordnancesurvey.co.uk/ontology/admingeo/District,Norfolk,http://data.ordnancesurvey.co.uk/id/7000000000007238,http://data.ordnancesurvey.co.uk/ontology/admingeo/County,Eastern,http://data.ordnancesurvey.co.uk/id/7000000000041425,England,http://data.ordnancesurvey.co.uk/id/country/england,,,
PE344QE,http://data.ordnancesurvey.co.uk/id/postcodeunit/PE344QE,PE34 4QE,,,,other,Postcode,555088,315593,3500,18000,,,,,,,Tilney St Lawrence,http://data.ordnancesurvey.co.uk/id/4000000074550579,http://www.ordnancesurvey.co.uk/xml/codelists/localtype.xml#village,King's Lynn and West Norfolk,http://data.ordnancesurvey.co.uk/id/7000000000007016,http://data.ordnancesurvey.co.uk/ontology/admingeo/District,Norfolk,http://data.ordnancesurvey.co.uk/id/7000000000007238,http://data.ordnancesurvey.co.uk/ontology/admingeo/County,Eastern,http://data.ordnancesurvey.co.uk/id/7000000000041425,England,http://data.ordnancesurvey.co.uk/id/country/england,,,
PE134UL,http://data.ordnancesurvey.co.uk/id/postcodeunit/PE134UL,PE13 4UL,,,,other,Postcode,543695,306654,3500,18000,,,,,,,,,,Fenland,http://data.ordnancesurvey.co.uk/id/7000000000001357,http://data.ordnancesurvey.co.uk/ontology/admingeo/District,Cambridgeshire,http://data.ordnancesurvey.co.uk/id/7000000000001386,http://data.ordnancesurvey.co.uk/ontology/admingeo/County,Eastern,http://data.ordnancesurvey.co.uk/id/7000000000041425,England,http://data.ordnancesurvey.co.uk/id/country/england,,,
PE132EP,http://data.ordnancesurvey.co.uk/id/postcodeunit/PE132EP,PE13 2EP,,,,other,Postcode,546844,310129,3500,18000,,,,,,,Wisbech,http://data.ordnancesurvey.co.uk/id/4000000074551318,http://www.ordnancesurvey.co.uk/xml/codelists/localtype.xml#town,Fenland,http://data.ordnancesurvey.co.uk/id/7000000000001357,http://data.ordnancesurvey.co.uk/ontology/admingeo/District,Cambridgeshire,http://data.ordnancesurvey.co.uk/id/7000000000001386,http://data.ordnancesurvey.co.uk/ontology/admingeo/County,Eastern,http://data.ordnancesurvey.co.uk/id/7000000000041425,England,http://data.ordnancesurvey.co.uk/id/country/england,,,
PE133AP,http://data.ordnancesurvey.co.uk/id/postcodeunit/PE133AP,PE13 3AP,,,,other,Postcode,546294,310280,3500,18000,,,,,,,Wisbech,http://data.ordnancesurvey.co.uk/id/4000000074551318,http://www.ordnancesurvey.co.uk/xml/codelists/localtype.xml#town,Fenland,http://data.ordnancesurvey.co.uk/id/7000000000001357,http://data.ordnancesurvey.co.uk/ontology/admingeo/District,Cambridgeshire,http://data.ordnancesurvey.co.uk/id/7000000000001386,http://data.ordnancesurvey.co.uk/ontology/admingeo/County,Eastern,http://data.ordnancesurvey.co.uk/id/7000000000041425,England,http://data.ordnancesurvey.co.uk/id/country/england,,,
PE135AT,http://data.ordnancesurvey.co.uk/id/postcodeunit/PE135AT,PE13 5AT,,,,other,Postcode,544107,311657,3500,18000,,,,,,,Leverington,http://data.ordnancesurvey.co.uk/id/4000000074551313,http://www.ordnancesurvey.co.uk/xml/codelists/localtype.xml#village,Fenland,http://data.ordnancesurvey.co.uk/id/7000000000001357,http://data.ordnancesurvey.co.uk/ontology/admingeo/District,Cambridgeshire,http://data.ordnancesurvey.co.uk/id/7000000000001386,http://data.ordnancesurvey.co.uk/ontology/admingeo/County,Eastern,http://data.ordnancesurvey.co.uk/id/7000000000041425,England,http://data.ordnancesurvey.co.uk/id/country/england,,,
PE133TH,http://data.ordnancesurvey.co.uk/id/postcodeunit/PE133TH,PE13 3TH,,,,other,Postcode,547570,310116,3500,18000,,,,,,,Wisbech,http://data.ordnancesurvey.co.uk/id/4000000074551318,http://www.ordnancesurvey.co.uk/xml/codelists/localtype.xml#town,Fenland,http://data.ordnancesurvey.co.uk/id/7000000000001357,http://data.ordnancesurvey.co.uk/ontology/admingeo/District,Cambridgeshire,http://data.ordnancesurvey.co.uk/id/7000000000001386,http://data.ordnancesurvey.co.uk/ontology/admingeo/County,Eastern,http://data.ordnancesurvey.co.uk/id/7000000000041425,England,http://data.ordnancesurvey.co.uk/id/country/england,,,
PE135BZ,http://data.ordnancesurvey.co.uk/id/postcodeunit/PE135BZ,PE13 5BZ,,,,other,Postcode,544607,311438,3500,18000,,,,,,,Leverington,http://data.ordnancesurvey.co.uk/id/4000000074551313,http://www.ordnancesurvey.co.uk/xml/codelists/localtype.xml#village,Fenland,http://data.ordnancesurvey.co.uk/id/7000000000001357,http://data.ordnancesurvey.co.uk/ontology/admingeo/District,Cambridgeshire,http://data.ordnancesurvey.co.uk/id/7000000000001386,http://data.ordnancesurvey.co.uk/ontology/admingeo/County,Eastern,http://data.ordnancesurvey.co.uk/id/7000000000041425,England,http://data.ordnancesurvey.co.uk/id/country/england,,,
PE148PQ,http://data.ordnancesurvey.co.uk/id/postcodeunit/PE148PQ,PE14 8PQ,,,,other,Postcode,550606,304920,3500,18000,,,,,,,Outwell,http://data.ordnancesurvey.co.uk/id/4000000074548389,http://www.ordnancesurvey.co.uk/xml/codelists/localtype.xml#village,King's Lynn and West Norfolk,http://data.ordnancesurvey.co.uk/id/7000000000007016,http://data.ordnancesurvey.co.uk/ontology/admingeo/District,Norfolk,http://data.ordnancesurvey.co.uk/id/7000000000007238,http://data.ordnancesurvey.co.uk/ontology/admingeo/County,Eastern,http://data.ordnancesurvey.co.uk/id/7000000000041425,England,http://data.ordnancesurvey.co.uk/id/country/england,,,
PE140HP,http://data.ordnancesurvey.co.uk/id/postcodeunit/PE140HP,PE14 0HP,,,,other,Postcode,546289,304698,3500,18000,,,,,,,Friday Bridge,http://data.ordnancesurvey.co.uk/id/4000000074550225,http://www.ordnancesurvey.co.uk/xml/codelists/localtype.xml#village,Fenland,http://data.ordnancesurvey.co.uk/id/7000000000001357,http://data.ordnancesurvey.co.uk/ontology/admingeo/District,Cambridgeshire,http://data.ordnancesurvey.co.uk/id/7000000000001386,http://data.ordnancesurvey.co.uk/ontology/admingeo/County,Eastern,http://data.ordnancesurvey.co.uk/id/7000000000041425,England,http://data.ordnancesurvey.co.uk/id/country/england,,,
PE147SQ,http://data.ordnancesurvey.co.uk/id/postcodeunit/PE147SQ,PE14 7SQ,,,,other,Postcode,553781,312491,3500,18000,,,,,,,Terrington St John,http://data.ordnancesurvey.co.uk/id/4000000074550941,http://www.ordnancesurvey.co.uk/xml/codelists/localtype.xml#village,King's Lynn and West Norfolk,http://data.ordnancesurvey.co.uk/id/7000000000007016,http://data.ordnancesurvey.co.uk/ontology/admingeo/District,Norfolk,http://data.ordnancesurvey.co.uk/id/7000000000007238,http://data.ordnancesurvey.co.uk/ontology/admingeo/County,Eastern,http://data.ordnancesurvey.co.uk/id/7000000000041425,England,http://data.ordnancesurvey.co.uk/id/country/england,,,
PE344EN,http://data.ordnancesurvey.co.uk/id/postcodeunit/PE344EN,PE34 4EN,,,,other,Postcode,559348,319997,3500,18000,,,,,,,Clenchwarton,http://data.ordnancesurvey.co.uk/id/4000000074548398,http://www.ordnancesurvey.co.uk/xml/codelists/localtype.xml#village,King's Lynn and West Norfolk,http://data.ordnancesurvey.co.uk/id/7000000000007016,http://data.ordnancesurvey.co.uk/ontology/admingeo/District,Norfolk,http://data.ordnancesurvey.co.uk/id/7000000000007238,http://data.ordnancesurvey.co.uk/ontology/admingeo/County,Eastern,http://data.ordnancesurvey.co.uk/id/7000000000041425,England,http://data.ordnancesurvey.co.uk/id/country/england,,,
PE147AP,http://data.ordnancesurvey.co.uk/id/postcodeunit/PE147AP,PE14 7AP,,,,other,Postcode,548241,311796,3500,18000,,,,,,,,,,King's Lynn and West Norfolk,http://data.ordnancesurvey.co.uk/id/7000000000007016,http://data.ordnancesurvey.co.uk/ontology/admingeo/District,Norfolk,http://data.ordnancesurvey.co.uk/id/7000000000007238,http://data.ordnancesurvey.co.uk/ontology/admingeo/County,Eastern,http://data.ordnancesurvey.co.uk/id/7000000000041425,England,http://data.ordnancesurvey.co.uk/id/country/england,,,
PE147RA,http://data.ordnancesurvey.co.uk/id/postcodeunit/PE147RA,PE14 7RA,,,,other,Postcode,550696,312904,3500,18000,,,,,,,,,,King's Lynn and West Norfolk,http://data.ordnancesurvey.co.uk/id/7000000000007016,http://data.ordnancesurvey.co.uk/ontology/admingeo/District,Norfolk,http://data.ordnancesurvey.co.uk/id/7000000000007238,http://data.ordnancesurvey.co.uk/ontology/admingeo/County,Eastern,http://data.ordnancesurvey.co.uk/id/7000000000041425,England,http://data.ordnancesurvey.co.uk/id/country/england,,,
PE147RD,http://data.ordnancesurvey.co.uk/id/postcodeunit/PE147RD,PE14 7RD,,,,other,Postcode,551227,312929,3500,18000,,,,,,,,,,King's Lynn and West Norfolk,http://data.ordnancesurvey.co.uk/id/7000000000007016,http://data.ordnancesurvey.co.uk/ontology/admingeo/District,Norfolk,http://data.ordnancesurvey.co.uk/id/7000000000007238,http://data.ordnancesurvey.co.uk/ontology/admingeo/County,Eastern,http://data.ordnancesurvey.co.uk/id/7000000000041425,England,http://data.ordnancesurvey.co.uk/id/country/england,,,
PE134PL,http://data.ordnancesurvey.co.uk/id/postcodeunit/PE134PL,PE13 4PL,,,,other,Postcode,540596,311960,3500,18000,,,,,,,,,,Fenland,http://data.ordnancesurvey.co.uk/id/7000000000001357,http://data.ordnancesurvey.co.uk/ontology/admingeo/District,Cambridgeshire,http://data.ordnancesurvey.co.uk/id/7000000000001386,http://data.ordnancesurvey.co.uk/ontology/admingeo/County,Eastern,http://data.ordnancesurvey.co.uk/id/7000000000041425,England,http://data.ordnancesurvey.co.uk/id/country/england,,,
PE134SG,http://data.ordnancesurvey.co.uk/id/postcodeunit/PE134SG,PE13 4SG,,,,other,Postcode,541041,307617,3500,18000,,,,,,,Wisbech St Mary,http://data.ordnancesurvey.co.uk/id/4000000074551315,http://www.ordnancesurvey.co.uk/xml/codelists/localtype.xml#village,Fenland,http://data.ordnancesurvey.co.uk/id/7000000000001357,http://data.ordnancesurvey.co.uk/ontology/admingeo/District,Cambridgeshire,http://data.ordnancesurvey.co.uk/id/7000000000001386,http://data.ordnancesurvey.co.uk/ontology/admingeo/County,Eastern,http://data.ordnancesurvey.co.uk/id/7000000000041425,England,http://data.ordnancesurvey.co.uk/id/country/england,,,
PE148AL,http://data.ordnancesurvey.co.uk/id/postcodeunit/PE148AL,PE14 8AL,,,,other,Postcode,549367,307040,3500,18000,,,,,,,Emneth,http://data.ordnancesurvey.co.uk/id/4000000074550948,http://www.ordnancesurvey.co.uk/xml/codelists/localtype.xml#village,King's Lynn and West Norfolk,http://data.ordnancesurvey.co.uk/id/7000000000007016,http://data.ordnancesurvey.co.uk/ontology/admingeo/District,Norfolk,http://data.ordnancesurvey.co.uk/id/7000000000007238,http://data.ordnancesurvey.co.uk/ontology/admingeo/County,Eastern,http://data.ordnancesurvey.co.uk/id/7000000000041425,England,http://data.ordnancesurvey.co.uk/id/country/england,,,
PE343ED,http://data.ordnancesurvey.co.uk/id/postcodeunit/PE343ED,PE34 3ED,,,,other,Postcode,559063,314068,3500,18000,,,,,,,Wiggenhall St Germans,http://data.ordnancesurvey.co.uk/id/4000000074550213,http://www.ordnancesurvey.co.uk/xml/codelists/localtype.xml#village,King's Lynn and West Norfolk,http://data.ordnancesurvey.co.uk/id/7000000000007016,http://data.ordnancesurvey.co.uk/ontology/admingeo/District,Norfolk,http://data.ordnancesurvey.co.uk/id/7000000000007238,http://data.ordnancesurvey.co.uk/ontology/admingeo/County,Eastern,http://data.ordnancesurvey.co.uk/id/7000000000041425,England,http://data.ordnancesurvey.co.uk/id/country/england,,,
PE380BJ,http://data.ordnancesurvey.co.uk/id/postcodeunit/PE380BJ,PE38 0BJ,,,,other,Postcode,555376,301408,3500,18000,,,,,,,Nordelph,http://data.ordnancesurvey.co.uk/id/4000000074550935,http://www.ordnancesurvey.co.uk/xml/codelists/localtype.xml#village,King's Lynn and West Norfolk,http://data.ordnancesurvey.co.uk/id/7000000000007016,http://data.ordnancesurvey.co.uk/ontology/admingeo/District,Norfolk,http://data.ordnancesurvey.co.uk/id/7000000000007238,http://data.ordnancesurvey.co.uk/ontology/admingeo/County,Eastern,http://data.ordnancesurvey.co.uk/id/7000000000041425,England,http://data.ordnancesurvey.co.uk/id/country/england,,,
PE147QQ,http://data.ordnancesurvey.co.uk/id/postcodeunit/PE147QQ,PE14 7QQ,,,,other,Postcode,551650,313685,3500,18000,,,,,,,Walpole Highway,http://data.ordnancesurvey.co.uk/id/4000000074550945,http://www.ordnancesurvey.co.uk/xml/codelists/localtype.xml#village,King's Lynn and West Norfolk,http://data.ordnancesurvey.co.uk/id/7000000000007016,http://data.ordnancesurvey.co.uk/ontology/admingeo/District,Norfolk,http://data.ordnancesurvey.co.uk/id/7000000000007238,http://data.ordnancesurvey.co.uk/ontology/admingeo/County,Eastern,http://data.ordnancesurvey.co.uk/id/7000000000041425,England,http://data.ordnancesurvey.co.uk/id/country/england,,,
PE380AN,http://data.ordnancesurvey.co.uk/id/postcodeunit/PE380AN,PE38 0AN,,,,other,Postcode,556177,302414,3500,18000,,,,,,,Barroway Drove,http://data.ordnancesurvey.co.uk/id/4000000074327856,http://www.ordnancesurvey.co.uk/xml/codelists/localtype.xml#village,King's Lynn and West Norfolk,http://data.ordnancesurvey.co.uk/id/7000000000007016,http://data.ordnancesurvey.co.uk/ontology/admingeo/District,Norfolk,http://data.ordnancesurvey.co.uk/id/7000000000007238,http://data.ordnancesurvey.co.uk/ontology/admingeo/County,Eastern,http://data.ordnancesurvey.co.uk/id/7000000000041425,England,http://data.ordnancesurvey.co.uk/id/country/england,,,
PE132QX,http://data.ordnancesurvey.co.uk/id/postcodeunit/PE132QX,PE13 2QX,,,,other,Postcode,546308,309016,3500,18000,,,,,,,Wisbech,http://data.ordnancesurvey.co.uk/id/4000000074551318,http://www.ordnancesurvey.co.uk/xml/codelists/localtype.xml#town,Fenland,http://data.ordnancesurvey.co.uk/id/7000000000001357,http://data.ordnancesurvey.co.uk/ontology/admingeo/District,Cambridgeshire,http://data.ordnancesurvey.co.uk/id/7000000000001386,http://data.ordnancesurvey.co.uk/ontology/admingeo/County,Eastern,http://data.ordnancesurvey.co.uk/id/7000000000041425,England,http://data.ordnancesurvey.co.uk/id/country/england,,,
PE133HW,http://data.ordnancesurvey.co.uk/id/postcodeunit/PE133HW,PE13 3HW,,,,other,Postcode,546957,311044,3500,18000,,,,,,,Wisbech,http://data.ordnancesurvey.co.uk/id/4000000074551318,http://www.ordnancesurvey.co.uk/xml/codelists/localtype.xml#town,Fenland,http://data.ordnancesurvey.co.uk/id/7000000000001357,http://data.ordnancesurvey.co.uk/ontology/admingeo/District,Cambridgeshire,http://data.ordnancesurvey.co.uk/id/7000000000001386,http://data.ordnancesurvey.co.uk/ontology/admingeo/County,Eastern,http://data.ordnancesurvey.co.uk/id/7000000000041425,England,http://data.ordnancesurvey.co.uk/id/country/england,,,
PE131HL,http://data.ordnancesurvey.co.uk/id/postcodeunit/PE131HL,PE13 1HL,,,,other,Postcode,546338,309677,3500,18000,,,,,,,Wisbech,http://data.ordnancesurvey.co.uk/id/4000000074551318,http://www.ordnancesurvey.co.uk/xml/codelists/localtype.xml#town,Fenland,http://data.ordnancesurvey.co.uk/id/7000000000001357,http://data.ordnancesurvey.co.uk/ontology/admingeo/District,Cambridgeshire,http://data.ordnancesurvey.co.uk/id/7000000000001386,http://data.ordnancesurvey.co.uk/ontology/admingeo/County,Eastern,http://data.ordnancesurvey.co.uk/id/7000000000041425,England,http://data.ordnancesurvey.co.uk/id/country/england,,,
PE140BJ,http://data.ordnancesurvey.co.uk/id/postcodeunit/PE140BJ,PE14 0BJ,,,,other,Postcode,547116,306507,3500,18000,,,,,,,Elm,http://data.ordnancesurvey.co.uk/id/4000000074341528,http://www.ordnancesurvey.co.uk/xml/codelists/localtype.xml#village,Fenland,http://data.ordnancesurvey.co.uk/id/7000000000001357,http://data.ordnancesurvey.co.uk/ontology/admingeo/District,Cambridgeshire,http://data.ordnancesurvey.co.uk/id/7000000000001386,http://data.ordnancesurvey.co.uk/ontology/admingeo/County,Eastern,http://data.ordnancesurvey.co.uk/id/7000000000041425,England,http://data.ordnancesurvey.co.uk/id/country/england,,,
PE150BS,http://data.ordnancesurvey.co.uk/id/postcodeunit/PE150BS,PE15 0BS,,,,other,Postcode,543686,300490,3500,18000,,,,,,,,,,Fenland,http://data.ordnancesurvey.co.uk/id/7000000000001357,http://data.ordnancesurvey.co.uk/ontology/admingeo/District,Cambridgeshire,http://data.ordnancesurvey.co.uk/id/7000000000001386,http://data.ordnancesurvey.co.uk/ontology/admingeo/County,Eastern,http://data.ordnancesurvey.co.uk/id/7000000000041425,England,http://data.ordnancesurvey.co.uk/id/country/england,,,
PE132JD,http://data.ordnancesurvey.co.uk/id/postcodeunit/PE132JD,PE13 2JD,,,,other,Postcode,546884,309005,3500,18000,,,,,,,Wisbech,http://data.ordnancesurvey.co.uk/id/4000000074551318,http://www.ordnancesurvey.co.uk/xml/codelists/localtype.xml#town,Fenland,http://data.ordnancesurvey.co.uk/id/7000000000001357,http://data.ordnancesurvey.co.uk/ontology/admingeo/District,Cambridgeshire,http://data.ordnancesurvey.co.uk/id/7000000000001386,http://data.ordnancesurvey.co.uk/ontology/admingeo/County,Eastern,http://data.ordnancesurvey.co.uk/id/7000000000041425,England,http://data.ordnancesurvey.co.uk/id/country/england,,,
PE140HW,http://data.ordnancesurvey.co.uk/id/postcodeunit/PE140HW,PE14 0HW,,,,other,Postcode,546414,304609,3500,18000,,,,,,,Friday Bridge,http://data.ordnancesurvey.co.uk/id/4000000074550225,http://www.ordnancesurvey.co.uk/xml/codelists/localtype.xml#village,Fenland,http://data.ordnancesurvey.co.uk/id/7000000000001357,http://data.ordnancesurvey.co.uk/ontology/admingeo/District,Cambridgeshire,http://data.ordnancesurvey.co.uk/id/7000000000001386,http://data.ordnancesurvey.co.uk/ontology/admingeo/County,Eastern,http://data.ordnancesurvey.co.uk/id/7000000000041425,England,http://data.ordnancesurvey.co.uk/id/country/england,,,
PE133QW,http://data.ordnancesurvey.co.uk/id/postcodeunit/PE133QW,PE13 3QW,,,,other,Postcode,547351,310263,3500,18000,,,,,,,Wisbech,http://data.ordnancesurvey.co.uk/id/4000000074551318,http://www.ordnancesurvey.co.uk/xml/codelists/localtype.xml#town,Fenland,http://data.ordnancesurvey.co.uk/id/7000000000001357,http://data.ordnancesurvey.co.uk/ontology/admingeo/District,Cambridgeshire,http://data.ordnancesurvey.co.uk/id/7000000000001386,http://data.ordnancesurvey.co.uk/ontology/admingeo/County,Eastern,http://data.ordnancesurvey.co.uk/id/7000000000041425,England,http://data.ordnancesurvey.co.uk/id/country/england,,,
PE140HL,http://data.ordnancesurvey.co.uk/id/postcodeunit/PE140HL,PE14 0HL,,,,other,Postcode,546742,305187,3500,18000,,,,,,,Friday Bridge,http://data.ordnancesurvey.co.uk/id/4000000074550225,http://www.ordnancesurvey.co.uk/xml/codelists/localtype.xml#village,Fenland,http://data.ordnancesurvey.co.uk/id/7000000000001357,http://data.ordnancesurvey.co.uk/ontology/admingeo/District,Cambridgeshire,http://data.ordnancesurvey.co.uk/id/7000000000001386,http://data.ordnancesurvey.co.uk/ontology/admingeo/County,Eastern,http://data.ordnancesurvey.co.uk/id/7000000000041425,England,http://data.ordnancesurvey.co.uk/id/country/england,,,
PE149DZ,http://data.ordnancesurvey.co.uk/id/postcodeunit/PE149DZ,PE14 9DZ,,,,other,Postcode,550378,302674,3500,18000,,,,,,,Upwell,http://data.ordnancesurvey.co.uk/id/4000000074550938,http://www.ordnancesurvey.co.uk/xml/codelists/localtype.xml#village,King's Lynn and West Norfolk,http://data.ordnancesurvey.co.uk/id/7000000000007016,http://data.ordnancesurvey.co.uk/ontology/admingeo/District,Norfolk,http://data.ordnancesurvey.co.uk/id/7000000000007238,http://data.ordnancesurvey.co.uk/ontology/admingeo/County,Eastern,http://data.ordnancesurvey.co.uk/id/7000000000041425,England,http://data.ordnancesurvey.co.uk/id/country/england,,,
PE135EJ,http://data.ordnancesurvey.co.uk/id/postcodeunit/PE135EJ,PE13 5EJ,,,,other,Postcode,542975,312617,3500,18000,,,,,,,Fitton End,http://data.ordnancesurvey.co.uk/id/4000000074548411,http://www.ordnancesurvey.co.uk/xml/codelists/localtype.xml#hamlet,Fenland,http://data.ordnancesurvey.co.uk/id/7000000000001357,http://data.ordnancesurvey.co.uk/ontology/admingeo/District,Cambridgeshire,http://data.ordnancesurvey.co.uk/id/7000000000001386,http://data.ordnancesurvey.co.uk/ontology/admingeo/County,Eastern,http://data.ordnancesurvey.co.uk/id/7000000000041425,England,http://data.ordnancesurvey.co.uk/id/country/england,,,
PE147AY,http://data.ordnancesurvey.co.uk/id/postcodeunit/PE147AY,PE14 7AY,,,,other,Postcode,548324,310354,3500,18000,,,,,,,Wisbech,http://data.ordnancesurvey.co.uk/id/4000000074551318,http://www.ordnancesurvey.co.uk/xml/codelists/localtype.xml#town,King's Lynn and West Norfolk,http://data.ordnancesurvey.co.uk/id/7000000000007016,http://data.ordnancesurvey.co.uk/ontology/admingeo/District,Norfolk,http://data.ordnancesurvey.co.uk/id/7000000000007238,http://data.ordnancesurvey.co.uk/ontology/admingeo/County,Eastern,http://data.ordnancesurvey.co.uk/id/7000000000041425,England,http://data.ordnancesurvey.co.uk/id/country/england,,,
PE343NR,http://data.ordnancesurvey.co.uk/id/postcodeunit/PE343NR,PE34 3NR,,,,other,Postcode,558015,306082,3500,18000,,,,,,,,,,King's Lynn and West Norfolk,http://data.ordnancesurvey.co.uk/id/7000000000007016,http://data.ordnancesurvey.co.uk/ontology/admingeo/District,Norfolk,http://data.ordnancesurvey.co.uk/id/7000000000007238,http://data.ordnancesurvey.co.uk/ontology/admingeo/County,Eastern,http://data.ordnancesurvey.co.uk/id/7000000000041425,England,http://data.ordnancesurvey.co.uk/id/country/england,,,
PE132AL,http://data.ordnancesurvey.co.uk/id/postcodeunit/PE132AL,PE13 2AL,,,,other,Postcode,546728,309224,3500,18000,,,,,,,Wisbech,http://data.ordnancesurvey.co.uk/id/4000000074551318,http://www.ordnancesurvey.co.uk/xml/codelists/localtype.xml#town,Fenland,http://data.ordnancesurvey.co.uk/id/7000000000001357,http://data.ordnancesurvey.co.uk/ontology/admingeo/District,Cambridgeshire,http://data.ordnancesurvey.co.uk/id/7000000000001386,http://data.ordnancesurvey.co.uk/ontology/admingeo/County,Eastern,http://data.ordnancesurvey.co.uk/id/7000000000041425,England,http://data.ordnancesurvey.co.uk/id/country/england,,,
PE131PT,http://data.ordnancesurvey.co.uk/id/postcodeunit/PE131PT,PE13 1PT,,,,other,Postcode,545558,310852,3500,18000,,,,,,,Wisbech,http://data.ordnancesurvey.co.uk/id/4000000074551318,http://www.ordnancesurvey.co.uk/xml/codelists/localtype.xml#town,Fenland,http://data.ordnancesurvey.co.uk/id/7000000000001357,http://data.ordnancesurvey.co.uk/ontology/admingeo/District,Cambridgeshire,http://data.ordnancesurvey.co.uk/id/7000000000001386,http://data.ordnancesurvey.co.uk/ontology/admingeo/County,Eastern,http://data.ordnancesurvey.co.uk/id/7000000000041425,England,http://data.ordnancesurvey.co.uk/id/country/england,,,
PE140SD,http://data.ordnancesurvey.co.uk/id/postcodeunit/PE140SD,PE14 0SD,,,,other,Postcode,544871,307632,3500,18000,,,,,,,,,,Fenland,http://data.ordnancesurvey.co.uk/id/7000000000001357,http://data.ordnancesurvey.co.uk/ontology/admingeo/District,Cambridgeshire,http://data.ordnancesurvey.co.uk/id/7000000000001386,http://data.ordnancesurvey.co.uk/ontology/admingeo/County,Eastern,http://data.ordnancesurvey.co.uk/id/7000000000041425,England,http://data.ordnancesurvey.co.uk/id/country/england,,,
PE148RG,http://data.ordnancesurvey.co.uk/id/postcodeunit/PE148RG,PE14 8RG,,,,other,Postcode,551358,303709,3500,18000,,,,,,,Outwell,http://data.ordnancesurvey.co.uk/id/4000000074548389,http://www.ordnancesurvey.co.uk/xml/codelists/localtype.xml#village,King's Lynn and West Norfolk,http://data.ordnancesurvey.co.uk/id/7000000000007016,http://data.ordnancesurvey.co.uk/ontology/admingeo/District,Norfolk,http://data.ordnancesurvey.co.uk/id/7000000000007238,http://data.ordnancesurvey.co.uk/ontology/admingeo/County,Eastern,http://data.ordnancesurvey.co.uk/id/7000000000041425,England,http://data.ordnancesurvey.co.uk/id/country/england,,,
PE132ST,http://data.ordnancesurvey.co.uk/id/postcodeunit/PE132ST,PE13 2ST,,,,other,Postcode,547115,308864,3500,18000,,,,,,,Wisbech,http://data.ordnancesurvey.co.uk/id/4000000074551318,http://www.ordnancesurvey.co.uk/xml/codelists/localtype.xml#town,Fenland,http://data.ordnancesurvey.co.uk/id/7000000000001357,http://data.ordnancesurvey.co.uk/ontology/admingeo/District,Cambridgeshire,http://data.ordnancesurvey.co.uk/id/7000000000001386,http://data.ordnancesurvey.co.uk/ontology/admingeo/County,Eastern,http://data.ordnancesurvey.co.uk/id/7000000000041425,England,http://data.ordnancesurvey.co.uk/id/country/england,,,
PE132UQ,http://data.ordnancesurvey.co.uk/id/postcodeunit/PE132UQ,PE13 2UQ,,,,other,Postcode,547289,308440,3500,18000,,,,,,,Wisbech,http://data.ordnancesurvey.co.uk/id/4000000074551318,http://www.ordnancesurvey.co.uk/xml/codelists/localtype.xml#town,Fenland,http://data.ordnancesurvey.co.uk/id/7000000000001357,http://data.ordnancesurvey.co.uk/ontology/admingeo/District,Cambridgeshire,http://data.ordnancesurvey.co.uk/id/7000000000001386,http://data.ordnancesurvey.co.uk/ontology/admingeo/County,Eastern,http://data.ordnancesurvey.co.uk/id/7000000000041425,England,http://data.ordnancesurvey.co.uk/id/country/england,,,
PE133AY,http://data.ordnancesurvey.co.uk/id/postcodeunit/PE133AY,PE13 3AY,,,,other,Postcode,546214,310322,3500,18000,,,,,,,Wisbech,http://data.ordnancesurvey.co.uk/id/4000000074551318,http://www.ordnancesurvey.co.uk/xml/codelists/localtype.xml#town,Fenland,http://data.ordnancesurvey.co.uk/id/7000000000001357,http://data.ordnancesurvey.co.uk/ontology/admingeo/District,Cambridgeshire,http://data.ordnancesurvey.co.uk/id/7000000000001386,http://data.ordnancesurvey.co.uk/ontology/admingeo/County,Eastern,http://data.ordnancesurvey.co.uk/id/7000000000041425,England,http://data.ordnancesurvey.co.uk/id/country/england,,,
PE132QP,http://data.ordnancesurvey.co.uk/id/postcodeunit/PE132QP,PE13 2QP,,,,other,Postcode,546317,309146,3500,18000,,,,,,,Wisbech,http://data.ordnancesurvey.co.uk/id/4000000074551318,http://www.ordnancesurvey.co.uk/xml/codelists/localtype.xml#town,Fenland,http://data.ordnancesurvey.co.uk/id/7000000000001357,http://data.ordnancesurvey.co.uk/ontology/admingeo/District,Cambridgeshire,http://data.ordnancesurvey.co.uk/id/7000000000001386,http://data.ordnancesurvey.co.uk/ontology/admingeo/County,Eastern,http://data.ordnancesurvey.co.uk/id/7000000000041425,England,http://data.ordnancesurvey.co.uk/id/country/england,,,
PE135QF,http://data.ordnancesurvey.co.uk/id/postcodeunit/PE135QF,PE13 5QF,,,,other,Postcode,545165,317906,3500,18000,,,,,,,Tydd Gote,http://data.ordnancesurvey.co.uk/id/4000000074548409,http://www.ordnancesurvey.co.uk/xml/codelists/localtype.xml#village,South Holland,http://data.ordnancesurvey.co.uk/id/7000000000005599,http://data.ordnancesurvey.co.uk/ontology/admingeo/District,Lincolnshire,http://data.ordnancesurvey.co.uk/id/7000000000005942,http://data.ordnancesurvey.co.uk/ontology/admingeo/County,East Midlands,http://data.ordnancesurvey.co.uk/id/7000000000041423,England,http://data.ordnancesurvey.co.uk/id/country/england,,,
PE147LP,http://data.ordnancesurvey.co.uk/id/postcodeunit/PE147LP,PE14 7LP,,,,other,Postcode,550528,317707,3500,18000,,,,,,,Walpole St Andrew,http://data.ordnancesurvey.co.uk/id/4000000074550944,http://www.ordnancesurvey.co.uk/xml/codelists/localtype.xml#village,King's Lynn and West Norfolk,http://data.ordnancesurvey.co.uk/id/7000000000007016,http://data.ordnancesurvey.co.uk/ontology/admingeo/District,Norfolk,http://data.ordnancesurvey.co.uk/id/7000000000007238,http://data.ordnancesurvey.co.uk/ontology/admingeo/County,Eastern,http://data.ordnancesurvey.co.uk/id/7000000000041425,England,http://data.ordnancesurvey.co.uk/id/country/england,,,
PE120JF,http://data.ordnancesurvey.co.uk/id/postcodeunit/PE120JF,PE12 0JF,,,,other,Postcode,540444,316993,3500,18000,,,,,,,,,,South Holland,http://data.ordnancesurvey.co.uk/id/7000000000005599,http://data.ordnancesurvey.co.uk/ontology/admingeo/District,Lincolnshire,http://data.ordnancesurvey.co.uk/id/7000000000005942,http://data.ordnancesurvey.co.uk/ontology/admingeo/County,East Midlands,http://data.ordnancesurvey.co.uk/id/7000000000041423,England,http://data.ordnancesurvey.co.uk/id/country/england,,,
PE134QZ,http://data.ordnancesurvey.co.uk/id/postcodeunit/PE134QZ,PE13 4QZ,,,,other,Postcode,541622,308021,3500,18000,,,,,,,Wisbech St Mary,http://data.ordnancesurvey.co.uk/id/4000000074551315,http://www.ordnancesurvey.co.uk/xml/codelists/localtype.xml#village,Fenland,http://data.ordnancesurvey.co.uk/id/7000000000001357,http://data.ordnancesurvey.co.uk/ontology/admingeo/District,Cambridgeshire,http://data.ordnancesurvey.co.uk/id/7000000000001386,http://data.ordnancesurvey.co.uk/ontology/admingeo/County,Eastern,http://data.ordnancesurvey.co.uk/id/7000000000041425,England,http://data.ordnancesurvey.co.uk/id/country/england,,,
PE140DU,http://data.ordnancesurvey.co.uk/id/postcodeunit/PE140DU,PE14 0DU,,,,other,Postcode,548005,307196,3500,18000,,,,,,,Elm,http://data.ordnancesurvey.co.uk/id/4000000074341528,http://www.ordnancesurvey.co.uk/xml/codelists/localtype.xml#village,King's Lynn and West Norfolk,http://data.ordnancesurvey.co.uk/id/7000000000007016,http://data.ordnancesurvey.co.uk/ontology/admingeo/District,Norfolk,http://data.ordnancesurvey.co.uk/id/7000000000007238,http://data.ordnancesurvey.co.uk/ontology/admingeo/County,Eastern,http://data.ordnancesurvey.co.uk/id/7000000000041425,England,http://data.ordnancesurvey.co.uk/id/country/england,,,
PE344JS,http://data.ordnancesurvey.co.uk/id/postcodeunit/PE344JS,PE34 4JS,,,,other,Postcode,554081,319670,3500,18000,,,,,,,Terrington St Clement,http://data.ordnancesurvey.co.uk/id/4000000074548395,http://www.ordnancesurvey.co.uk/xml/codelists/localtype.xml#otherSettlement,King's Lynn and West Norfolk,http://data.ordnancesurvey.co.uk/id/7000000000007016,http://data.ordnancesurvey.co.uk/ontology/admingeo/District,Norfolk,http://data.ordnancesurvey.co.uk/id/7000000000007238,http://data.ordnancesurvey.co.uk/ontology/admingeo/County,Eastern,http://data.ordnancesurvey.co.uk/id/7000000000041425,England,http://data.ordnancesurvey.co.uk/id/country/england,,,
PE140DN,http://data.ordnancesurvey.co.uk/id/postcodeunit/PE140DN,PE14 0DN,,,,other,Postcode,547483,307462,3500,18000,,,,,,,Elm,http://data.ordnancesurvey.co.uk/id/4000000074341528,http://www.ordnancesurvey.co.uk/xml/codelists/localtype.xml#village,King's Lynn and West Norfolk,http://data.ordnancesurvey.co.uk/id/7000000000007016,http://data.ordnancesurvey.co.uk/ontology/admingeo/District,Norfolk,http://data.ordnancesurvey.co.uk/id/7000000000007238,http://data.ordnancesurvey.co.uk/ontology/admingeo/County,Eastern,http://data.ordnancesurvey.co.uk/id/7000000000041425,England,http://data.ordnancesurvey.co.uk/id/country/england,,,
PE132PG,http://data.ordnancesurvey.co.uk/id/postcodeunit/PE132PG,PE13 2PG,,,,other,Postcode,546154,309297,3500,18000,,,,,,,Wisbech,http://data.ordnancesurvey.co.uk/id/4000000074551318,http://www.ordnancesurvey.co.uk/xml/codelists/localtype.xml#town,Fenland,http://data.ordnancesurvey.co.uk/id/7000000000001357,http://data.ordnancesurvey.co.uk/ontology/admingeo/District,Cambridgeshire,http://data.ordnancesurvey.co.uk/id/7000000000001386,http://data.ordnancesurvey.co.uk/ontology/admingeo/County,Eastern,http://data.ordnancesurvey.co.uk/id/7000000000041425,England,http://data.ordnancesurvey.co.uk/id/country/england,,,
PE148QN,http://data.ordnancesurvey.co.uk/id/postcodeunit/PE148QN,PE14 8QN,,,,other,Postcode,554735,304774,3500,18000,,,,,,,,,,King's Lynn and West Norfolk,http://data.ordnancesurvey.co.uk/id/7000000000007016,http://data.ordnancesurvey.co.uk/ontology/admingeo/District,Norfolk,http://data.ordnancesurvey.co.uk/id/7000000000007238,http://data.ordnancesurvey.co.uk/ontology/admingeo/County,Eastern,http://data.ordnancesurvey.co.uk/id/7000000000041425,England,http://data.ordnancesurvey.co.uk/id/country/england,,,
PE135JT,http://data.ordnancesurvey.co.uk/id/postcodeunit/PE135JT,PE13 5JT,,,,other,Postcode,542901,309475,3500,18000,,,,,,,,,,Fenland,http://data.ordnancesurvey.co.uk/id/7000000000001357,http://data.ordnancesurvey.co.uk/ontology/admingeo/District,Cambridgeshire,http://data.ordnancesurvey.co.uk/id/7000000000001386,http://data.ordnancesurvey.co.uk/ontology/admingeo/County,Eastern,http://data.ordnancesurvey.co.uk/id/7000000000041425,England,http://data.ordnancesurvey.co.uk/id/country/england,,,
PE133XG,http://data.ordnancesurvey.co.uk/id/postcodeunit/PE133XG,PE13 3XG,,,,other,Postcode,547042,311010,3500,18000,,,,,,,Wisbech,http://data.ordnancesurvey.co.uk/id/4000000074551318,http://www.ordnancesurvey.co.uk/xml/codelists/localtype.xml#town,Fenland,http://data.ordnancesurvey.co.uk/id/7000000000001357,http://data.ordnancesurvey.co.uk/ontology/admingeo/District,Cambridgeshire,http://data.ordnancesurvey.co.uk/id/7000000000001386,http://data.ordnancesurvey.co.uk/ontology/admingeo/County,Eastern,http://data.ordnancesurvey.co.uk/id/7000000000041425,England,http://data.ordnancesurvey.co.uk/id/country/england,,,
PE133LR,http://data.ordnancesurvey.co.uk/id/postcodeunit/PE133LR,PE13 3LR,,,,other,Postcode,546283,310997,3500,18000,,,,,,,Wisbech,http://data.ordnancesurvey.co.uk/id/4000000074551318,http://www.ordnancesurvey.co.uk/xml/codelists/localtype.xml#town,Fenland,http://data.ordnancesurvey.co.uk/id/7000000000001357,http://data.ordnancesurvey.co.uk/ontology/admingeo/District,Cambridgeshire,http://data.ordnancesurvey.co.uk/id/7000000000001386,http://data.ordnancesurvey.co.uk/ontology/admingeo/County,Eastern,http://data.ordnancesurvey.co.uk/id/7000000000041425,England,http://data.ordnancesurvey.co.uk/id/country/england,,,
PE134UP,http://data.ordnancesurvey.co.uk/id/postcodeunit/PE134UP,PE13 4UP,,,,other,Postcode,544589,309270,3500,18000,,,,,,,Wisbech,http://data.ordnancesurvey.co.uk/id/4000000074551318,http://www.ordnancesurvey.co.uk/xml/codelists/localtype.xml#town,Fenland,http://data.ordnancesurvey.co.uk/id/7000000000001357,http://data.ordnancesurvey.co.uk/ontology/admingeo/District,Cambridgeshire,http://data.ordnancesurvey.co.uk/id/7000000000001386,http://data.ordnancesurvey.co.uk/ontology/admingeo/County,Eastern,http://data.ordnancesurvey.co.uk/id/7000000000041425,England,http://data.ordnancesurvey.co.uk/id/country/england,,,
PE135EX,http://data.ordnancesurvey.co.uk/id/postcodeunit/PE135EX,PE13 5EX,,,,other,Postcode,544258,314539,3500,18000,,,,,,,Newton-in-the-Isle,http://data.ordnancesurvey.co.uk/id/4000000074548769,http://www.ordnancesurvey.co.uk/xml/codelists/localtype.xml#village,Fenland,http://data.ordnancesurvey.co.uk/id/7000000000001357,http://data.ordnancesurvey.co.uk/ontology/admingeo/District,Cambridgeshire,http://data.ordnancesurvey.co.uk/id/7000000000001386,http://data.ordnancesurvey.co.uk/ontology/admingeo/County,Eastern,http://data.ordnancesurvey.co.uk/id/7000000000041425,England,http://data.ordnancesurvey.co.uk/id/country/england,,,
PE343ET,http://data.ordnancesurvey.co.uk/id/postcodeunit/PE343ET,PE34 3ET,,,,other,Postcode,559134,314065,3500,18000,,,,,,,Wiggenhall St Germans,http://data.ordnancesurvey.co.uk/id/4000000074550213,http://www.ordnancesurvey.co.uk/xml/codelists/localtype.xml#village,King's Lynn and West Norfolk,http://data.ordnancesurvey.co.uk/id/7000000000007016,http://data.ordnancesurvey.co.uk/ontology/admingeo/District,Norfolk,http://data.ordnancesurvey.co.uk/id/7000000000007238,http://data.ordnancesurvey.co.uk/ontology/admingeo/County,Eastern,http://data.ordnancesurvey.co.uk/id/7000000000041425,England,http://data.ordnancesurvey.co.uk/id/country/england,,,
PE132NF,http://data.ordnancesurvey.co.uk/id/postcodeunit/PE132NF,PE13 2NF,,,,other,Postcode,546533,309171,3500,18000,,,,,,,Wisbech,http://data.ordnancesurvey.co.uk/id/4000000074551318,http://www.ordnancesurvey.co.uk/xml/codelists/localtype.xml#town,Fenland,http://data.ordnancesurvey.co.uk/id/7000000000001357,http://data.ordnancesurvey.co.uk/ontology/admingeo/District,Cambridgeshire,http://data.ordnancesurvey.co.uk/id/7000000000001386,http://data.ordnancesurvey.co.uk/ontology/admingeo/County,Eastern,http://data.ordnancesurvey.co.uk/id/7000000000041425,England,http://data.ordnancesurvey.co.uk/id/country/england,,,
PE133QP,http://data.ordnancesurvey.co.uk/id/postcodeunit/PE133QP,PE13 3QP,,,,other,Postcode,547539,310346,3500,18000,,,,,,,Wisbech,http://data.ordnancesurvey.co.uk/id/4000000074551318,http://www.ordnancesurvey.co.uk/xml/codelists/localtype.xml#town,Fenland,http://data.ordnancesurvey.co.uk/id/7000000000001357,http://data.ordnancesurvey.co.uk/ontology/admingeo/District,Cambridgeshire,http://data.ordnancesurvey.co.uk/id/7000000000001386,http://data.ordnancesurvey.co.uk/ontology/admingeo/County,Eastern,http://data.ordnancesurvey.co.uk/id/7000000000041425,England,http://data.ordnancesurvey.co.uk/id/country/england,,,
PE147DH,http://data.ordnancesurvey.co.uk/id/postcodeunit/PE147DH,PE14 7DH,,,,other,Postcode,550174,311434,3500,18000,,,,,,,,,,King's Lynn and West Norfolk,http://data.ordnancesurvey.co.uk/id/7000000000007016,http://data.ordnancesurvey.co.uk/ontology/admingeo/District,Norfolk,http://data.ordnancesurvey.co.uk/id/7000000000007238,http://data.ordnancesurvey.co.uk/ontology/admingeo/County,Eastern,http://data.ordnancesurvey.co.uk/id/7000000000041425,England,http://data.ordnancesurvey.co.uk/id/country/england,,,
PE140HB,http://data.ordnancesurvey.co.uk/id/postcodeunit/PE140HB,PE14 0HB,,,,other,Postcode,545705,304882,3500,18000,,,,,,,,,,Fenland,http://data.ordnancesurvey.co.uk/id/7000000000001357,http://data.ordnancesurvey.co.uk/ontology/admingeo/District,Cambridgeshire,http://data.ordnancesurvey.co.uk/id/7000000000001386,http://data.ordnancesurvey.co.uk/ontology/admingeo/County,Eastern,http://data.ordnancesurvey.co.uk/id/7000000000041425,England,http://data.ordnancesurvey.co.uk/id/country/england,,,
PE380BT,http://data.ordnancesurvey.co.uk/id/postcodeunit/PE380BT,PE38 0BT,,,,other,Postcode,556590,300374,3500,18000,,,,,,,,,,King's Lynn and West Norfolk,http://data.ordnancesurvey.co.uk/id/7000000000007016,http://data.ordnancesurvey.co.uk/ontology/admingeo/District,Norfolk,http://data.ordnancesurvey.co.uk/id/7000000000007238,http://data.ordnancesurvey.co.uk/ontology/admingeo/County,Eastern,http://data.ordnancesurvey.co.uk/id/7000000000041425,England,http://data.ordnancesurvey.co.uk/id/country/england,,,
PE133RD,http://data.ordnancesurvey.co.uk/id/postcodeunit/PE133RD,PE13 3RD,,,,other,Postcode,548074,310413,3500,18000,,,,,,,Wisbech,http://data.ordnancesurvey.co.uk/id/4000000074551318,http://www.ordnancesurvey.co.uk/xml/codelists/localtype.xml#town,King's Lynn and West Norfolk,http://data.ordnancesurvey.co.uk/id/7000000000007016,http://data.ordnancesurvey.co.uk/ontology/admingeo/District,Norfolk,http://data.ordnancesurvey.co.uk/id/7000000000007238,http://data.ordnancesurvey.co.uk/ontology/admingeo/County,Eastern,http://data.ordnancesurvey.co.uk/id/7000000000041425,England,http://data.ordnancesurvey.co.uk/id/country/england,,,
PE133BP,http://data.ordnancesurvey.co.uk/id/postcodeunit/PE133BP,PE13 3BP,,,,other,Postcode,546608,310210,3500,18000,,,,,,,Wisbech,http://data.ordnancesurvey.co.uk/id/4000000074551318,http://www.ordnancesurvey.co.uk/xml/codelists/localtype.xml#town,Fenland,http://data.ordnancesurvey.co.uk/id/7000000000001357,http://data.ordnancesurvey.co.uk/ontology/admingeo/District,Cambridgeshire,http://data.ordnancesurvey.co.uk/id/7000000000001386,http://data.ordnancesurvey.co.uk/ontology/admingeo/County,Eastern,http://data.ordnancesurvey.co.uk/id/7000000000041425,England,http://data.ordnancesurvey.co.uk/id/country/england,,,
PE344PQ,http://data.ordnancesurvey.co.uk/id/postcodeunit/PE344PQ,PE34 4PQ,,,,other,Postcode,554870,319980,3500,18000,,,,,,,Terrington St Clement,http://data.ordnancesurvey.co.uk/id/4000000074548395,http://www.ordnancesurvey.co.uk/xml/codelists/localtype.xml#otherSettlement,King's Lynn and West Norfolk,http://data.ordnancesurvey.co.uk/id/7000000000007016,http://data.ordnancesurvey.co.uk/ontology/admingeo/District,Norfolk,http://data.ordnancesurvey.co.uk/id/7000000000007238,http://data.ordnancesurvey.co.uk/ontology/admingeo/County,Eastern,http://data.ordnancesurvey.co.uk/id/7000000000041425,England,http://data.ordnancesurvey.co.uk/id/country/england,,,
PE133BD,http://data.ordnancesurvey.co.uk/id/postcodeunit/PE133BD,PE13 3BD,,,,other,Postcode,546360,310144,3500,18000,,,,,,,Wisbech,http://data.ordnancesurvey.co.uk/id/4000000074551318,http://www.ordnancesurvey.co.uk/xml/codelists/localtype.xml#town,Fenland,http://data.ordnancesurvey.co.uk/id/7000000000001357,http://data.ordnancesurvey.co.uk/ontology/admingeo/District,Cambridgeshire,http://data.ordnancesurvey.co.uk/id/7000000000001386,http://data.ordnancesurvey.co.uk/ontology/admingeo/County,Eastern,http://data.ordnancesurvey.co.uk/id/7000000000041425,England,http://data.ordnancesurvey.co.uk/id/country/england,,,
PE135PN,http://data.ordnancesurvey.co.uk/id/postcodeunit/PE135PN,PE13 5PN,,,,other,Postcode,544289,310897,3500,18000,,,,,,,Leverington,http://data.ordnancesurvey.co.uk/id/4000000074551313,http://www.ordnancesurvey.co.uk/xml/codelists/localtype.xml#village,Fenland,http://data.ordnancesurvey.co.uk/id/7000000000001357,http://data.ordnancesurvey.co.uk/ontology/admingeo/District,Cambridgeshire,http://data.ordnancesurvey.co.uk/id/7000000000001386,http://data.ordnancesurvey.co.uk/ontology/admingeo/County,Eastern,http://data.ordnancesurvey.co.uk/id/7000000000041425,England,http://data.ordnancesurvey.co.uk/id/country/england,,,
PE380BW,http://data.ordnancesurvey.co.uk/id/postcodeunit/PE380BW,PE38 0BW,,,,other,Postcode,554941,300527,3500,18000,,,,,,,,,,King's Lynn and West Norfolk,http://data.ordnancesurvey.co.uk/id/7000000000007016,http://data.ordnancesurvey.co.uk/ontology/admingeo/District,Norfolk,http://data.ordnancesurvey.co.uk/id/7000000000007238,http://data.ordnancesurvey.co.uk/ontology/admingeo/County,Eastern,http://data.ordnancesurvey.co.uk/id/7000000000041425,England,http://data.ordnancesurvey.co.uk/id/country/england,,,
PE135QY,http://data.ordnancesurvey.co.uk/id/postcodeunit/PE135QY,PE13 5QY,,,,other,Postcode,544081,318670,3500,18000,,,,,,,Tydd St Mary,http://data.ordnancesurvey.co.uk/id/4000000074548410,http://www.ordnancesurvey.co.uk/xml/codelists/localtype.xml#village,South Holland,http://data.ordnancesurvey.co.uk/id/7000000000005599,http://data.ordnancesurvey.co.uk/ontology/admingeo/District,Lincolnshire,http://data.ordnancesurvey.co.uk/id/7000000000005942,http://data.ordnancesurvey.co.uk/ontology/admingeo/County,East Midlands,http://data.ordnancesurvey.co.uk/id/7000000000041423,England,http://data.ordnancesurvey.co.uk/id/country/england,,,
PE133TA,http://data.ordnancesurvey.co.uk/id/postcodeunit/PE133TA,PE13 3TA,,,,other,Postcode,546941,309749,3500,18000,,,,,,,Wisbech,http://data.ordnancesurvey.co.uk/id/4000000074551318,http://www.ordnancesurvey.co.uk/xml/codelists/localtype.xml#town,Fenland,http://data.ordnancesurvey.co.uk/id/7000000000001357,http://data.ordnancesurvey.co.uk/ontology/admingeo/District,Cambridgeshire,http://data.ordnancesurvey.co.uk/id/7000000000001386,http://data.ordnancesurvey.co.uk/ontology/admingeo/County,Eastern,http://data.ordnancesurvey.co.uk/id/7000000000041425,England,http://data.ordnancesurvey.co.uk/id/country/england,,,
PE135DF,http://data.ordnancesurvey.co.uk/id/postcodeunit/PE135DF,PE13 5DF,,,,other,Postcode,544432,310976,3500,18000,,,,,,,Leverington,http://data.ordnancesurvey.co.uk/id/4000000074551313,http://www.ordnancesurvey.co.uk/xml/codelists/localtype.xml#village,Fenland,http://data.ordnancesurvey.co.uk/id/7000000000001357,http://data.ordnancesurvey.co.uk/ontology/admingeo/District,Cambridgeshire,http://data.ordnancesurvey.co.uk/id/7000000000001386,http://data.ordnancesurvey.co.uk/ontology/admingeo/County,Eastern,http://data.ordnancesurvey.co.uk/id/7000000000041425,England,http://data.ordnancesurvey.co.uk/id/country/england,,,
PE134TP,http://data.ordnancesurvey.co.uk/id/postcodeunit/PE134TP,PE13 4TP,,,,other,Postcode,543600,308368,3500,18000,,,,,,,,,,Fenland,http://data.ordnancesurvey.co.uk/id/7000000000001357,http://data.ordnancesurvey.co.uk/ontology/admingeo/District,Cambridgeshire,http://data.ordnancesurvey.co.uk/id/7000000000001386,http://data.ordnancesurvey.co.uk/ontology/admingeo/County,Eastern,http://data.ordnancesurvey.co.uk/id/7000000000041425,England,http://data.ordnancesurvey.co.uk/id/country/england,,,
PE343FP,http://data.ordnancesurvey.co.uk/id/postcodeunit/PE343FP,PE34 3FP,,,,other,Postcode,557635,312140,3500,18000,,,,,,,,,,King's Lynn and West Norfolk,http://data.ordnancesurvey.co.uk/id/7000000000007016,http://data.ordnancesurvey.co.uk/ontology/admingeo/District,Norfolk,http://data.ordnancesurvey.co.uk/id/7000000000007238,http://data.ordnancesurvey.co.uk/ontology/admingeo/County,Eastern,http://data.ordnancesurvey.co.uk/id/7000000000041425,England,http://data.ordnancesurvey.co.uk/id/country/england,,,
PE343PA,http://data.ordnancesurvey.co.uk/id/postcodeunit/PE343PA,PE34 3PA,,,,other,Postcode,555590,304951,3500,18000,,,,,,,,,,King's Lynn and West Norfolk,http://data.ordnancesurvey.co.uk/id/7000000000007016,http://data.ordnancesurvey.co.uk/ontology/admingeo/District,Norfolk,http://data.ordnancesurvey.co.uk/id/7000000000007238,http://data.ordnancesurvey.co.uk/ontology/admingeo/County,Eastern,http://data.ordnancesurvey.co.uk/id/7000000000041425,England,http://data.ordnancesurvey.co.uk/id/country/england,,,
PE148JW,http://data.ordnancesurvey.co.uk/id/postcodeunit/PE148JW,PE14 8JW,,,,other,Postcode,554743,308781,3500,18000,,,,,,,,,,King's Lynn and West Norfolk,http://data.ordnancesurvey.co.uk/id/7000000000007016,http://data.ordnancesurvey.co.uk/ontology/admingeo/District,Norfolk,http://data.ordnancesurvey.co.uk/id/7000000000007238,http://data.ordnancesurvey.co.uk/ontology/admingeo/County,Eastern,http://data.ordnancesurvey.co.uk/id/7000000000041425,England,http://data.ordnancesurvey.co.uk/id/country/england,,,
PE133HL,http://data.ordnancesurvey.co.uk/id/postcodeunit/PE133HL,PE13 3HL,,,,other,Postcode,546861,311219,3500,18000,,,,,,,Wisbech,http://data.ordnancesurvey.co.uk/id/4000000074551318,http://www.ordnancesurvey.co.uk/xml/codelists/localtype.xml#town,Fenland,http://data.ordnancesurvey.co.uk/id/7000000000001357,http://data.ordnancesurvey.co.uk/ontology/admingeo/District,Cambridgeshire,http://data.ordnancesurvey.co.uk/id/7000000000001386,http://data.ordnancesurvey.co.uk/ontology/admingeo/County,Eastern,http://data.ordnancesurvey.co.uk/id/7000000000041425,England,http://data.ordnancesurvey.co.uk/id/country/england,,,
PE133XE,http://data.ordnancesurvey.co.uk/id/postcodeunit/PE133XE,PE13 3XE,,,,other,Postcode,546158,310254,3500,18000,,,,,,,Wisbech,http://data.ordnancesurvey.co.uk/id/4000000074551318,http://www.ordnancesurvey.co.uk/xml/codelists/localtype.xml#town,Fenland,http://data.ordnancesurvey.co.uk/id/7000000000001357,http://data.ordnancesurvey.co.uk/ontology/admingeo/District,Cambridgeshire,http://data.ordnancesurvey.co.uk/id/7000000000001386,http://data.ordnancesurvey.co.uk/ontology/admingeo/County,Eastern,http://data.ordnancesurvey.co.uk/id/7000000000041425,England,http://data.ordnancesurvey.co.uk/id/country/england,,,
PE135JX,http://data.ordnancesurvey.co.uk/id/postcodeunit/PE135JX,PE13 5JX,,,,other,Postcode,544179,311746,3500,18000,,,,,,,Leverington,http://data.ordnancesurvey.co.uk/id/4000000074551313,http://www.ordnancesurvey.co.uk/xml/codelists/localtype.xml#village,Fenland,http://data.ordnancesurvey.co.uk/id/7000000000001357,http://data.ordnancesurvey.co.uk/ontology/admingeo/District,Cambridgeshire,http://data.ordnancesurvey.co.uk/id/7000000000001386,http://data.ordnancesurvey.co.uk/ontology/admingeo/County,Eastern,http://data.ordnancesurvey.co.uk/id/7000000000041425,England,http://data.ordnancesurvey.co.uk/id/country/england,,,
PE147EJ,http://data.ordnancesurvey.co.uk/id/postcodeunit/PE147EJ,PE14 7EJ,,,,other,Postcode,547660,313354,3500,18000,,,,,,,West Walton,http://data.ordnancesurvey.co.uk/id/4000000074552041,http://www.ordnancesurvey.co.uk/xml/codelists/localtype.xml#village,King's Lynn and West Norfolk,http://data.ordnancesurvey.co.uk/id/7000000000007016,http://data.ordnancesurvey.co.uk/ontology/admingeo/District,Norfolk,http://data.ordnancesurvey.co.uk/id/7000000000007238,http://data.ordnancesurvey.co.uk/ontology/admingeo/County,Eastern,http://data.ordnancesurvey.co.uk/id/7000000000041425,England,http://data.ordnancesurvey.co.uk/id/country/england,,,
PE140JJ,http://data.ordnancesurvey.co.uk/id/postcodeunit/PE140JJ,PE14 0JJ,,,,other,Postcode,546797,306742,3500,18000,,,,,,,Elm,http://data.ordnancesurvey.co.uk/id/4000000074341528,http://www.ordnancesurvey.co.uk/xml/codelists/localtype.xml#village,Fenland,http://data.ordnancesurvey.co.uk/id/7000000000001357,http://data.ordnancesurvey.co.uk/ontology/admingeo/District,Cambridgeshire,http://data.ordnancesurvey.co.uk/id/7000000000001386,http://data.ordnancesurvey.co.uk/ontology/admingeo/County,Eastern,http://data.ordnancesurvey.co.uk/id/7000000000041425,England,http://data.ordnancesurvey.co.uk/id/country/england,,,
PE147SN,http://data.ordnancesurvey.co.uk/id/postcodeunit/PE147SN,PE14 7SN,,,,other,Postcode,552324,311650,3500,18000,,,,,,,,,,King's Lynn and West Norfolk,http://data.ordnancesurvey.co.uk/id/7000000000007016,http://data.ordnancesurvey.co.uk/ontology/admingeo/District,Norfolk,http://data.ordnancesurvey.co.uk/id/7000000000007238,http://data.ordnancesurvey.co.uk/ontology/admingeo/County,Eastern,http://data.ordnancesurvey.co.uk/id/7000000000041425,England,http://data.ordnancesurvey.co.uk/id/country/england,,,
PE135PX,http://data.ordnancesurvey.co.uk/id/postcodeunit/PE135PX,PE13 5PX,,,,other,Postcode,544242,311027,3500,18000,,,,,,,Leverington,http://data.ordnancesurvey.co.uk/id/4000000074551313,http://www.ordnancesurvey.co.uk/xml/codelists/localtype.xml#village,Fenland,http://data.ordnancesurvey.co.uk/id/7000000000001357,http://data.ordnancesurvey.co.uk/ontology/admingeo/District,Cambridgeshire,http://data.ordnancesurvey.co.uk/id/7000000000001386,http://data.ordnancesurvey.co.uk/ontology/admingeo/County,Eastern,http://data.ordnancesurvey.co.uk/id/7000000000041425,England,http://data.ordnancesurvey.co.uk/id/country/england,,,
PE133HE,http://data.ordnancesurvey.co.uk/id/postcodeunit/PE133HE,PE13 3HE,,,,other,Postcode,546922,310713,3500,18000,,,,,,,Wisbech,http://data.ordnancesurvey.co.uk/id/4000000074551318,http://www.ordnancesurvey.co.uk/xml/codelists/localtype.xml#town,Fenland,http://data.ordnancesurvey.co.uk/id/7000000000001357,http://data.ordnancesurvey.co.uk/ontology/admingeo/District,Cambridgeshire,http://data.ordnancesurvey.co.uk/id/7000000000001386,http://data.ordnancesurvey.co.uk/ontology/admingeo/County,Eastern,http://data.ordnancesurvey.co.uk/id/7000000000041425,England,http://data.ordnancesurvey.co.uk/id/country/england,,,
PE132SS,http://data.ordnancesurvey.co.uk/id/postcodeunit/PE132SS,PE13 2SS,,,,other,Postcode,547069,308788,3500,18000,,,,,,,Wisbech,http://data.ordnancesurvey.co.uk/id/4000000074551318,http://www.ordnancesurvey.co.uk/xml/codelists/localtype.xml#town,Fenland,http://data.ordnancesurvey.co.uk/id/7000000000001357,http://data.ordnancesurvey.co.uk/ontology/admingeo/District,Cambridgeshire,http://data.ordnancesurvey.co.uk/id/7000000000001386,http://data.ordnancesurvey.co.uk/ontology/admingeo/County,Eastern,http://data.ordnancesurvey.co.uk/id/7000000000041425,England,http://data.ordnancesurvey.co.uk/id/country/england,,,
PE344SN,http://data.ordnancesurvey.co.uk/id/postcodeunit/PE344SN,PE34 4SN,,,,other,Postcode,556913,318154,3500,18000,,,,,,,Tilney All Saints,http://data.ordnancesurvey.co.uk/id/4000000074550578,http://www.ordnancesurvey.co.uk/xml/codelists/localtype.xml#village,King's Lynn and West Norfolk,http://data.ordnancesurvey.co.uk/id/7000000000007016,http://data.ordnancesurvey.co.uk/ontology/admingeo/District,Norfolk,http://data.ordnancesurvey.co.uk/id/7000000000007238,http://data.ordnancesurvey.co.uk/ontology/admingeo/County,Eastern,http://data.ordnancesurvey.co.uk/id/7000000000041425,England,http://data.ordnancesurvey.co.uk/id/country/england,,,
PE135AE,http://data.ordnancesurvey.co.uk/id/postcodeunit/PE135AE,PE13 5AE,,,,other,Postcode,544317,311711,3500,18000,,,,,,,Leverington,http://data.ordnancesurvey.co.uk/id/4000000074551313,http://www.ordnancesurvey.co.uk/xml/codelists/localtype.xml#village,Fenland,http://data.ordnancesurvey.co.uk/id/7000000000001357,http://data.ordnancesurvey.co.uk/ontology/admingeo/District,Cambridgeshire,http://data.ordnancesurvey.co.uk/id/7000000000001386,http://data.ordnancesurvey.co.uk/ontology/admingeo/County,Eastern,http://data.ordnancesurvey.co.uk/id/7000000000041425,England,http://data.ordnancesurvey.co.uk/id/country/england,,,
PE131LT,http://data.ordnancesurvey.co.uk/id/postcodeunit/PE131LT,PE13 1LT,,,,other,Postcode,545376,309271,3500,18000,,,,,,,Wisbech,http://data.ordnancesurvey.co.uk/id/4000000074551318,http://www.ordnancesurvey.co.uk/xml/codelists/localtype.xml#town,Fenland,http://data.ordnancesurvey.co.uk/id/7000000000001357,http://data.ordnancesurvey.co.uk/ontology/admingeo/District,Cambridgeshire,http://data.ordnancesurvey.co.uk/id/7000000000001386,http://data.ordnancesurvey.co.uk/ontology/admingeo/County,Eastern,http://data.ordnancesurvey.co.uk/id/7000000000041425,England,http://data.ordnancesurvey.co.uk/id/country/england,,,
PE343EG,http://data.ordnancesurvey.co.uk/id/postcodeunit/PE343EG,PE34 3EG,,,,other,Postcode,558516,313858,3500,18000,,,,,,,Wiggenhall St Mary the Virgin,http://data.ordnancesurvey.co.uk/id/4000000074550574,http://www.ordnancesurvey.co.uk/xml/codelists/localtype.xml#village,King's Lynn and West Norfolk,http://data.ordnancesurvey.co.uk/id/7000000000007016,http://data.ordnancesurvey.co.uk/ontology/admingeo/District,Norfolk,http://data.ordnancesurvey.co.uk/id/7000000000007238,http://data.ordnancesurvey.co.uk/ontology/admingeo/County,Eastern,http://data.ordnancesurvey.co.uk/id/7000000000041425,England,http://data.ordnancesurvey.co.uk/id/country/england,,,
PE344QH,http://data.ordnancesurvey.co.uk/id/postcodeunit/PE344QH,PE34 4QH,,,,other,Postcode,555006,314352,3500,18000,,,,,,,Tilney St Lawrence,http://data.ordnancesurvey.co.uk/id/4000000074550579,http://www.ordnancesurvey.co.uk/xml/codelists/localtype.xml#village,King's Lynn and West Norfolk,http://data.ordnancesurvey.co.uk/id/7000000000007016,http://data.ordnancesurvey.co.uk/ontology/admingeo/District,Norfolk,http://data.ordnancesurvey.co.uk/id/7000000000007238,http://data.ordnancesurvey.co.uk/ontology/admingeo/County,Eastern,http://data.ordnancesurvey.co.uk/id/7000000000041425,England,http://data.ordnancesurvey.co.uk/id/country/england,,,
PE148DW,http://data.ordnancesurvey.co.uk/id/postcodeunit/PE148DW,PE14 8DW,,,,other,Postcode,549744,307106,3500,18000,,,,,,,Emneth,http://data.ordnancesurvey.co.uk/id/4000000074550948,http://www.ordnancesurvey.co.uk/xml/codelists/localtype.xml#village,King's Lynn and West Norfolk,http://data.ordnancesurvey.co.uk/id/7000000000007016,http://data.ordnancesurvey.co.uk/ontology/admingeo/District,Norfolk,http://data.ordnancesurvey.co.uk/id/7000000000007238,http://data.ordnancesurvey.co.uk/ontology/admingeo/County,Eastern,http://data.ordnancesurvey.co.uk/id/7000000000041425,England,http://data.ordnancesurvey.co.uk/id/country/england,,,
PE343NN,http://data.ordnancesurvey.co.uk/id/postcodeunit/PE343NN,PE34 3NN,,,,other,Postcode,559576,306202,3500,18000,,,,,,,,,,King's Lynn and West Norfolk,http://data.ordnancesurvey.co.uk/id/7000000000007016,http://data.ordnancesurvey.co.uk/ontology/admingeo/District,Norfolk,http://data.ordnancesurvey.co.uk/id/7000000000007238,http://data.ordnancesurvey.co.uk/ontology/admingeo/County,Eastern,http://data.ordnancesurvey.co.uk/id/7000000000041425,England,http://data.ordnancesurvey.co.uk/id/country/england,,,
PE135EP,http://data.ordnancesurvey.co.uk/id/postcodeunit/PE135EP,PE13 5EP,,,,other,Postcode,544069,312934,3500,18000,,,,,,,,,,Fenland,http://data.ordnancesurvey.co.uk/id/7000000000001357,http://data.ordnancesurvey.co.uk/ontology/admingeo/District,Cambridgeshire,http://data.ordnancesurvey.co.uk/id/7000000000001386,http://data.ordnancesurvey.co.uk/ontology/admingeo/County,Eastern,http://data.ordnancesurvey.co.uk/id/7000000000041425,England,http://data.ordnancesurvey.co.uk/id/country/england,,,
PE344QZ,http://data.ordnancesurvey.co.uk/id/postcodeunit/PE344QZ,PE34 4QZ,,,,other,Postcode,554633,313226,3500,18000,,,,,,,Tilney St Lawrence,http://data.ordnancesurvey.co.uk/id/4000000074550579,http://www.ordnancesurvey.co.uk/xml/codelists/localtype.xml#village,King's Lynn and West Norfolk,http://data.ordnancesurvey.co.uk/id/7000000000007016,http://data.ordnancesurvey.co.uk/ontology/admingeo/District,Norfolk,http://data.ordnancesurvey.co.uk/id/7000000000007238,http://data.ordnancesurvey.co.uk/ontology/admingeo/County,Eastern,http://data.ordnancesurvey.co.uk/id/7000000000041425,England,http://data.ordnancesurvey.co.uk/id/country/england,,,
PE135BG,http://data.ordnancesurvey.co.uk/id/postcodeunit/PE135BG,PE13 5BG,,,,other,Postcode,544181,311324,3500,18000,,,,,,,Leverington,http://data.ordnancesurvey.co.uk/id/4000000074551313,http://www.ordnancesurvey.co.uk/xml/codelists/localtype.xml#village,Fenland,http://data.ordnancesurvey.co.uk/id/7000000000001357,http://data.ordnancesurvey.co.uk/ontology/admingeo/District,Cambridgeshire,http://data.ordnancesurvey.co.uk/id/7000000000001386,http://data.ordnancesurvey.co.uk/ontology/admingeo/County,Eastern,http://data.ordnancesurvey.co.uk/id/7000000000041425,England,http://data.ordnancesurvey.co.uk/id/country/england,,,
PE148QL,http://data.ordnancesurvey.co.uk/id/postcodeunit/PE148QL,PE14 8QL,,,,other,Postcode,553331,304837,3500,18000,,,,,,,,,,King's Lynn and West Norfolk,http://data.ordnancesurvey.co.uk/id/7000000000007016,http://data.ordnancesurvey.co.uk/ontology/admingeo/District,Norfolk,http://data.ordnancesurvey.co.uk/id/7000000000007238,http://data.ordnancesurvey.co.uk/ontology/admingeo/County,Eastern,http://data.ordnancesurvey.co.uk/id/7000000000041425,England,http://data.ordnancesurvey.co.uk/id/country/england,,,
PE131DJ,http://data.ordnancesurvey.co.uk/id/postcodeunit/PE131DJ,PE13 1DJ,,,,other,Postcode,546195,309739,3500,18000,,,,,,,Wisbech,http://data.ordnancesurvey.co.uk/id/4000000074551318,http://www.ordnancesurvey.co.uk/xml/codelists/localtype.xml#town,Fenland,http://data.ordnancesurvey.co.uk/id/7000000000001357,http://data.ordnancesurvey.co.uk/ontology/admingeo/District,Cambridgeshire,http://data.ordnancesurvey.co.uk/id/7000000000001386,http://data.ordnancesurvey.co.uk/ontology/admingeo/County,Eastern,http://data.ordnancesurvey.co.uk/id/7000000000041425,England,http://data.ordnancesurvey.co.uk/id/country/england,,,
PE343BG,http://data.ordnancesurvey.co.uk/id/postcodeunit/PE343BG,PE34 3BG,,,,other,Postcode,558774,311452,3500,18000,,,,,,,Wiggenhall St Mary Magdalen,http://data.ordnancesurvey.co.uk/id/4000000074548392,http://www.ordnancesurvey.co.uk/xml/codelists/localtype.xml#village,King's Lynn and West Norfolk,http://data.ordnancesurvey.co.uk/id/7000000000007016,http://data.ordnancesurvey.co.uk/ontology/admingeo/District,Norfolk,http://data.ordnancesurvey.co.uk/id/7000000000007238,http://data.ordnancesurvey.co.uk/ontology/admingeo/County,Eastern,http://data.ordnancesurvey.co.uk/id/7000000000041425,England,http://data.ordnancesurvey.co.uk/id/country/england,,,
PE134UN,http://data.ordnancesurvey.co.uk/id/postcodeunit/PE134UN,PE13 4UN,,,,other,Postcode,543971,306876,3500,18000,,,,,,,,,,Fenland,http://data.ordnancesurvey.co.uk/id/7000000000001357,http://data.ordnancesurvey.co.uk/ontology/admingeo/District,Cambridgeshire,http://data.ordnancesurvey.co.uk/id/7000000000001386,http://data.ordnancesurvey.co.uk/ontology/admingeo/County,Eastern,http://data.ordnancesurvey.co.uk/id/7000000000041425,England,http://data.ordnancesurvey.co.uk/id/country/england,,,
PE147QU,http://data.ordnancesurvey.co.uk/id/postcodeunit/PE147QU,PE14 7QU,,,,other,Postcode,551511,313858,3500,18000,,,,,,,Walpole Highway,http://data.ordnancesurvey.co.uk/id/4000000074550945,http://www.ordnancesurvey.co.uk/xml/codelists/localtype.xml#village,King's Lynn and West Norfolk,http://data.ordnancesurvey.co.uk/id/7000000000007016,http://data.ordnancesurvey.co.uk/ontology/admingeo/District,Norfolk,http://data.ordnancesurvey.co.uk/id/7000000000007238,http://data.ordnancesurvey.co.uk/ontology/admingeo/County,Eastern,http://data.ordnancesurvey.co.uk/id/7000000000041425,England,http://data.ordnancesurvey.co.uk/id/country/england,,,
PE133BT,http://data.ordnancesurvey.co.uk/id/postcodeunit/PE133BT,PE13 3BT,,,,other,Postcode,546143,309986,3500,18000,,,,,,,Wisbech,http://data.ordnancesurvey.co.uk/id/4000000074551318,http://www.ordnancesurvey.co.uk/xml/codelists/localtype.xml#town,Fenland,http://data.ordnancesurvey.co.uk/id/7000000000001357,http://data.ordnancesurvey.co.uk/ontology/admingeo/District,Cambridgeshire,http://data.ordnancesurvey.co.uk/id/7000000000001386,http://data.ordnancesurvey.co.uk/ontology/admingeo/County,Eastern,http://data.ordnancesurvey.co.uk/id/7000000000041425,England,http://data.ordnancesurvey.co.uk/id/country/england,,,
PE132ND,http://data.ordnancesurvey.co.uk/id/postcodeunit/PE132ND,PE13 2ND,,,,other,Postcode,546449,309218,3500,18000,,,,,,,Wisbech,http://data.ordnancesurvey.co.uk/id/4000000074551318,http://www.ordnancesurvey.co.uk/xml/codelists/localtype.xml#town,Fenland,http://data.ordnancesurvey.co.uk/id/7000000000001357,http://data.ordnancesurvey.co.uk/ontology/admingeo/District,Cambridgeshire,http://data.ordnancesurvey.co.uk/id/7000000000001386,http://data.ordnancesurvey.co.uk/ontology/admingeo/County,Eastern,http://data.ordnancesurvey.co.uk/id/7000000000041425,England,http://data.ordnancesurvey.co.uk/id/country/england,,,
PE344RY,http://data.ordnancesurvey.co.uk/id/postcodeunit/PE344RY,PE34 4RY,,,,other,Postcode,557268,315427,3500,18000,,,,,,,,,,King's Lynn and West Norfolk,http://data.ordnancesurvey.co.uk/id/7000000000007016,http://data.ordnancesurvey.co.uk/ontology/admingeo/District,Norfolk,http://data.ordnancesurvey.co.uk/id/7000000000007238,http://data.ordnancesurvey.co.uk/ontology/admingeo/County,Eastern,http://data.ordnancesurvey.co.uk/id/7000000000041425,England,http://data.ordnancesurvey.co.uk/id/country/england,,,
PE140NR,http://data.ordnancesurvey.co.uk/id/postcodeunit/PE140NR,PE14 0NR,,,,other,Postcode,544493,304864,3500,18000,,,,,,,,,,Fenland,http://data.ordnancesurvey.co.uk/id/7000000000001357,http://data.ordnancesurvey.co.uk/ontology/admingeo/District,Cambridgeshire,http://data.ordnancesurvey.co.uk/id/7000000000001386,http://data.ordnancesurvey.co.uk/ontology/admingeo/County,Eastern,http://data.ordnancesurvey.co.uk/id/7000000000041425,England,http://data.ordnancesurvey.co.uk/id/country/england,,,
PE133QS,http://data.ordnancesurvey.co.uk/id/postcodeunit/PE133QS,PE13 3QS,,,,other,Postcode,547475,310533,3500,18000,,,,,,,Wisbech,http://data.ordnancesurvey.co.uk/id/4000000074551318,http://www.ordnancesurvey.co.uk/xml/codelists/localtype.xml#town,Fenland,http://data.ordnancesurvey.co.uk/id/7000000000001357,http://data.ordnancesurvey.co.uk/ontology/admingeo/District,Cambridgeshire,http://data.ordnancesurvey.co.uk/id/7000000000001386,http://data.ordnancesurvey.co.uk/ontology/admingeo/County,Eastern,http://data.ordnancesurvey.co.uk/id/7000000000041425,England,http://data.ordnancesurvey.co.uk/id/country/england,,,
PE132TX,http://data.ordnancesurvey.co.uk/id/postcodeunit/PE132TX,PE13 2TX,,,,other,Postcode,546390,308110,3500,18000,,,,,,,Wisbech,http://data.ordnancesurvey.co.uk/id/4000000074551318,http://www.ordnancesurvey.co.uk/xml/codelists/localtype.xml#town,Fenland,http://data.ordnancesurvey.co.uk/id/7000000000001357,http://data.ordnancesurvey.co.uk/ontology/admingeo/District,Cambridgeshire,http://data.ordnancesurvey.co.uk/id/7000000000001386,http://data.ordnancesurvey.co.uk/ontology/admingeo/County,Eastern,http://data.ordnancesurvey.co.uk/id/7000000000041425,England,http://data.ordnancesurvey.co.uk/id/country/england,,,
PE140DH,http://data.ordnancesurvey.co.uk/id/postcodeunit/PE140DH,PE14 0DH,,,,other,Postcode,547242,307659,3500,18000,,,,,,,Elm,http://data.ordnancesurvey.co.uk/id/4000000074341528,http://www.ordnancesurvey.co.uk/xml/codelists/localtype.xml#village,King's Lynn and West Norfolk,http://data.ordnancesurvey.co.uk/id/7000000000007016,http://data.ordnancesurvey.co.uk/ontology/admingeo/District,Norfolk,http://data.ordnancesurvey.co.uk/id/7000000000007238,http://data.ordnancesurvey.co.uk/ontology/admingeo/County,Eastern,http://data.ordnancesurvey.co.uk/id/7000000000041425,England,http://data.ordnancesurvey.co.uk/id/country/england,,,
PE134QQ,http://data.ordnancesurvey.co.uk/id/postcodeunit/PE134QQ,PE13 4QQ,,,,other,Postcode,541657,312182,3500,18000,,,,,,,Gorefield,http://data.ordnancesurvey.co.uk/id/4000000074551667,http://www.ordnancesurvey.co.uk/xml/codelists/localtype.xml#village,Fenland,http://data.ordnancesurvey.co.uk/id/7000000000001357,http://data.ordnancesurvey.co.uk/ontology/admingeo/District,Cambridgeshire,http://data.ordnancesurvey.co.uk/id/7000000000001386,http://data.ordnancesurvey.co.uk/ontology/admingeo/County,Eastern,http://data.ordnancesurvey.co.uk/id/7000000000041425,England,http://data.ordnancesurvey.co.uk/id/country/england,,,
PE147BP,http://data.ordnancesurvey.co.uk/id/postcodeunit/PE147BP,PE14 7BP,,,,other,Postcode,548556,310763,3500,18000,,,,,,,,,,King's Lynn and West Norfolk,http://data.ordnancesurvey.co.uk/id/7000000000007016,http://data.ordnancesurvey.co.uk/ontology/admingeo/District,Norfolk,http://data.ordnancesurvey.co.uk/id/7000000000007238,http://data.ordnancesurvey.co.uk/ontology/admingeo/County,Eastern,http://data.ordnancesurvey.co.uk/id/7000000000041425,England,http://data.ordnancesurvey.co.uk/id/country/england,,,
PE132HT,http://data.ordnancesurvey.co.uk/id/postcodeunit/PE132HT,PE13 2HT,,,,other,Postcode,546369,308696,3500,18000,,,,,,,Wisbech,http://data.ordnancesurvey.co.uk/id/4000000074551318,http://www.ordnancesurvey.co.uk/xml/codelists/localtype.xml#town,Fenland,http://data.ordnancesurvey.co.uk/id/7000000000001357,http://data.ordnancesurvey.co.uk/ontology/admingeo/District,Cambridgeshire,http://data.ordnancesurvey.co.uk/id/7000000000001386,http://data.ordnancesurvey.co.uk/ontology/admingeo/County,Eastern,http://data.ordnancesurvey.co.uk/id/7000000000041425,England,http://data.ordnancesurvey.co.uk/id/country/england,,,
PE148TL,http://data.ordnancesurvey.co.uk/id/postcodeunit/PE148TL,PE14 8TL,,,,other,Postcode,550300,304048,3500,18000,,,,,,,,,,King's Lynn and West Norfolk,http://data.ordnancesurvey.co.uk/id/7000000000007016,http://data.ordnancesurvey.co.uk/ontology/admingeo/District,Norfolk,http://data.ordnancesurvey.co.uk/id/7000000000007238,http://data.ordnancesurvey.co.uk/ontology/admingeo/County,Eastern,http://data.ordnancesurvey.co.uk/id/7000000000041425,England,http://data.ordnancesurvey.co.uk/id/country/england,,,
PE343EZ,http://data.ordnancesurvey.co.uk/id/postcodeunit/PE343EZ,PE34 3EZ,,,,other,Postcode,559798,314266,3500,18000,,,,,,,Wiggenhall St Germans,http://data.ordnancesurvey.co.uk/id/4000000074550213,http://www.ordnancesurvey.co.uk/xml/codelists/localtype.xml#village,King's Lynn and West Norfolk,http://data.ordnancesurvey.co.uk/id/7000000000007016,http://data.ordnancesurvey.co.uk/ontology/admingeo/District,Norfolk,http://data.ordnancesurvey.co.uk/id/7000000000007238,http://data.ordnancesurvey.co.uk/ontology/admingeo/County,Eastern,http://data.ordnancesurvey.co.uk/id/7000000000041425,England,http://data.ordnancesurvey.co.uk/id/country/england,,,
PE133RG,http://data.ordnancesurvey.co.uk/id/postcodeunit/PE133RG,PE13 3RG,,,,other,Postcode,548052,310536,3500,18000,,,,,,,Wisbech,http://data.ordnancesurvey.co.uk/id/4000000074551318,http://www.ordnancesurvey.co.uk/xml/codelists/localtype.xml#town,King's Lynn and West Norfolk,http://data.ordnancesurvey.co.uk/id/7000000000007016,http://data.ordnancesurvey.co.uk/ontology/admingeo/District,Norfolk,http://data.ordnancesurvey.co.uk/id/7000000000007238,http://data.ordnancesurvey.co.uk/ontology/admingeo/County,Eastern,http://data.ordnancesurvey.co.uk/id/7000000000041425,England,http://data.ordnancesurvey.co.uk/id/country/england,,,
PE134TH,http://data.ordnancesurvey.co.uk/id/postcodeunit/PE134TH,PE13 4TH,,,,other,Postcode,544203,309293,3500,18000,,,,,,,,,,Fenland,http://data.ordnancesurvey.co.uk/id/7000000000001357,http://data.ordnancesurvey.co.uk/ontology/admingeo/District,Cambridgeshire,http://data.ordnancesurvey.co.uk/id/7000000000001386,http://data.ordnancesurvey.co.uk/ontology/admingeo/County,Eastern,http://data.ordnancesurvey.co.uk/id/7000000000041425,England,http://data.ordnancesurvey.co.uk/id/country/england,,,
PE344QR,http://data.ordnancesurvey.co.uk/id/postcodeunit/PE344QR,PE34 4QR,,,,other,Postcode,554205,313886,3500,18000,,,,,,,Tilney St Lawrence,http://data.ordnancesurvey.co.uk/id/4000000074550579,http://www.ordnancesurvey.co.uk/xml/codelists/localtype.xml#village,King's Lynn and West Norfolk,http://data.ordnancesurvey.co.uk/id/7000000000007016,http://data.ordnancesurvey.co.uk/ontology/admingeo/District,Norfolk,http://data.ordnancesurvey.co.uk/id/7000000000007238,http://data.ordnancesurvey.co.uk/ontology/admingeo/County,Eastern,http://data.ordnancesurvey.co.uk/id/7000000000041425,England,http://data.ordnancesurvey.co.uk/id/country/england,,,
PE149AS,http://data.ordnancesurvey.co.uk/id/postcodeunit/PE149AS,PE14 9AS,,,,other,Postcode,547479,301249,3500,18000,,,,,,,,,,Fenland,http://data.ordnancesurvey.co.uk/id/7000000000001357,http://data.ordnancesurvey.co.uk/ontology/admingeo/District,Cambridgeshire,http://data.ordnancesurvey.co.uk/id/7000000000001386,http://data.ordnancesurvey.co.uk/ontology/admingeo/County,Eastern,http://data.ordnancesurvey.co.uk/id/7000000000041425,England,http://data.ordnancesurvey.co.uk/id/country/england,,,
PE149BW,http://data.ordnancesurvey.co.uk/id/postcodeunit/PE149BW,PE14 9BW,,,,other,Postcode,550852,302453,3500,18000,,,,,,,Upwell,http://data.ordnancesurvey.co.uk/id/4000000074550938,http://www.ordnancesurvey.co.uk/xml/codelists/localtype.xml#village,King's Lynn and West Norfolk,http://data.ordnancesurvey.co.uk/id/7000000000007016,http://data.ordnancesurvey.co.uk/ontology/admingeo/District,Norfolk,http://data.ordnancesurvey.co.uk/id/7000000000007238,http://data.ordnancesurvey.co.uk/ontology/admingeo/County,Eastern,http://data.ordnancesurvey.co.uk/id/7000000000041425,England,http://data.ordnancesurvey.co.uk/id/country/england,,,
PE133UH,http://data.ordnancesurvey.co.uk/id/postcodeunit/PE133UH,PE13 3UH,,,,other,Postcode,547374,310203,3500,18000,,,,,,,Wisbech,http://data.ordnancesurvey.co.uk/id/4000000074551318,http://www.ordnancesurvey.co.uk/xml/codelists/localtype.xml#town,Fenland,http://data.ordnancesurvey.co.uk/id/7000000000001357,http://data.ordnancesurvey.co.uk/ontology/admingeo/District,Cambridgeshire,http://data.ordnancesurvey.co.uk/id/7000000000001386,http://data.ordnancesurvey.co.uk/ontology/admingeo/County,Eastern,http://data.ordnancesurvey.co.uk/id/7000000000041425,England,http://data.ordnancesurvey.co.uk/id/country/england,,,
PE133HZ,http://data.ordnancesurvey.co.uk/id/postcodeunit/PE133HZ,PE13 3HZ,,,,other,Postcode,545736,310791,3500,18000,,,,,,,Wisbech,http://data.ordnancesurvey.co.uk/id/4000000074551318,http://www.ordnancesurvey.co.uk/xml/codelists/localtype.xml#town,Fenland,http://data.ordnancesurvey.co.uk/id/7000000000001357,http://data.ordnancesurvey.co.uk/ontology/admingeo/District,Cambridgeshire,http://data.ordnancesurvey.co.uk/id/7000000000001386,http://data.ordnancesurvey.co.uk/ontology/admingeo/County,Eastern,http://data.ordnancesurvey.co.uk/id/7000000000041425,England,http://data.ordnancesurvey.co.uk/id/country/england,,,
PE147ED,http://data.ordnancesurvey.co.uk/id/postcodeunit/PE147ED,PE14 7ED,,,,other,Postcode,548694,313595,3500,18000,,,,,,,West Walton,http://data.ordnancesurvey.co.uk/id/4000000074552041,http://www.ordnancesurvey.co.uk/xml/codelists/localtype.xml#village,King's Lynn and West Norfolk,http://data.ordnancesurvey.co.uk/id/7000000000007016,http://data.ordnancesurvey.co.uk/ontology/admingeo/District,Norfolk,http://data.ordnancesurvey.co.uk/id/7000000000007238,http://data.ordnancesurvey.co.uk/ontology/admingeo/County,Eastern,http://data.ordnancesurvey.co.uk/id/7000000000041425,England,http://data.ordnancesurvey.co.uk/id/country/england,,,
PE135PG,http://data.ordnancesurvey.co.uk/id/postcodeunit/PE135PG,PE13 5PG,,,,other,Postcode,543883,316739,3500,18000,,,,,,,,,,Fenland,http://data.ordnancesurvey.co.uk/id/7000000000001357,http://data.ordnancesurvey.co.uk/ontology/admingeo/District,Cambridgeshire,http://data.ordnancesurvey.co.uk/id/7000000000001386,http://data.ordnancesurvey.co.uk/ontology/admingeo/County,Eastern,http://data.ordnancesurvey.co.uk/id/7000000000041425,England,http://data.ordnancesurvey.co.uk/id/country/england,,,
PE132SF,http://data.ordnancesurvey.co.uk/id/postcodeunit/PE132SF,PE13 2SF,,,,other,Postcode,546711,308564,3500,18000,,,,,,,Wisbech,http://data.ordnancesurvey.co.uk/id/4000000074551318,http://www.ordnancesurvey.co.uk/xml/codelists/localtype.xml#town,Fenland,http://data.ordnancesurvey.co.uk/id/7000000000001357,http://data.ordnancesurvey.co.uk/ontology/admingeo/District,Cambridgeshire,http://data.ordnancesurvey.co.uk/id/7000000000001386,http://data.ordnancesurvey.co.uk/ontology/admingeo/County,Eastern,http://data.ordnancesurvey.co.uk/id/7000000000041425,England,http://data.ordnancesurvey.co.uk/id/country/england,,,
PE134AS,http://data.ordnancesurvey.co.uk/id/postcodeunit/PE134AS,PE13 4AS,,,,other,Postcode,542194,308315,3500,18000,,,,,,,Wisbech St Mary,http://data.ordnancesurvey.co.uk/id/4000000074551315,http://www.ordnancesurvey.co.uk/xml/codelists/localtype.xml#village,Fenland,http://data.ordnancesurvey.co.uk/id/7000000000001357,http://data.ordnancesurvey.co.uk/ontology/admingeo/District,Cambridgeshire,http://data.ordnancesurvey.co.uk/id/7000000000001386,http://data.ordnancesurvey.co.uk/ontology/admingeo/County,Eastern,http://data.ordnancesurvey.co.uk/id/7000000000041425,England,http://data.ordnancesurvey.co.uk/id/country/england,,,
PE135RQ,http://data.ordnancesurvey.co.uk/id/postcodeunit/PE135RQ,PE13 5RQ,,,,other,Postcode,545738,317381,3500,18000,,,,,,,,,,Fenland,http://data.ordnancesurvey.co.uk/id/7000000000001357,http://data.ordnancesurvey.co.uk/ontology/admingeo/District,Cambridgeshire,http://data.ordnancesurvey.co.uk/id/7000000000001386,http://data.ordnancesurvey.co.uk/ontology/admingeo/County,Eastern,http://data.ordnancesurvey.co.uk/id/7000000000041425,England,http://data.ordnancesurvey.co.uk/id/country/england,,,
PE131DP,http://data.ordnancesurvey.co.uk/id/postcodeunit/PE131DP,PE13 1DP,,,,other,Postcode,546268,309685,3500,18000,,,,,,,Wisbech,http://data.ordnancesurvey.co.uk/id/4000000074551318,http://www.ordnancesurvey.co.uk/xml/codelists/localtype.xml#town,Fenland,http://data.ordnancesurvey.co.uk/id/7000000000001357,http://data.ordnancesurvey.co.uk/ontology/admingeo/District,Cambridgeshire,http://data.ordnancesurvey.co.uk/id/7000000000001386,http://data.ordnancesurvey.co.uk/ontology/admingeo/County,Eastern,http://data.ordnancesurvey.co.uk/id/7000000000041425,England,http://data.ordnancesurvey.co.uk/id/country/england,,,
PE150BP,http://data.ordnancesurvey.co.uk/id/postcodeunit/PE150BP,PE15 0BP,,,,other,Postcode,542619,300211,3500,18000,,,,,,,,,,Fenland,http://data.ordnancesurvey.co.uk/id/7000000000001357,http://data.ordnancesurvey.co.uk/ontology/admingeo/District,Cambridgeshire,http://data.ordnancesurvey.co.uk/id/7000000000001386,http://data.ordnancesurvey.co.uk/ontology/admingeo/County,Eastern,http://data.ordnancesurvey.co.uk/id/7000000000041425,England,http://data.ordnancesurvey.co.uk/id/country/england,,,
PE135PD,http://data.ordnancesurvey.co.uk/id/postcodeunit/PE135PD,PE13 5PD,,,,other,Postcode,542850,317145,3500,18000,,,,,,,,,,South Holland,http://data.ordnancesurvey.co.uk/id/7000000000005599,http://data.ordnancesurvey.co.uk/ontology/admingeo/District,Lincolnshire,http://data.ordnancesurvey.co.uk/id/7000000000005942,http://data.ordnancesurvey.co.uk/ontology/admingeo/County,East Midlands,http://data.ordnancesurvey.co.uk/id/7000000000041423,England,http://data.ordnancesurvey.co.uk/id/country/england,,,
PE134TZ,http://data.ordnancesurvey.co.uk/id/postcodeunit/PE134TZ,PE13 4TZ,,,,other,Postcode,543750,306706,3500,18000,,,,,,,,,,Fenland,http://data.ordnancesurvey.co.uk/id/7000000000001357,http://data.ordnancesurvey.co.uk/ontology/admingeo/District,Cambridgeshire,http://data.ordnancesurvey.co.uk/id/7000000000001386,http://data.ordnancesurvey.co.uk/ontology/admingeo/County,Eastern,http://data.ordnancesurvey.co.uk/id/7000000000041425,England,http://data.ordnancesurvey.co.uk/id/country/england,,,
PE133QU,http://data.ordnancesurvey.co.uk/id/postcodeunit/PE133QU,PE13 3QU,,,,other,Postcode,547451,310616,3500,18000,,,,,,,Wisbech,http://data.ordnancesurvey.co.uk/id/4000000074551318,http://www.ordnancesurvey.co.uk/xml/codelists/localtype.xml#town,Fenland,http://data.ordnancesurvey.co.uk/id/7000000000001357,http://data.ordnancesurvey.co.uk/ontology/admingeo/District,Cambridgeshire,http://data.ordnancesurvey.co.uk/id/7000000000001386,http://data.ordnancesurvey.co.uk/ontology/admingeo/County,Eastern,http://data.ordnancesurvey.co.uk/id/7000000000041425,England,http://data.ordnancesurvey.co.uk/id/country/england,,,
PE133JX,http://data.ordnancesurvey.co.uk/id/postcodeunit/PE133JX,PE13 3JX,,,,other,Postcode,545962,311077,3500,18000,,,,,,,Wisbech,http://data.ordnancesurvey.co.uk/id/4000000074551318,http://www.ordnancesurvey.co.uk/xml/codelists/localtype.xml#town,Fenland,http://data.ordnancesurvey.co.uk/id/7000000000001357,http://data.ordnancesurvey.co.uk/ontology/admingeo/District,Cambridgeshire,http://data.ordnancesurvey.co.uk/id/7000000000001386,http://data.ordnancesurvey.co.uk/ontology/admingeo/County,Eastern,http://data.ordnancesurvey.co.uk/id/7000000000041425,England,http://data.ordnancesurvey.co.uk/id/country/england,,,
PE148AE,http://data.ordnancesurvey.co.uk/id/postcodeunit/PE148AE,PE14 8AE,,,,other,Postcode,549117,307500,3500,18000,,,,,,,Emneth,http://data.ordnancesurvey.co.uk/id/4000000074550948,http://www.ordnancesurvey.co.uk/xml/codelists/localtype.xml#village,King's Lynn and West Norfolk,http://data.ordnancesurvey.co.uk/id/7000000000007016,http://data.ordnancesurvey.co.uk/ontology/admingeo/District,Norfolk,http://data.ordnancesurvey.co.uk/id/7000000000007238,http://data.ordnancesurvey.co.uk/ontology/admingeo/County,Eastern,http://data.ordnancesurvey.co.uk/id/7000000000041425,England,http://data.ordnancesurvey.co.uk/id/country/england,,,
PE343DS,http://data.ordnancesurvey.co.uk/id/postcodeunit/PE343DS,PE34 3DS,,,,other,Postcode,559320,314016,3500,18000,,,,,,,Wiggenhall St Germans,http://data.ordnancesurvey.co.uk/id/4000000074550213,http://www.ordnancesurvey.co.uk/xml/codelists/localtype.xml#village,King's Lynn and West Norfolk,http://data.ordnancesurvey.co.uk/id/7000000000007016,http://data.ordnancesurvey.co.uk/ontology/admingeo/District,Norfolk,http://data.ordnancesurvey.co.uk/id/7000000000007238,http://data.ordnancesurvey.co.uk/ontology/admingeo/County,Eastern,http://data.ordnancesurvey.co.uk/id/7000000000041425,England,http://data.ordnancesurvey.co.uk/id/country/england,,,
PE148AJ,http://data.ordnancesurvey.co.uk/id/postcodeunit/PE148AJ,PE14 8AJ,,,,other,Postcode,548187,307399,3500,18000,,,,,,,Emneth,http://data.ordnancesurvey.co.uk/id/4000000074550948,http://www.ordnancesurvey.co.uk/xml/codelists/localtype.xml#village,King's Lynn and West Norfolk,http://data.ordnancesurvey.co.uk/id/7000000000007016,http://data.ordnancesurvey.co.uk/ontology/admingeo/District,Norfolk,http://data.ordnancesurvey.co.uk/id/7000000000007238,http://data.ordnancesurvey.co.uk/ontology/admingeo/County,Eastern,http://data.ordnancesurvey.co.uk/id/7000000000041425,England,http://data.ordnancesurvey.co.uk/id/country/england,,,
PE148DP,http://data.ordnancesurvey.co.uk/id/postcodeunit/PE148DP,PE14 8DP,,,,other,Postcode,552211,310009,3500,18000,,,,,,,Marshland St James,http://data.ordnancesurvey.co.uk/id/4000000074548753,http://www.ordnancesurvey.co.uk/xml/codelists/localtype.xml#village,King's Lynn and West Norfolk,http://data.ordnancesurvey.co.uk/id/7000000000007016,http://data.ordnancesurvey.co.uk/ontology/admingeo/District,Norfolk,http://data.ordnancesurvey.co.uk/id/7000000000007238,http://data.ordnancesurvey.co.uk/ontology/admingeo/County,Eastern,http://data.ordnancesurvey.co.uk/id/7000000000041425,England,http://data.ordnancesurvey.co.uk/id/country/england,,,
PE148AN,http://data.ordnancesurvey.co.uk/id/postcodeunit/PE148AN,PE14 8AN,,,,other,Postcode,549042,306678,3500,18000,,,,,,,Emneth,http://data.ordnancesurvey.co.uk/id/4000000074550948,http://www.ordnancesurvey.co.uk/xml/codelists/localtype.xml#village,King's Lynn and West Norfolk,http://data.ordnancesurvey.co.uk/id/7000000000007016,http://data.ordnancesurvey.co.uk/ontology/admingeo/District,Norfolk,http://data.ordnancesurvey.co.uk/id/7000000000007238,http://data.ordnancesurvey.co.uk/ontology/admingeo/County,Eastern,http://data.ordnancesurvey.co.uk/id/7000000000041425,England,http://data.ordnancesurvey.co.uk/id/country/england,,,
PE134EH,http://data.ordnancesurvey.co.uk/id/postcodeunit/PE134EH,PE13 4EH,,,,other,Postcode,541320,305427,3500,18000,,,,,,,,,,Fenland,http://data.ordnancesurvey.co.uk/id/7000000000001357,http://data.ordnancesurvey.co.uk/ontology/admingeo/District,Cambridgeshire,http://data.ordnancesurvey.co.uk/id/7000000000001386,http://data.ordnancesurvey.co.uk/ontology/admingeo/County,Eastern,http://data.ordnancesurvey.co.uk/id/7000000000041425,England,http://data.ordnancesurvey.co.uk/id/country/england,,,
PE132QW,http://data.ordnancesurvey.co.uk/id/postcodeunit/PE132QW,PE13 2QW,,,,other,Postcode,546322,309199,3500,18000,,,,,,,Wisbech,http://data.ordnancesurvey.co.uk/id/4000000074551318,http://www.ordnancesurvey.co.uk/xml/codelists/localtype.xml#town,Fenland,http://data.ordnancesurvey.co.uk/id/7000000000001357,http://data.ordnancesurvey.co.uk/ontology/admingeo/District,Cambridgeshire,http://data.ordnancesurvey.co.uk/id/7000000000001386,http://data.ordnancesurvey.co.uk/ontology/admingeo/County,Eastern,http://data.ordnancesurvey.co.uk/id/7000000000041425,England,http://data.ordnancesurvey.co.uk/id/country/england,,,
osgb4000000026940380,http://data.ordnancesurvey.co.uk/id/4000000026940380,Mill Close,,,,transportNetwork,Named Road,546359,310119,1000,20000,546305,310085,546386,310167,PE13,http://data.ordnancesurvey.co.uk/id/postcodedistrict/PE13,Wisbech,http://data.ordnancesurvey.co.uk/id/4000000074551318,http://www.ordnancesurvey.co.uk/xml/codelists/localtype.xml#town,Fenland,http://data.ordnancesurvey.co.uk/id/7000000000001357,http://data.ordnancesurvey.co.uk/ontology/admingeo/District,Cambridgeshire,http://data.ordnancesurvey.co.uk/id/7000000000001386,http://data.ordnancesurvey.co.uk/ontology/admingeo/County,Eastern,http://data.ordnancesurvey.co.uk/id/7000000000041425,England,http://data.ordnancesurvey.co.uk/id/country/england,,,
c7ff1746-e375-4f1e-a018-6acdab650665,http://data.ordnancesurvey.co.uk/id/c7ff1746-e375-4f1e-a018-6acdab650665,Laddus Drove,,,,transportNetwork,Section Of Named Road,547131,304564,1000,25000,547114,304526,547139,304623,PE14,http://data.ordnancesurvey.co.uk/id/postcodedistrict/PE14,Friday Bridge,http://data.ordnancesurvey.co.uk/id/4000000074550225,http://www.ordnancesurvey.co.uk/xml/codelists/localtype.xml#village,Fenland,http://data.ordnancesurvey.co.uk/id/7000000000001357,http://data.ordnancesurvey.co.uk/ontology/admingeo/District,Cambridgeshire,http://data.ordnancesurvey.co.uk/id/7000000000001386,http://data.ordnancesurvey.co.uk/ontology/admingeo/County,Eastern,http://data.ordnancesurvey.co.uk/id/7000000000041425,England,http://data.ordnancesurvey.co.uk/id/country/england,osgb4000000026931707,,
osgb4000000026935104,http://data.ordnancesurvey.co.uk/id/4000000026935104,Well End,,,,transportNetwork,Named Road,546815,304620,3000,20000,546581,304569,547114,304748,PE14,http://data.ordnancesurvey.co.uk/id/postcodedistrict/PE14,Friday Bridge,http://data.ordnancesurvey.co.uk/id/4000000074550225,http://www.ordnancesurvey.co.uk/xml/codelists/localtype.xml#village,Fenland,http://data.ordnancesurvey.co.uk/id/7000000000001357,http://data.ordnancesurvey.co.uk/ontology/admingeo/District,Cambridgeshire,http://data.ordnancesurvey.co.uk/id/7000000000001386,http://data.ordnancesurvey.co.uk/ontology/admingeo/County,Eastern,http://data.ordnancesurvey.co.uk/id/7000000000041425,England,http://data.ordnancesurvey.co.uk/id/country/england,,,
osgb5000005232449480,http://data.ordnancesurvey.co.uk/id/5000005232449480,Longhead Lane,,,,transportNetwork,Named Road,546767,311981,4000,20000,546443,311981,547100,312074,PE14,http://data.ordnancesurvey.co.uk/id/postcodedistrict/PE14,,,,King's Lynn and West Norfolk,http://data.ordnancesurvey.co.uk/id/7000000000007016,http://data.ordnancesurvey.co.uk/ontology/admingeo/District,Norfolk,http://data.ordnancesurvey.co.uk/id/7000000000007238,http://data.ordnancesurvey.co.uk/ontology/admingeo/County,Eastern,http://data.ordnancesurvey.co.uk/id/7000000000041425,England,http://data.ordnancesurvey.co.uk/id/country/england,,,
osgb4000000026933521,http://data.ordnancesurvey.co.uk/id/4000000026933521,Back Road,,,,transportNetwork,Named Road,541876,311853,3000,20000,541653,311817,542098,311885,PE13,http://data.ordnancesurvey.co.uk/id/postcodedistrict/PE13,Gorefield,http://data.ordnancesurvey.co.uk/id/4000000074551667,http://www.ordnancesurvey.co.uk/xml/codelists/localtype.xml#village,Fenland,http://data.ordnancesurvey.co.uk/id/7000000000001357,http://data.ordnancesurvey.co.uk/ontology/admingeo/District,Cambridgeshire,http://data.ordnancesurvey.co.uk/id/7000000000001386,http://data.ordnancesurvey.co.uk/ontology/admingeo/County,Eastern,http://data.ordnancesurvey.co.uk/id/7000000000041425,England,http://data.ordnancesurvey.co.uk/id/country/england,,,
osgb4000000026937460,http://data.ordnancesurvey.co.uk/id/4000000026937460,Quaker Lane,,,,transportNetwork,Named Road,547218,309110,2000,20000,547208,308996,547231,309231,PE13,http://data.ordnancesurvey.co.uk/id/postcodedistrict/PE13,Wisbech,http://data.ordnancesurvey.co.uk/id/4000000074551318,http://www.ordnancesurvey.co.uk/xml/codelists/localtype.xml#town,Fenland,http://data.ordnancesurvey.co.uk/id/7000000000001357,http://data.ordnancesurvey.co.uk/ontology/admingeo/District,Cambridgeshire,http://data.ordnancesurvey.co.uk/id/7000000000001386,http://data.ordnancesurvey.co.uk/ontology/admingeo/County,Eastern,http://data.ordnancesurvey.co.uk/id/7000000000041425,England,http://data.ordnancesurvey.co.uk/id/country/england,,,
osgb4000000026933689,http://data.ordnancesurvey.co.uk/id/4000000026933689,Wiggenhall Road,,,,transportNetwork,Named Road,556925,316208,8000,20000,556406,315573,557310,316732,PE34,http://data.ordnancesurvey.co.uk/id/postcodedistrict/PE34,,,,King's Lynn and West Norfolk,http://data.ordnancesurvey.co.uk/id/7000000000007016,http://data.ordnancesurvey.co.uk/ontology/admingeo/District,Norfolk,http://data.ordnancesurvey.co.uk/id/7000000000007238,http://data.ordnancesurvey.co.uk/ontology/admingeo/County,Eastern,http://data.ordnancesurvey.co.uk/id/7000000000041425,England,http://data.ordnancesurvey.co.uk/id/country/england,,,
osgb4000000026932283,http://data.ordnancesurvey.co.uk/id/4000000026932283,Allen's Drove,,,,transportNetwork,Named Road,540714,311141,12000,20000,540712,310258,540981,312060,PE13,http://data.ordnancesurvey.co.uk/id/postcodedistrict/PE13,,,,Fenland,http://data.ordnancesurvey.co.uk/id/7000000000001357,http://data.ordnancesurvey.co.uk/ontology/admingeo/District,Cambridgeshire,http://data.ordnancesurvey.co.uk/id/7000000000001386,http://data.ordnancesurvey.co.uk/ontology/admingeo/County,Eastern,http://data.ordnancesurvey.co.uk/id/7000000000041425,England,http://data.ordnancesurvey.co.uk/id/country/england,,,
osgb4000000026932303,http://data.ordnancesurvey.co.uk/id/4000000026932303,River Road,,,,transportNetwork,Named Road,546334,313383,8000,20000,545818,313078,547031,314163,PE14,http://data.ordnancesurvey.co.uk/id/postcodedistrict/PE14,West Walton,http://data.ordnancesurvey.co.uk/id/4000000074552041,http://www.ordnancesurvey.co.uk/xml/codelists/localtype.xml#village,King's Lynn and West Norfolk,http://data.ordnancesurvey.co.uk/id/7000000000007016,http://data.ordnancesurvey.co.uk/ontology/admingeo/District,Norfolk,http://data.ordnancesurvey.co.uk/id/7000000000007238,http://data.ordnancesurvey.co.uk/ontology/admingeo/County,Eastern,http://data.ordnancesurvey.co.uk/id/7000000000041425,England,http://data.ordnancesurvey.co.uk/id/country/england,,,
osgb4000000026991775,http://data.ordnancesurvey.co.uk/id/4000000026991775,Laurel Drive,,,,transportNetwork,Named Road,546885,306728,1000,20000,546859,306708,546906,306754,PE14,http://data.ordnancesurvey.co.uk/id/postcodedistrict/PE14,Elm,http://data.ordnancesurvey.co.uk/id/4000000074341528,http://www.ordnancesurvey.co.uk/xml/codelists/localtype.xml#village,Fenland,http://data.ordnancesurvey.co.uk/id/7000000000001357,http://data.ordnancesurvey.co.uk/ontology/admingeo/District,Cambridgeshire,http://data.ordnancesurvey.co.uk/id/7000000000001386,http://data.ordnancesurvey.co.uk/ontology/admingeo/County,Eastern,http://data.ordnancesurvey.co.uk/id/7000000000041425,England,http://data.ordnancesurvey.co.uk/id/country/england,,,
osgb4000000027026035,http://data.ordnancesurvey.co.uk/id/4000000027026035,New Sibley,,,,transportNetwork,Named Road,553707,311742,1000,20000,553685,311731,553785,311762,PE14,http://data.ordnancesurvey.co.uk/id/postcodedistrict/PE14,St John's Fen End,http://data.ordnancesurvey.co.uk/id/4000000074548752,http://www.ordnancesurvey.co.uk/xml/codelists/localtype.xml#village,King's Lynn and West Norfolk,http://data.ordnancesurvey.co.uk/id/7000000000007016,http://data.ordnancesurvey.co.uk/ontology/admingeo/District,Norfolk,http://data.ordnancesurvey.co.uk/id/7000000000007238,http://data.ordnancesurvey.co.uk/ontology/admingeo/County,Eastern,http://data.ordnancesurvey.co.uk/id/7000000000041425,England,http://data.ordnancesurvey.co.uk/id/country/england,,,
osgb4000000026937607,http://data.ordnancesurvey.co.uk/id/4000000026937607,St Edmunds Drive,,,,transportNetwork,Named Road,549754,306790,1000,20000,549679,306756,549806,306839,PE14,http://data.ordnancesurvey.co.uk/id/postcodedistrict/PE14,Emneth,http://data.ordnancesurvey.co.uk/id/4000000074550948,http://www.ordnancesurvey.co.uk/xml/codelists/localtype.xml#village,King's Lynn and West Norfolk,http://data.ordnancesurvey.co.uk/id/7000000000007016,http://data.ordnancesurvey.co.uk/ontology/admingeo/District,Norfolk,http://data.ordnancesurvey.co.uk/id/7000000000007238,http://data.ordnancesurvey.co.uk/ontology/admingeo/County,Eastern,http://data.ordnancesurvey.co.uk/id/7000000000041425,England,http://data.ordnancesurvey.co.uk/id/country/england,,,
osgb4000000027001295,http://data.ordnancesurvey.co.uk/id/4000000027001295,Yokine Gardens,,,,transportNetwork,Named Road,540113,304092,1000,20000,540100,304070,540169,304132,PE13,http://data.ordnancesurvey.co.uk/id/postcodedistrict/PE13,Guyhirn,http://data.ordnancesurvey.co.uk/id/4000000074550590,http://www.ordnancesurvey.co.uk/xml/codelists/localtype.xml#village,Fenland,http://data.ordnancesurvey.co.uk/id/7000000000001357,http://data.ordnancesurvey.co.uk/ontology/admingeo/District,Cambridgeshire,http://data.ordnancesurvey.co.uk/id/7000000000001386,http://data.ordnancesurvey.co.uk/ontology/admingeo/County,Eastern,http://data.ordnancesurvey.co.uk/id/7000000000041425,England,http://data.ordnancesurvey.co.uk/id/country/england,,,
osgb4000000026932295,http://data.ordnancesurvey.co.uk/id/4000000026932295,Pope's Lane,,,,transportNetwork,Named Road,543854,311273,8000,20000,543807,310672,543946,311899,PE13,http://data.ordnancesurvey.co.uk/id/postcodedistrict/PE13,,,,Fenland,http://data.ordnancesurvey.co.uk/id/7000000000001357,http://data.ordnancesurvey.co.uk/ontology/admingeo/District,Cambridgeshire,http://data.ordnancesurvey.co.uk/id/7000000000001386,http://data.ordnancesurvey.co.uk/ontology/admingeo/County,Eastern,http://data.ordnancesurvey.co.uk/id/7000000000041425,England,http://data.ordnancesurvey.co.uk/id/country/england,,,
osgb4000000026933449,http://data.ordnancesurvey.co.uk/id/4000000026933449,Isle Road,,,,transportNetwork,Named Road,551235,304102,6000,20000,551074,303666,551293,304531,PE14,http://data.ordnancesurvey.co.uk/id/postcodedistrict/PE14,Outwell,http://data.ordnancesurvey.co.uk/id/4000000074548389,http://www.ordnancesurvey.co.uk/xml/codelists/localtype.xml#village,King's Lynn and West Norfolk,http://data.ordnancesurvey.co.uk/id/7000000000007016,http://data.ordnancesurvey.co.uk/ontology/admingeo/District,Norfolk,http://data.ordnancesurvey.co.uk/id/7000000000007238,http://data.ordnancesurvey.co.uk/ontology/admingeo/County,Eastern,http://data.ordnancesurvey.co.uk/id/7000000000041425,England,http://data.ordnancesurvey.co.uk/id/country/england,,,
osgb5000005106675910,http://data.ordnancesurvey.co.uk/id/5000005106675910,Copperfields,,,,transportNetwork,Named Road,547008,308964,2000,20000,546866,308916,547129,308998,PE13,http://data.ordnancesurvey.co.uk/id/postcodedistrict/PE13,Wisbech,http://data.ordnancesurvey.co.uk/id/4000000074551318,http://www.ordnancesurvey.co.uk/xml/codelists/localtype.xml#town,Fenland,http://data.ordnancesurvey.co.uk/id/7000000000001357,http://data.ordnancesurvey.co.uk/ontology/admingeo/District,Cambridgeshire,http://data.ordnancesurvey.co.uk/id/7000000000001386,http://data.ordnancesurvey.co.uk/ontology/admingeo/County,Eastern,http://data.ordnancesurvey.co.uk/id/7000000000041425,England,http://data.ordnancesurvey.co.uk/id/country/england,,,
4d1b504b-d4d1-48f7-b3ab-f010af1986d5,http://data.ordnancesurvey.co.uk/id/4d1b504b-d4d1-48f7-b3ab-f010af1986d5,Fridaybridge Road,,,,transportNetwork,Section Of Named Road,546735,305263,1000,25000,546734,305257,546741,305289,PE14,http://data.ordnancesurvey.co.uk/id/postcodedistrict/PE14,Friday Bridge,http://data.ordnancesurvey.co.uk/id/4000000074550225,http://www.ordnancesurvey.co.uk/xml/codelists/localtype.xml#village,Fenland,http://data.ordnancesurvey.co.uk/id/7000000000001357,http://data.ordnancesurvey.co.uk/ontology/admingeo/District,Cambridgeshire,http://data.ordnancesurvey.co.uk/id/7000000000001386,http://data.ordnancesurvey.co.uk/ontology/admingeo/County,Eastern,http://data.ordnancesurvey.co.uk/id/7000000000041425,England,http://data.ordnancesurvey.co.uk/id/country/england,osgb4000000026932272,,
3867fcdd-5144-4653-8f68-2bab198289f3,http://data.ordnancesurvey.co.uk/id/3867fcdd-5144-4653-8f68-2bab198289f3,Fence Bank,,,,transportNetwork,Section Of Named Road,552250,319893,1000,25000,552207,319847,552283,319942,PE34,http://data.ordnancesurvey.co.uk/id/postcodedistrict/PE34,Walpole Cross Keys,http://data.ordnancesurvey.co.uk/id/4000000074548396,http://www.ordnancesurvey.co.uk/xml/codelists/localtype.xml#village,King's Lynn and West Norfolk,http://data.ordnancesurvey.co.uk/id/7000000000007016,http://data.ordnancesurvey.co.uk/ontology/admingeo/District,Norfolk,http://data.ordnancesurvey.co.uk/id/7000000000007238,http://data.ordnancesurvey.co.uk/ontology/admingeo/County,Eastern,http://data.ordnancesurvey.co.uk/id/7000000000041425,England,http://data.ordnancesurvey.co.uk/id/country/england,osgb4000000026932433,,
709d85a8-a080-45ab-a507-c35557b5d987,http://data.ordnancesurvey.co.uk/id/709d85a8-a080-45ab-a507-c35557b5d987,Moat Road,,,,transportNetwork,Section Of Named Road,554995,319016,1000,25000,554994,319007,554996,319016,PE34,http://data.ordnancesurvey.co.uk/id/postcodedistrict/PE34,Terrington St Clement,http://data.ordnancesurvey.co.uk/id/4000000074548395,http://www.ordnancesurvey.co.uk/xml/codelists/localtype.xml#otherSettlement,King's Lynn and West Norfolk,http://data.ordnancesurvey.co.uk/id/7000000000007016,http://data.ordnancesurvey.co.uk/ontology/admingeo/District,Norfolk,http://data.ordnancesurvey.co.uk/id/7000000000007238,http://data.ordnancesurvey.co.uk/ontology/admingeo/County,Eastern,http://data.ordnancesurvey.co.uk/id/7000000000041425,England,http://data.ordnancesurvey.co.uk/id/country/england,osgb4000000026932451,,
osgb4000000026937416,http://data.ordnancesurvey.co.uk/id/4000000026937416,Birch Grove,,,,transportNetwork,Named Road,546965,306381,1000,20000,546940,306285,547119,306468,PE14,http://data.ordnancesurvey.co.uk/id/postcodedistrict/PE14,Elm,http://data.ordnancesurvey.co.uk/id/4000000074341528,http://www.ordnancesurvey.co.uk/xml/codelists/localtype.xml#village,Fenland,http://data.ordnancesurvey.co.uk/id/7000000000001357,http://data.ordnancesurvey.co.uk/ontology/admingeo/District,Cambridgeshire,http://data.ordnancesurvey.co.uk/id/7000000000001386,http://data.ordnancesurvey.co.uk/ontology/admingeo/County,Eastern,http://data.ordnancesurvey.co.uk/id/7000000000041425,England,http://data.ordnancesurvey.co.uk/id/country/england,,,
387647b4-10e5-4e99-b7d3-446502ee4c1d,http://data.ordnancesurvey.co.uk/id/387647b4-10e5-4e99-b7d3-446502ee4c1d,Station Road,,,,transportNetwork,Section Of Named Road,555213,318318,1000,25000,555200,318262,555213,318391,PE34,http://data.ordnancesurvey.co.uk/id/postcodedistrict/PE34,Shepherds' Gate,http://data.ordnancesurvey.co.uk/id/4000000074543173,http://www.ordnancesurvey.co.uk/xml/codelists/localtype.xml#otherSettlement,King's Lynn and West Norfolk,http://data.ordnancesurvey.co.uk/id/7000000000007016,http://data.ordnancesurvey.co.uk/ontology/admingeo/District,Norfolk,http://data.ordnancesurvey.co.uk/id/7000000000007238,http://data.ordnancesurvey.co.uk/ontology/admingeo/County,Eastern,http://data.ordnancesurvey.co.uk/id/7000000000041425,England,http://data.ordnancesurvey.co.uk/id/country/england,osgb4000000026933692,,
osgb4000000027037430,http://data.ordnancesurvey.co.uk/id/4000000027037430,Woodford Gardens,,,,transportNetwork,Named Road,541456,312047,1000,20000,541434,312013,541466,312087,PE13,http://data.ordnancesurvey.co.uk/id/postcodedistrict/PE13,Gorefield,http://data.ordnancesurvey.co.uk/id/4000000074551667,http://www.ordnancesurvey.co.uk/xml/codelists/localtype.xml#village,Fenland,http://data.ordnancesurvey.co.uk/id/7000000000001357,http://data.ordnancesurvey.co.uk/ontology/admingeo/District,Cambridgeshire,http://data.ordnancesurvey.co.uk/id/7000000000001386,http://data.ordnancesurvey.co.uk/ontology/admingeo/County,Eastern,http://data.ordnancesurvey.co.uk/id/7000000000041425,England,http://data.ordnancesurvey.co.uk/id/country/england,,,
osgb4000000026937527,http://data.ordnancesurvey.co.uk/id/4000000026937527,Myles Way,,,,transportNetwork,Named Road,546189,311245,1000,20000,546136,311233,546228,311253,PE13,http://data.ordnancesurvey.co.uk/id/postcodedistrict/PE13,Wisbech,http://data.ordnancesurvey.co.uk/id/4000000074551318,http://www.ordnancesurvey.co.uk/xml/codelists/localtype.xml#town,Fenland,http://data.ordnancesurvey.co.uk/id/7000000000001357,http://data.ordnancesurvey.co.uk/ontology/admingeo/District,Cambridgeshire,http://data.ordnancesurvey.co.uk/id/7000000000001386,http://data.ordnancesurvey.co.uk/ontology/admingeo/County,Eastern,http://data.ordnancesurvey.co.uk/id/7000000000041425,England,http://data.ordnancesurvey.co.uk/id/country/england,,,
osgb4000000026933603,http://data.ordnancesurvey.co.uk/id/4000000026933603,Marsh Road,,,,transportNetwork,Named Road,545647,318853,3000,20000,545408,318832,545906,318875,PE13,http://data.ordnancesurvey.co.uk/id/postcodedistrict/PE13,,,,South Holland,http://data.ordnancesurvey.co.uk/id/7000000000005599,http://data.ordnancesurvey.co.uk/ontology/admingeo/District,Lincolnshire,http://data.ordnancesurvey.co.uk/id/7000000000005942,http://data.ordnancesurvey.co.uk/ontology/admingeo/County,East Midlands,http://data.ordnancesurvey.co.uk/id/7000000000041423,England,http://data.ordnancesurvey.co.uk/id/country/england,,,
osgb4000000027031270,http://data.ordnancesurvey.co.uk/id/4000000027031270,Birdbeck Drive,,,,transportNetwork,Named Road,551124,304259,1000,20000,551045,304200,551192,304294,PE14,http://data.ordnancesurvey.co.uk/id/postcodedistrict/PE14,Outwell,http://data.ordnancesurvey.co.uk/id/4000000074548389,http://www.ordnancesurvey.co.uk/xml/codelists/localtype.xml#village,King's Lynn and West Norfolk,http://data.ordnancesurvey.co.uk/id/7000000000007016,http://data.ordnancesurvey.co.uk/ontology/admingeo/District,Norfolk,http://data.ordnancesurvey.co.uk/id/7000000000007238,http://data.ordnancesurvey.co.uk/ontology/admingeo/County,Eastern,http://data.ordnancesurvey.co.uk/id/7000000000041425,England,http://data.ordnancesurvey.co.uk/id/country/england,,,
osgb4000000026937471,http://data.ordnancesurvey.co.uk/id/4000000026937471,St Paul's Close,,,,transportNetwork,Named Road,541726,311935,1000,20000,541690,311893,541777,311939,PE13,http://data.ordnancesurvey.co.uk/id/postcodedistrict/PE13,Gorefield,http://data.ordnancesurvey.co.uk/id/4000000074551667,http://www.ordnancesurvey.co.uk/xml/codelists/localtype.xml#village,Fenland,http://data.ordnancesurvey.co.uk/id/7000000000001357,http://data.ordnancesurvey.co.uk/ontology/admingeo/District,Cambridgeshire,http://data.ordnancesurvey.co.uk/id/7000000000001386,http://data.ordnancesurvey.co.uk/ontology/admingeo/County,Eastern,http://data.ordnancesurvey.co.uk/id/7000000000041425,England,http://data.ordnancesurvey.co.uk/id/country/england,,,
osgb4000000026932358,http://data.ordnancesurvey.co.uk/id/4000000026932358,Summer Lesure Lane,,,,transportNetwork,Named Road,542363,319000,6000,20000,542277,318562,542448,319430,PE12,http://data.ordnancesurvey.co.uk/id/postcodedistrict/PE12,,,,South Holland,http://data.ordnancesurvey.co.uk/id/7000000000005599,http://data.ordnancesurvey.co.uk/ontology/admingeo/District,Lincolnshire,http://data.ordnancesurvey.co.uk/id/7000000000005942,http://data.ordnancesurvey.co.uk/ontology/admingeo/County,East Midlands,http://data.ordnancesurvey.co.uk/id/7000000000041423,England,http://data.ordnancesurvey.co.uk/id/country/england,,,
osgb4000000026937486,http://data.ordnancesurvey.co.uk/id/4000000026937486,St Leonard's Road,,,,transportNetwork,Named Road,544066,311956,1000,20000,544035,311854,544160,311981,PE13,http://data.ordnancesurvey.co.uk/id/postcodedistrict/PE13,Leverington,http://data.ordnancesurvey.co.uk/id/4000000074551313,http://www.ordnancesurvey.co.uk/xml/codelists/localtype.xml#village,Fenland,http://data.ordnancesurvey.co.uk/id/7000000000001357,http://data.ordnancesurvey.co.uk/ontology/admingeo/District,Cambridgeshire,http://data.ordnancesurvey.co.uk/id/7000000000001386,http://data.ordnancesurvey.co.uk/ontology/admingeo/County,Eastern,http://data.ordnancesurvey.co.uk/id/7000000000041425,England,http://data.ordnancesurvey.co.uk/id/country/england,,,
osgb5000005161535229,http://data.ordnancesurvey.co.uk/id/5000005161535229,Discovery Walk,,,,transportNetwork,Named Road,547227,308402,1000,20000,547224,308390,547227,308427,PE13,http://data.ordnancesurvey.co.uk/id/postcodedistrict/PE13,Wisbech,http://data.ordnancesurvey.co.uk/id/4000000074551318,http://www.ordnancesurvey.co.uk/xml/codelists/localtype.xml#town,Fenland,http://data.ordnancesurvey.co.uk/id/7000000000001357,http://data.ordnancesurvey.co.uk/ontology/admingeo/District,Cambridgeshire,http://data.ordnancesurvey.co.uk/id/7000000000001386,http://data.ordnancesurvey.co.uk/ontology/admingeo/County,Eastern,http://data.ordnancesurvey.co.uk/id/7000000000041425,England,http://data.ordnancesurvey.co.uk/id/country/england,,,
osgb4000000026940552,http://data.ordnancesurvey.co.uk/id/4000000026940552,Kirtons Close,,,,transportNetwork,Named Road,550031,317305,1000,20000,549986,317274,550062,317324,PE14,http://data.ordnancesurvey.co.uk/id/postcodedistrict/PE14,Walpole St Andrew,http://data.ordnancesurvey.co.uk/id/4000000074550944,http://www.ordnancesurvey.co.uk/xml/codelists/localtype.xml#village,King's Lynn and West Norfolk,http://data.ordnancesurvey.co.uk/id/7000000000007016,http://data.ordnancesurvey.co.uk/ontology/admingeo/District,Norfolk,http://data.ordnancesurvey.co.uk/id/7000000000007238,http://data.ordnancesurvey.co.uk/ontology/admingeo/County,Eastern,http://data.ordnancesurvey.co.uk/id/7000000000041425,England,http://data.ordnancesurvey.co.uk/id/country/england,,,
osgb4000000026940249,http://data.ordnancesurvey.co.uk/id/4000000026940249,Kemp's Close,,,,transportNetwork,Named Road,558481,301808,1000,20000,558474,301768,558524,301821,PE38,http://data.ordnancesurvey.co.uk/id/postcodedistrict/PE38,Salters Lode,http://data.ordnancesurvey.co.uk/id/4000000074550570,http://www.ordnancesurvey.co.uk/xml/codelists/localtype.xml#village,King's Lynn and West Norfolk,http://data.ordnancesurvey.co.uk/id/7000000000007016,http://data.ordnancesurvey.co.uk/ontology/admingeo/District,Norfolk,http://data.ordnancesurvey.co.uk/id/7000000000007238,http://data.ordnancesurvey.co.uk/ontology/admingeo/County,Eastern,http://data.ordnancesurvey.co.uk/id/7000000000041425,England,http://data.ordnancesurvey.co.uk/id/country/england,,,
osgb4000000026933681,http://data.ordnancesurvey.co.uk/id/4000000026933681,Pigeon Street,,,,transportNetwork,Named Road,549526,316750,3000,20000,549343,316604,549729,316850,PE14,http://data.ordnancesurvey.co.uk/id/postcodedistrict/PE14,,,,King's Lynn and West Norfolk,http://data.ordnancesurvey.co.uk/id/7000000000007016,http://data.ordnancesurvey.co.uk/ontology/admingeo/District,Norfolk,http://data.ordnancesurvey.co.uk/id/7000000000007238,http://data.ordnancesurvey.co.uk/ontology/admingeo/County,Eastern,http://data.ordnancesurvey.co.uk/id/7000000000041425,England,http://data.ordnancesurvey.co.uk/id/country/england,,,
osgb4000000026935110,http://data.ordnancesurvey.co.uk/id/4000000026935110,Lords Lane,,,,transportNetwork,Named Road,543475,307930,2000,20000,543310,307790,543664,308103,PE13,http://data.ordnancesurvey.co.uk/id/postcodedistrict/PE13,,,,Fenland,http://data.ordnancesurvey.co.uk/id/7000000000001357,http://data.ordnancesurvey.co.uk/ontology/admingeo/District,Cambridgeshire,http://data.ordnancesurvey.co.uk/id/7000000000001386,http://data.ordnancesurvey.co.uk/ontology/admingeo/County,Eastern,http://data.ordnancesurvey.co.uk/id/7000000000041425,England,http://data.ordnancesurvey.co.uk/id/country/england,,,
osgb4000000026942760,http://data.ordnancesurvey.co.uk/id/4000000026942760,Sovereign Close,,,,transportNetwork,Named Road,545100,310357,1000,20000,545092,310357,545138,310365,PE13,http://data.ordnancesurvey.co.uk/id/postcodedistrict/PE13,Wisbech,http://data.ordnancesurvey.co.uk/id/4000000074551318,http://www.ordnancesurvey.co.uk/xml/codelists/localtype.xml#town,Fenland,http://data.ordnancesurvey.co.uk/id/7000000000001357,http://data.ordnancesurvey.co.uk/ontology/admingeo/District,Cambridgeshire,http://data.ordnancesurvey.co.uk/id/7000000000001386,http://data.ordnancesurvey.co.uk/ontology/admingeo/County,Eastern,http://data.ordnancesurvey.co.uk/id/7000000000041425,England,http://data.ordnancesurvey.co.uk/id/country/england,,,
osgb5000005232449484,http://data.ordnancesurvey.co.uk/id/5000005232449484,Green Dike,,,,transportNetwork,Named Road,547190,312677,7000,20000,546672,312536,547724,312749,PE14,http://data.ordnancesurvey.co.uk/id/postcodedistrict/PE14,,,,King's Lynn and West Norfolk,http://data.ordnancesurvey.co.uk/id/7000000000007016,http://data.ordnancesurvey.co.uk/ontology/admingeo/District,Norfolk,http://data.ordnancesurvey.co.uk/id/7000000000007238,http://data.ordnancesurvey.co.uk/ontology/admingeo/County,Eastern,http://data.ordnancesurvey.co.uk/id/7000000000041425,England,http://data.ordnancesurvey.co.uk/id/country/england,,,
osgb4000000026932218,http://data.ordnancesurvey.co.uk/id/4000000026932218,Thurland's Drove,,,,transportNetwork,Named Road,548950,301934,8000,20000,548533,301555,549480,302805,PE14,http://data.ordnancesurvey.co.uk/id/postcodedistrict/PE14,,,,King's Lynn and West Norfolk,http://data.ordnancesurvey.co.uk/id/7000000000007016,http://data.ordnancesurvey.co.uk/ontology/admingeo/District,Norfolk,http://data.ordnancesurvey.co.uk/id/7000000000007238,http://data.ordnancesurvey.co.uk/ontology/admingeo/County,Eastern,http://data.ordnancesurvey.co.uk/id/7000000000041425,England,http://data.ordnancesurvey.co.uk/id/country/england,,,
f991286a-b97f-4902-8566-5b942e837707,http://data.ordnancesurvey.co.uk/id/f991286a-b97f-4902-8566-5b942e837707,Garden Lane,,,,transportNetwork,Section Of Named Road,540433,308414,1000,25000,540299,308338,540503,308453,PE13,http://data.ordnancesurvey.co.uk/id/postcodedistrict/PE13,Wisbech St Mary,http://data.ordnancesurvey.co.uk/id/4000000074551315,http://www.ordnancesurvey.co.uk/xml/codelists/localtype.xml#village,Fenland,http://data.ordnancesurvey.co.uk/id/7000000000001357,http://data.ordnancesurvey.co.uk/ontology/admingeo/District,Cambridgeshire,http://data.ordnancesurvey.co.uk/id/7000000000001386,http://data.ordnancesurvey.co.uk/ontology/admingeo/County,Eastern,http://data.ordnancesurvey.co.uk/id/7000000000041425,England,http://data.ordnancesurvey.co.uk/id/country/england,osgb4000000026931725,,
osgb4000000026937464,http://data.ordnancesurvey.co.uk/id/4000000026937464,Fifth Avenue,,,,transportNetwork,Named Road,547133,309495,1000,20000,547055,309436,547189,309538,PE13,http://data.ordnancesurvey.co.uk/id/postcodedistrict/PE13,Wisbech,http://data.ordnancesurvey.co.uk/id/4000000074551318,http://www.ordnancesurvey.co.uk/xml/codelists/localtype.xml#town,Fenland,http://data.ordnancesurvey.co.uk/id/7000000000001357,http://data.ordnancesurvey.co.uk/ontology/admingeo/District,Cambridgeshire,http://data.ordnancesurvey.co.uk/id/7000000000001386,http://data.ordnancesurvey.co.uk/ontology/admingeo/County,Eastern,http://data.ordnancesurvey.co.uk/id/7000000000041425,England,http://data.ordnancesurvey.co.uk/id/country/england,,,
osgb4000000026935055,http://data.ordnancesurvey.co.uk/id/4000000026935055,Churchfield Road,,,,transportNetwork,Named Road,551341,303380,2000,20000,551218,303287,551540,303499,PE14,http://data.ordnancesurvey.co.uk/id/postcodedistrict/PE14,Outwell,http://data.ordnancesurvey.co.uk/id/4000000074548389,http://www.ordnancesurvey.co.uk/xml/codelists/localtype.xml#village,King's Lynn and West Norfolk,http://data.ordnancesurvey.co.uk/id/7000000000007016,http://data.ordnancesurvey.co.uk/ontology/admingeo/District,Norfolk,http://data.ordnancesurvey.co.uk/id/7000000000007238,http://data.ordnancesurvey.co.uk/ontology/admingeo/County,Eastern,http://data.ordnancesurvey.co.uk/id/7000000000041425,England,http://data.ordnancesurvey.co.uk/id/country/england,,,
osgb5000005155650310,http://data.ordnancesurvey.co.uk/id/5000005155650310,Norwich Close,,,,transportNetwork,Named Road,547359,310080,1000,20000,547334,310043,547406,310104,PE13,http://data.ordnancesurvey.co.uk/id/postcodedistrict/PE13,Wisbech,http://data.ordnancesurvey.co.uk/id/4000000074551318,http://www.ordnancesurvey.co.uk/xml/codelists/localtype.xml#town,Fenland,http://data.ordnancesurvey.co.uk/id/7000000000001357,http://data.ordnancesurvey.co.uk/ontology/admingeo/District,Cambridgeshire,http://data.ordnancesurvey.co.uk/id/7000000000001386,http://data.ordnancesurvey.co.uk/ontology/admingeo/County,Eastern,http://data.ordnancesurvey.co.uk/id/7000000000041425,England,http://data.ordnancesurvey.co.uk/id/country/england,,,
osgb4000000026931585,http://data.ordnancesurvey.co.uk/id/4000000026931585,Leverington Common,,,,transportNetwork,Named Road,542268,309727,20000,28000,540286,308363,544524,310802,PE13,http://data.ordnancesurvey.co.uk/id/postcodedistrict/PE13,,,,Fenland,http://data.ordnancesurvey.co.uk/id/7000000000001357,http://data.ordnancesurvey.co.uk/ontology/admingeo/District,Cambridgeshire,http://data.ordnancesurvey.co.uk/id/7000000000001386,http://data.ordnancesurvey.co.uk/ontology/admingeo/County,Eastern,http://data.ordnancesurvey.co.uk/id/7000000000041425,England,http://data.ordnancesurvey.co.uk/id/country/england,,,
osgb4000000026933520,http://data.ordnancesurvey.co.uk/id/4000000026933520,High Road,,,,transportNetwork,Named Road,541814,311951,11000,20000,540977,311809,542688,312136,PE13,http://data.ordnancesurvey.co.uk/id/postcodedistrict/PE13,Gorefield,http://data.ordnancesurvey.co.uk/id/4000000074551667,http://www.ordnancesurvey.co.uk/xml/codelists/localtype.xml#village,Fenland,http://data.ordnancesurvey.co.uk/id/7000000000001357,http://data.ordnancesurvey.co.uk/ontology/admingeo/District,Cambridgeshire,http://data.ordnancesurvey.co.uk/id/7000000000001386,http://data.ordnancesurvey.co.uk/ontology/admingeo/County,Eastern,http://data.ordnancesurvey.co.uk/id/7000000000041425,England,http://data.ordnancesurvey.co.uk/id/country/england,,,
osgb4000000026935160,http://data.ordnancesurvey.co.uk/id/4000000026935160,Clarkson Avenue,,,,transportNetwork,Named Road,546868,310000,3000,20000,546659,309799,547091,310178,PE13,http://data.ordnancesurvey.co.uk/id/postcodedistrict/PE13,Wisbech,http://data.ordnancesurvey.co.uk/id/4000000074551318,http://www.ordnancesurvey.co.uk/xml/codelists/localtype.xml#town,Fenland,http://data.ordnancesurvey.co.uk/id/7000000000001357,http://data.ordnancesurvey.co.uk/ontology/admingeo/District,Cambridgeshire,http://data.ordnancesurvey.co.uk/id/7000000000001386,http://data.ordnancesurvey.co.uk/ontology/admingeo/County,Eastern,http://data.ordnancesurvey.co.uk/id/7000000000041425,England,http://data.ordnancesurvey.co.uk/id/country/england,,,
osgb4000000026933578,http://data.ordnancesurvey.co.uk/id/4000000026933578,Hall Bank,,,,transportNetwork,Named Road,541512,316525,6000,20000,541203,316045,542176,316814,PE13,http://data.ordnancesurvey.co.uk/id/postcodedistrict/PE13,,,,Fenland,http://data.ordnancesurvey.co.uk/id/7000000000001357,http://data.ordnancesurvey.co.uk/ontology/admingeo/District,Cambridgeshire,http://data.ordnancesurvey.co.uk/id/7000000000001386,http://data.ordnancesurvey.co.uk/ontology/admingeo/County,Eastern,http://data.ordnancesurvey.co.uk/id/7000000000041425,England,http://data.ordnancesurvey.co.uk/id/country/england,,,
osgb4000000026932277,http://data.ordnancesurvey.co.uk/id/4000000026932277,Elm Low Road,,,,transportNetwork,Named Road,546835,308145,5000,20000,546758,307812,547058,308516,PE14,http://data.ordnancesurvey.co.uk/id/postcodedistrict/PE14,Wisbech,http://data.ordnancesurvey.co.uk/id/4000000074551318,http://www.ordnancesurvey.co.uk/xml/codelists/localtype.xml#town,Fenland,http://data.ordnancesurvey.co.uk/id/7000000000001357,http://data.ordnancesurvey.co.uk/ontology/admingeo/District,Cambridgeshire,http://data.ordnancesurvey.co.uk/id/7000000000001386,http://data.ordnancesurvey.co.uk/ontology/admingeo/County,Eastern,http://data.ordnancesurvey.co.uk/id/7000000000041425,England,http://data.ordnancesurvey.co.uk/id/country/england,,,
osgb4000000026942734,http://data.ordnancesurvey.co.uk/id/4000000026942734,Robin Mews,,,,transportNetwork,Named Road,546579,308266,1000,20000,546579,308266,546642,308276,PE13,http://data.ordnancesurvey.co.uk/id/postcodedistrict/PE13,Wisbech,http://data.ordnancesurvey.co.uk/id/4000000074551318,http://www.ordnancesurvey.co.uk/xml/codelists/localtype.xml#town,Fenland,http://data.ordnancesurvey.co.uk/id/7000000000001357,http://data.ordnancesurvey.co.uk/ontology/admingeo/District,Cambridgeshire,http://data.ordnancesurvey.co.uk/id/7000000000001386,http://data.ordnancesurvey.co.uk/ontology/admingeo/County,Eastern,http://data.ordnancesurvey.co.uk/id/7000000000041425,England,http://data.ordnancesurvey.co.uk/id/country/england,,,
a68cfc0a-8956-4396-a3bd-90f236318011,http://data.ordnancesurvey.co.uk/id/a68cfc0a-8956-4396-a3bd-90f236318011,Sutton Road,,,,transportNetwork,Section Of Named Road,554348,319815,8000,25000,553760,319442,555004,319994,PE34,http://data.ordnancesurvey.co.uk/id/postcodedistrict/PE34,Terrington St Clement,http://data.ordnancesurvey.co.uk/id/4000000074548395,http://www.ordnancesurvey.co.uk/xml/codelists/localtype.xml#otherSettlement,King's Lynn and West Norfolk,http://data.ordnancesurvey.co.uk/id/7000000000007016,http://data.ordnancesurvey.co.uk/ontology/admingeo/District,Norfolk,http://data.ordnancesurvey.co.uk/id/7000000000007238,http://data.ordnancesurvey.co.uk/ontology/admingeo/County,Eastern,http://data.ordnancesurvey.co.uk/id/7000000000041425,England,http://data.ordnancesurvey.co.uk/id/country/england,osgb4000000026931789,,
osgb4000000027007223,http://data.ordnancesurvey.co.uk/id/4000000027007223,Walnut Close,,,,transportNetwork,Named Road,541649,307974,1000,20000,541636,307960,541677,308014,PE13,http://data.ordnancesurvey.co.uk/id/postcodedistrict/PE13,Wisbech St Mary,http://data.ordnancesurvey.co.uk/id/4000000074551315,http://www.ordnancesurvey.co.uk/xml/codelists/localtype.xml#village,Fenland,http://data.ordnancesurvey.co.uk/id/7000000000001357,http://data.ordnancesurvey.co.uk/ontology/admingeo/District,Cambridgeshire,http://data.ordnancesurvey.co.uk/id/7000000000001386,http://data.ordnancesurvey.co.uk/ontology/admingeo/County,Eastern,http://data.ordnancesurvey.co.uk/id/7000000000041425,England,http://data.ordnancesurvey.co.uk/id/country/england,,,
osgb5000005106075806,http://data.ordnancesurvey.co.uk/id/5000005106075806,Olympian Close,,,,transportNetwork,Named Road,546406,308330,1000,20000,546379,308304,546426,308342,PE13,http://data.ordnancesurvey.co.uk/id/postcodedistrict/PE13,Wisbech,http://data.ordnancesurvey.co.uk/id/4000000074551318,http://www.ordnancesurvey.co.uk/xml/codelists/localtype.xml#town,Fenland,http://data.ordnancesurvey.co.uk/id/7000000000001357,http://data.ordnancesurvey.co.uk/ontology/admingeo/District,Cambridgeshire,http://data.ordnancesurvey.co.uk/id/7000000000001386,http://data.ordnancesurvey.co.uk/ontology/admingeo/County,Eastern,http://data.ordnancesurvey.co.uk/id/7000000000041425,England,http://data.ordnancesurvey.co.uk/id/country/england,,,
osgb5000005232227660,http://data.ordnancesurvey.co.uk/id/5000005232227660,Bullydike Lane,,,,transportNetwork,Named Road,541434,318410,2000,20000,541407,318302,541455,318545,PE12,http://data.ordnancesurvey.co.uk/id/postcodedistrict/PE12,,,,South Holland,http://data.ordnancesurvey.co.uk/id/7000000000005599,http://data.ordnancesurvey.co.uk/ontology/admingeo/District,Lincolnshire,http://data.ordnancesurvey.co.uk/id/7000000000005942,http://data.ordnancesurvey.co.uk/ontology/admingeo/County,East Midlands,http://data.ordnancesurvey.co.uk/id/7000000000041423,England,http://data.ordnancesurvey.co.uk/id/country/england,,,
osgb4000000026937657,http://data.ordnancesurvey.co.uk/id/4000000026937657,Tuxhill Chase,,,,transportNetwork,Named Road,552941,317721,3000,20000,552650,317640,553103,317884,PE34,http://data.ordnancesurvey.co.uk/id/postcodedistrict/PE34,,,,King's Lynn and West Norfolk,http://data.ordnancesurvey.co.uk/id/7000000000007016,http://data.ordnancesurvey.co.uk/ontology/admingeo/District,Norfolk,http://data.ordnancesurvey.co.uk/id/7000000000007238,http://data.ordnancesurvey.co.uk/ontology/admingeo/County,Eastern,http://data.ordnancesurvey.co.uk/id/7000000000041425,England,http://data.ordnancesurvey.co.uk/id/country/england,,,
osgb4000000026935138,http://data.ordnancesurvey.co.uk/id/4000000026935138,Bush Lane,,,,transportNetwork,Named Road,547436,309544,2000,20000,547287,309539,547556,309546,PE13,http://data.ordnancesurvey.co.uk/id/postcodedistrict/PE13,Wisbech,http://data.ordnancesurvey.co.uk/id/4000000074551318,http://www.ordnancesurvey.co.uk/xml/codelists/localtype.xml#town,Fenland,http://data.ordnancesurvey.co.uk/id/7000000000001357,http://data.ordnancesurvey.co.uk/ontology/admingeo/District,Cambridgeshire,http://data.ordnancesurvey.co.uk/id/7000000000001386,http://data.ordnancesurvey.co.uk/ontology/admingeo/County,Eastern,http://data.ordnancesurvey.co.uk/id/7000000000041425,England,http://data.ordnancesurvey.co.uk/id/country/england,,,
f8fb6537-1fa5-4942-aff3-e389ab7e3658,http://data.ordnancesurvey.co.uk/id/f8fb6537-1fa5-4942-aff3-e389ab7e3658,Barton Road,,,,transportNetwork,Section Of Named Road,544921,309327,8000,25000,544295,309274,545545,309395,PE13,http://data.ordnancesurvey.co.uk/id/postcodedistrict/PE13,Wisbech,http://data.ordnancesurvey.co.uk/id/4000000074551318,http://www.ordnancesurvey.co.uk/xml/codelists/localtype.xml#town,Fenland,http://data.ordnancesurvey.co.uk/id/7000000000001357,http://data.ordnancesurvey.co.uk/ontology/admingeo/District,Cambridgeshire,http://data.ordnancesurvey.co.uk/id/7000000000001386,http://data.ordnancesurvey.co.uk/ontology/admingeo/County,Eastern,http://data.ordnancesurvey.co.uk/id/7000000000041425,England,http://data.ordnancesurvey.co.uk/id/country/england,osgb4000000026935114,,
1db76173-ca20-49f1-9d67-ad3cffc6348d,http://data.ordnancesurvey.co.uk/id/1db76173-ca20-49f1-9d67-ad3cffc6348d,St John's Road,,,,transportNetwork,Section Of Named Road,554101,314244,1000,25000,553998,314185,554188,314339,PE14,http://data.ordnancesurvey.co.uk/id/postcodedistrict/PE14,Terrington St John,http://data.ordnancesurvey.co.uk/id/4000000074550941,http://www.ordnancesurvey.co.uk/xml/codelists/localtype.xml#village,King's Lynn and West Norfolk,http://data.ordnancesurvey.co.uk/id/7000000000007016,http://data.ordnancesurvey.co.uk/ontology/admingeo/District,Norfolk,http://data.ordnancesurvey.co.uk/id/7000000000007238,http://data.ordnancesurvey.co.uk/ontology/admingeo/County,Eastern,http://data.ordnancesurvey.co.uk/id/7000000000041425,England,http://data.ordnancesurvey.co.uk/id/country/england,osgb4000000026933654,,
osgb4000000026932269,http://data.ordnancesurvey.co.uk/id/4000000026932269,Redmoor Bank,,,,transportNetwork,Named Road,545575,305523,10000,20000,545496,304802,545827,306313,PE14,http://data.ordnancesurvey.co.uk/id/postcodedistrict/PE14,,,,Fenland,http://data.ordnancesurvey.co.uk/id/7000000000001357,http://data.ordnancesurvey.co.uk/ontology/admingeo/District,Cambridgeshire,http://data.ordnancesurvey.co.uk/id/7000000000001386,http://data.ordnancesurvey.co.uk/ontology/admingeo/County,Eastern,http://data.ordnancesurvey.co.uk/id/7000000000041425,England,http://data.ordnancesurvey.co.uk/id/country/england,,,
osgb4000000026937526,http://data.ordnancesurvey.co.uk/id/4000000026937526,Sleights Drive,,,,transportNetwork,Named Road,548250,310352,1000,20000,548231,310258,548292,310441,PE14,http://data.ordnancesurvey.co.uk/id/postcodedistrict/PE14,Wisbech,http://data.ordnancesurvey.co.uk/id/4000000074551318,http://www.ordnancesurvey.co.uk/xml/codelists/localtype.xml#town,King's Lynn and West Norfolk,http://data.ordnancesurvey.co.uk/id/7000000000007016,http://data.ordnancesurvey.co.uk/ontology/admingeo/District,Norfolk,http://data.ordnancesurvey.co.uk/id/7000000000007238,http://data.ordnancesurvey.co.uk/ontology/admingeo/County,Eastern,http://data.ordnancesurvey.co.uk/id/7000000000041425,England,http://data.ordnancesurvey.co.uk/id/country/england,,,
osgb4000000026932403,http://data.ordnancesurvey.co.uk/id/4000000026932403,Harp's Hall Road,,,,transportNetwork,Named Road,550548,310782,8000,20000,550272,310175,550806,311390,PE14,http://data.ordnancesurvey.co.uk/id/postcodedistrict/PE14,,,,King's Lynn and West Norfolk,http://data.ordnancesurvey.co.uk/id/7000000000007016,http://data.ordnancesurvey.co.uk/ontology/admingeo/District,Norfolk,http://data.ordnancesurvey.co.uk/id/7000000000007238,http://data.ordnancesurvey.co.uk/ontology/admingeo/County,Eastern,http://data.ordnancesurvey.co.uk/id/7000000000041425,England,http://data.ordnancesurvey.co.uk/id/country/england,,,
osgb4000000026931776,http://data.ordnancesurvey.co.uk/id/4000000026931776,Common Road,,,,transportNetwork,Named Road,558000,312975,11000,20000,557577,312157,558393,313841,PE34,http://data.ordnancesurvey.co.uk/id/postcodedistrict/PE34,Wiggenhall St Mary the Virgin,http://data.ordnancesurvey.co.uk/id/4000000074550574,http://www.ordnancesurvey.co.uk/xml/codelists/localtype.xml#village,King's Lynn and West Norfolk,http://data.ordnancesurvey.co.uk/id/7000000000007016,http://data.ordnancesurvey.co.uk/ontology/admingeo/District,Norfolk,http://data.ordnancesurvey.co.uk/id/7000000000007238,http://data.ordnancesurvey.co.uk/ontology/admingeo/County,Eastern,http://data.ordnancesurvey.co.uk/id/7000000000041425,England,http://data.ordnancesurvey.co.uk/id/country/england,,,
f9fc0c52-069b-4b6a-985a-4bb78d902ab3,http://data.ordnancesurvey.co.uk/id/f9fc0c52-069b-4b6a-985a-4bb78d902ab3,Gadd's Lane,,,,transportNetwork,Section Of Named Road,544015,310581,1000,25000,543986,310507,544022,310682,PE13,http://data.ordnancesurvey.co.uk/id/postcodedistrict/PE13,Leverington,http://data.ordnancesurvey.co.uk/id/4000000074551313,http://www.ordnancesurvey.co.uk/xml/codelists/localtype.xml#village,Fenland,http://data.ordnancesurvey.co.uk/id/7000000000001357,http://data.ordnancesurvey.co.uk/ontology/admingeo/District,Cambridgeshire,http://data.ordnancesurvey.co.uk/id/7000000000001386,http://data.ordnancesurvey.co.uk/ontology/admingeo/County,Eastern,http://data.ordnancesurvey.co.uk/id/7000000000041425,England,http://data.ordnancesurvey.co.uk/id/country/england,osgb4000000026932291,,
osgb4000000026933493,http://data.ordnancesurvey.co.uk/id/4000000026933493,Gall's Drove,,,,transportNetwork,Named Road,540859,305844,7000,20000,540487,305333,541287,306392,PE13,http://data.ordnancesurvey.co.uk/id/postcodedistrict/PE13,,,,Fenland,http://data.ordnancesurvey.co.uk/id/7000000000001357,http://data.ordnancesurvey.co.uk/ontology/admingeo/District,Cambridgeshire,http://data.ordnancesurvey.co.uk/id/7000000000001386,http://data.ordnancesurvey.co.uk/ontology/admingeo/County,Eastern,http://data.ordnancesurvey.co.uk/id/7000000000041425,England,http://data.ordnancesurvey.co.uk/id/country/england,,,
osgb4000000026937534,http://data.ordnancesurvey.co.uk/id/4000000026937534,Spencer Close,,,,transportNetwork,Named Road,547342,313360,1000,20000,547272,313313,547446,313372,PE14,http://data.ordnancesurvey.co.uk/id/postcodedistrict/PE14,West Walton,http://data.ordnancesurvey.co.uk/id/4000000074552041,http://www.ordnancesurvey.co.uk/xml/codelists/localtype.xml#village,King's Lynn and West Norfolk,http://data.ordnancesurvey.co.uk/id/7000000000007016,http://data.ordnancesurvey.co.uk/ontology/admingeo/District,Norfolk,http://data.ordnancesurvey.co.uk/id/7000000000007238,http://data.ordnancesurvey.co.uk/ontology/admingeo/County,Eastern,http://data.ordnancesurvey.co.uk/id/7000000000041425,England,http://data.ordnancesurvey.co.uk/id/country/england,,,
osgb4000000026933590,http://data.ordnancesurvey.co.uk/id/4000000026933590,Woadmill Bank,,,,transportNetwork,Named Road,542966,319674,4000,20000,542677,319579,543248,319697,PE13,http://data.ordnancesurvey.co.uk/id/postcodedistrict/PE13,,,,South Holland,http://data.ordnancesurvey.co.uk/id/7000000000005599,http://data.ordnancesurvey.co.uk/ontology/admingeo/District,Lincolnshire,http://data.ordnancesurvey.co.uk/id/7000000000005942,http://data.ordnancesurvey.co.uk/ontology/admingeo/County,East Midlands,http://data.ordnancesurvey.co.uk/id/7000000000041423,England,http://data.ordnancesurvey.co.uk/id/country/england,,,
dd8d0fd1-9098-4155-82a8-affb75c13c30,http://data.ordnancesurvey.co.uk/id/dd8d0fd1-9098-4155-82a8-affb75c13c30,Greendyke,,,,transportNetwork,Section Of Named Road,543790,319243,7000,25000,543548,318711,544007,319733,PE13,http://data.ordnancesurvey.co.uk/id/postcodedistrict/PE13,Tydd St Mary,http://data.ordnancesurvey.co.uk/id/4000000074548410,http://www.ordnancesurvey.co.uk/xml/codelists/localtype.xml#village,South Holland,http://data.ordnancesurvey.co.uk/id/7000000000005599,http://data.ordnancesurvey.co.uk/ontology/admingeo/District,Lincolnshire,http://data.ordnancesurvey.co.uk/id/7000000000005942,http://data.ordnancesurvey.co.uk/ontology/admingeo/County,East Midlands,http://data.ordnancesurvey.co.uk/id/7000000000041423,England,http://data.ordnancesurvey.co.uk/id/country/england,osgb4000000026933598,,
osgb4000000026935150,http://data.ordnancesurvey.co.uk/id/4000000026935150,Ringers Lane,,,,transportNetwork,Named Road,544194,311129,4000,20000,544149,310783,544257,311467,PE13,http://data.ordnancesurvey.co.uk/id/postcodedistrict/PE13,Leverington,http://data.ordnancesurvey.co.uk/id/4000000074551313,http://www.ordnancesurvey.co.uk/xml/codelists/localtype.xml#village,Fenland,http://data.ordnancesurvey.co.uk/id/7000000000001357,http://data.ordnancesurvey.co.uk/ontology/admingeo/District,Cambridgeshire,http://data.ordnancesurvey.co.uk/id/7000000000001386,http://data.ordnancesurvey.co.uk/ontology/admingeo/County,Eastern,http://data.ordnancesurvey.co.uk/id/7000000000041425,England,http://data.ordnancesurvey.co.uk/id/country/england,,,
osgb4000000026931580,http://data.ordnancesurvey.co.uk/id/4000000026931580,Squire's Drove,,,,transportNetwork,Named Road,551733,300190,15000,20000,550567,299460,552866,300404,PE14,http://data.ordnancesurvey.co.uk/id/postcodedistrict/PE14,,,,King's Lynn and West Norfolk,http://data.ordnancesurvey.co.uk/id/7000000000007016,http://data.ordnancesurvey.co.uk/ontology/admingeo/District,Norfolk,http://data.ordnancesurvey.co.uk/id/7000000000007238,http://data.ordnancesurvey.co.uk/ontology/admingeo/County,Eastern,http://data.ordnancesurvey.co.uk/id/7000000000041425,England,http://data.ordnancesurvey.co.uk/id/country/england,,,
e27f3718-80dd-4540-a795-4248599c7ec7,http://data.ordnancesurvey.co.uk/id/e27f3718-80dd-4540-a795-4248599c7ec7,Church Road,,,,transportNetwork,Section Of Named Road,553991,315657,9000,25000,553808,314992,554160,316338,PE14,http://data.ordnancesurvey.co.uk/id/postcodedistrict/PE14,Terrington St John,http://data.ordnancesurvey.co.uk/id/4000000074550941,http://www.ordnancesurvey.co.uk/xml/codelists/localtype.xml#village,King's Lynn and West Norfolk,http://data.ordnancesurvey.co.uk/id/7000000000007016,http://data.ordnancesurvey.co.uk/ontology/admingeo/District,Norfolk,http://data.ordnancesurvey.co.uk/id/7000000000007238,http://data.ordnancesurvey.co.uk/ontology/admingeo/County,Eastern,http://data.ordnancesurvey.co.uk/id/7000000000041425,England,http://data.ordnancesurvey.co.uk/id/country/england,osgb4000000026932445,,
osgb4000000026933536,http://data.ordnancesurvey.co.uk/id/4000000026933536,Bath Road,,,,transportNetwork,Named Road,546347,310804,4000,20000,546312,310487,546383,311096,PE13,http://data.ordnancesurvey.co.uk/id/postcodedistrict/PE13,Wisbech,http://data.ordnancesurvey.co.uk/id/4000000074551318,http://www.ordnancesurvey.co.uk/xml/codelists/localtype.xml#town,Fenland,http://data.ordnancesurvey.co.uk/id/7000000000001357,http://data.ordnancesurvey.co.uk/ontology/admingeo/District,Cambridgeshire,http://data.ordnancesurvey.co.uk/id/7000000000001386,http://data.ordnancesurvey.co.uk/ontology/admingeo/County,Eastern,http://data.ordnancesurvey.co.uk/id/7000000000041425,England,http://data.ordnancesurvey.co.uk/id/country/england,,,
osgb4000000027036799,http://data.ordnancesurvey.co.uk/id/4000000027036799,Ellerby Drive,,,,transportNetwork,Named Road,545345,308673,1000,20000,545319,308578,545396,308780,PE14,http://data.ordnancesurvey.co.uk/id/postcodedistrict/PE14,Wisbech,http://data.ordnancesurvey.co.uk/id/4000000074551318,http://www.ordnancesurvey.co.uk/xml/codelists/localtype.xml#town,Fenland,http://data.ordnancesurvey.co.uk/id/7000000000001357,http://data.ordnancesurvey.co.uk/ontology/admingeo/District,Cambridgeshire,http://data.ordnancesurvey.co.uk/id/7000000000001386,http://data.ordnancesurvey.co.uk/ontology/admingeo/County,Eastern,http://data.ordnancesurvey.co.uk/id/7000000000041425,England,http://data.ordnancesurvey.co.uk/id/country/england,,,
6fce1b4c-18c2-4f79-a4f6-3bce100003e1,http://data.ordnancesurvey.co.uk/id/6fce1b4c-18c2-4f79-a4f6-3bce100003e1,Hunter's Drove,,,,transportNetwork,Section Of Named Road,553612,311410,1000,25000,553554,311334,553698,311419,PE14,http://data.ordnancesurvey.co.uk/id/postcodedistrict/PE14,St John's Fen End,http://data.ordnancesurvey.co.uk/id/4000000074548752,http://www.ordnancesurvey.co.uk/xml/codelists/localtype.xml#village,King's Lynn and West Norfolk,http://data.ordnancesurvey.co.uk/id/7000000000007016,http://data.ordnancesurvey.co.uk/ontology/admingeo/District,Norfolk,http://data.ordnancesurvey.co.uk/id/7000000000007238,http://data.ordnancesurvey.co.uk/ontology/admingeo/County,Eastern,http://data.ordnancesurvey.co.uk/id/7000000000041425,England,http://data.ordnancesurvey.co.uk/id/country/england,osgb4000000026948576,,
62791ec8-7025-4827-adc4-b1db7e1cea70,http://data.ordnancesurvey.co.uk/id/62791ec8-7025-4827-adc4-b1db7e1cea70,Mill Lane,,,,transportNetwork,Section Of Named Road,542830,314028,6000,25000,542776,313620,543000,314516,PE13,http://data.ordnancesurvey.co.uk/id/postcodedistrict/PE13,Newton-in-the-Isle,http://data.ordnancesurvey.co.uk/id/4000000074548769,http://www.ordnancesurvey.co.uk/xml/codelists/localtype.xml#village,Fenland,http://data.ordnancesurvey.co.uk/id/7000000000001357,http://data.ordnancesurvey.co.uk/ontology/admingeo/District,Cambridgeshire,http://data.ordnancesurvey.co.uk/id/7000000000001386,http://data.ordnancesurvey.co.uk/ontology/admingeo/County,Eastern,http://data.ordnancesurvey.co.uk/id/7000000000041425,England,http://data.ordnancesurvey.co.uk/id/country/england,osgb4000000026932290,,
osgb4000000026940517,http://data.ordnancesurvey.co.uk/id/4000000026940517,Racey's Close,,,,transportNetwork,Named Road,549287,307201,1000,20000,549257,307159,549372,307240,PE14,http://data.ordnancesurvey.co.uk/id/postcodedistrict/PE14,Emneth,http://data.ordnancesurvey.co.uk/id/4000000074550948,http://www.ordnancesurvey.co.uk/xml/codelists/localtype.xml#village,King's Lynn and West Norfolk,http://data.ordnancesurvey.co.uk/id/7000000000007016,http://data.ordnancesurvey.co.uk/ontology/admingeo/District,Norfolk,http://data.ordnancesurvey.co.uk/id/7000000000007238,http://data.ordnancesurvey.co.uk/ontology/admingeo/County,Eastern,http://data.ordnancesurvey.co.uk/id/7000000000041425,England,http://data.ordnancesurvey.co.uk/id/country/england,,,
osgb4000000026933635,http://data.ordnancesurvey.co.uk/id/4000000026933635,Elmside,,,,transportNetwork,Named Road,549722,306603,6000,20000,549512,306187,549955,307057,PE14,http://data.ordnancesurvey.co.uk/id/postcodedistrict/PE14,Emneth,http://data.ordnancesurvey.co.uk/id/4000000074550948,http://www.ordnancesurvey.co.uk/xml/codelists/localtype.xml#village,King's Lynn and West Norfolk,http://data.ordnancesurvey.co.uk/id/7000000000007016,http://data.ordnancesurvey.co.uk/ontology/admingeo/District,Norfolk,http://data.ordnancesurvey.co.uk/id/7000000000007238,http://data.ordnancesurvey.co.uk/ontology/admingeo/County,Eastern,http://data.ordnancesurvey.co.uk/id/7000000000041425,England,http://data.ordnancesurvey.co.uk/id/country/england,,,
b78b7f35-6e9c-46a3-9623-fc143c4dfcc1,http://data.ordnancesurvey.co.uk/id/b78b7f35-6e9c-46a3-9623-fc143c4dfcc1,Chalk Road,,,,transportNetwork,Section Of Named Road,550789,317000,8000,25000,550439,316381,550907,317635,PE14,http://data.ordnancesurvey.co.uk/id/postcodedistrict/PE14,Walpole St Peter,http://data.ordnancesurvey.co.uk/id/4000000074550943,http://www.ordnancesurvey.co.uk/xml/codelists/localtype.xml#village,King's Lynn and West Norfolk,http://data.ordnancesurvey.co.uk/id/7000000000007016,http://data.ordnancesurvey.co.uk/ontology/admingeo/District,Norfolk,http://data.ordnancesurvey.co.uk/id/7000000000007238,http://data.ordnancesurvey.co.uk/ontology/admingeo/County,Eastern,http://data.ordnancesurvey.co.uk/id/7000000000041425,England,http://data.ordnancesurvey.co.uk/id/country/england,osgb4000000026932438,,
osgb4000000026937463,http://data.ordnancesurvey.co.uk/id/4000000026937463,Seventh Avenue,,,,transportNetwork,Named Road,547160,309399,1000,20000,547114,309360,547254,309472,PE13,http://data.ordnancesurvey.co.uk/id/postcodedistrict/PE13,Wisbech,http://data.ordnancesurvey.co.uk/id/4000000074551318,http://www.ordnancesurvey.co.uk/xml/codelists/localtype.xml#town,Fenland,http://data.ordnancesurvey.co.uk/id/7000000000001357,http://data.ordnancesurvey.co.uk/ontology/admingeo/District,Cambridgeshire,http://data.ordnancesurvey.co.uk/id/7000000000001386,http://data.ordnancesurvey.co.uk/ontology/admingeo/County,Eastern,http://data.ordnancesurvey.co.uk/id/7000000000041425,England,http://data.ordnancesurvey.co.uk/id/country/england,,,
osgb4000000026940346,http://data.ordnancesurvey.co.uk/id/4000000026940346,Lake Court,,,,transportNetwork,Named Road,546589,309423,1000,20000,546573,309393,546599,309485,PE13,http://data.ordnancesurvey.co.uk/id/postcodedistrict/PE13,Wisbech,http://data.ordnancesurvey.co.uk/id/4000000074551318,http://www.ordnancesurvey.co.uk/xml/codelists/localtype.xml#town,Fenland,http://data.ordnancesurvey.co.uk/id/7000000000001357,http://data.ordnancesurvey.co.uk/ontology/admingeo/District,Cambridgeshire,http://data.ordnancesurvey.co.uk/id/7000000000001386,http://data.ordnancesurvey.co.uk/ontology/admingeo/County,Eastern,http://data.ordnancesurvey.co.uk/id/7000000000041425,England,http://data.ordnancesurvey.co.uk/id/country/england,,,
osgb4000000026937618,http://data.ordnancesurvey.co.uk/id/4000000026937618,Dexter Road,,,,transportNetwork,Named Road,558640,304723,2000,20000,558547,304593,558717,304835,PE34,http://data.ordnancesurvey.co.uk/id/postcodedistrict/PE34,,,,King's Lynn and West Norfolk,http://data.ordnancesurvey.co.uk/id/7000000000007016,http://data.ordnancesurvey.co.uk/ontology/admingeo/District,Norfolk,http://data.ordnancesurvey.co.uk/id/7000000000007238,http://data.ordnancesurvey.co.uk/ontology/admingeo/County,Eastern,http://data.ordnancesurvey.co.uk/id/7000000000041425,England,http://data.ordnancesurvey.co.uk/id/country/england,,,
53dca983-ec65-4d98-bc75-0a8d91c6dfb1,http://data.ordnancesurvey.co.uk/id/53dca983-ec65-4d98-bc75-0a8d91c6dfb1,Baldwins Drove,,,,transportNetwork,Section Of Named Road,551954,303537,1000,25000,551931,303455,551975,303606,PE14,http://data.ordnancesurvey.co.uk/id/postcodedistrict/PE14,Outwell,http://data.ordnancesurvey.co.uk/id/4000000074548389,http://www.ordnancesurvey.co.uk/xml/codelists/localtype.xml#village,King's Lynn and West Norfolk,http://data.ordnancesurvey.co.uk/id/7000000000007016,http://data.ordnancesurvey.co.uk/ontology/admingeo/District,Norfolk,http://data.ordnancesurvey.co.uk/id/7000000000007238,http://data.ordnancesurvey.co.uk/ontology/admingeo/County,Eastern,http://data.ordnancesurvey.co.uk/id/7000000000041425,England,http://data.ordnancesurvey.co.uk/id/country/england,osgb4000000026935057,,
osgb4000000026940400,http://data.ordnancesurvey.co.uk/id/4000000026940400,Ardleigh Close,,,,transportNetwork,Named Road,547460,309822,1000,20000,547433,309821,547494,309822,PE13,http://data.ordnancesurvey.co.uk/id/postcodedistrict/PE13,Wisbech,http://data.ordnancesurvey.co.uk/id/4000000074551318,http://www.ordnancesurvey.co.uk/xml/codelists/localtype.xml#town,Fenland,http://data.ordnancesurvey.co.uk/id/7000000000001357,http://data.ordnancesurvey.co.uk/ontology/admingeo/District,Cambridgeshire,http://data.ordnancesurvey.co.uk/id/7000000000001386,http://data.ordnancesurvey.co.uk/ontology/admingeo/County,Eastern,http://data.ordnancesurvey.co.uk/id/7000000000041425,England,http://data.ordnancesurvey.co.uk/id/country/england,,,
d9348736-ef94-4fa3-bcb6-fd6a3472f0e4,http://data.ordnancesurvey.co.uk/id/d9348736-ef94-4fa3-bcb6-fd6a3472f0e4,Highbridge Road,,,,transportNetwork,Section Of Named Road,558014,304411,1000,25000,558005,304395,558023,304426,PE34,http://data.ordnancesurvey.co.uk/id/postcodedistrict/PE34,Barroway Drove,http://data.ordnancesurvey.co.uk/id/4000000074327856,http://www.ordnancesurvey.co.uk/xml/codelists/localtype.xml#village,King's Lynn and West Norfolk,http://data.ordnancesurvey.co.uk/id/7000000000007016,http://data.ordnancesurvey.co.uk/ontology/admingeo/District,Norfolk,http://data.ordnancesurvey.co.uk/id/7000000000007238,http://data.ordnancesurvey.co.uk/ontology/admingeo/County,Eastern,http://data.ordnancesurvey.co.uk/id/7000000000041425,England,http://data.ordnancesurvey.co.uk/id/country/england,osgb4000000026932400,,
osgb4000000026932301,http://data.ordnancesurvey.co.uk/id/4000000026932301,Brewers Lane,,,,transportNetwork,Named Road,543627,313830,10000,20000,543333,313075,543899,314593,PE13,http://data.ordnancesurvey.co.uk/id/postcodedistrict/PE13,,,,Fenland,http://data.ordnancesurvey.co.uk/id/7000000000001357,http://data.ordnancesurvey.co.uk/ontology/admingeo/District,Cambridgeshire,http://data.ordnancesurvey.co.uk/id/7000000000001386,http://data.ordnancesurvey.co.uk/ontology/admingeo/County,Eastern,http://data.ordnancesurvey.co.uk/id/7000000000041425,England,http://data.ordnancesurvey.co.uk/id/country/england,,,
osgb4000000026933532,http://data.ordnancesurvey.co.uk/id/4000000026933532,Nene Parade,,,,transportNetwork,Named Road,545993,310409,3000,20000,545867,310205,546111,310629,PE13,http://data.ordnancesurvey.co.uk/id/postcodedistrict/PE13,Wisbech,http://data.ordnancesurvey.co.uk/id/4000000074551318,http://www.ordnancesurvey.co.uk/xml/codelists/localtype.xml#town,Fenland,http://data.ordnancesurvey.co.uk/id/7000000000001357,http://data.ordnancesurvey.co.uk/ontology/admingeo/District,Cambridgeshire,http://data.ordnancesurvey.co.uk/id/7000000000001386,http://data.ordnancesurvey.co.uk/ontology/admingeo/County,Eastern,http://data.ordnancesurvey.co.uk/id/7000000000041425,England,http://data.ordnancesurvey.co.uk/id/country/england,,,
445432d7-b411-4191-91ec-1e4509ca6b39,http://data.ordnancesurvey.co.uk/id/445432d7-b411-4191-91ec-1e4509ca6b39,Mill Road,,,,transportNetwork,Section Of Named Road,551617,314284,5000,25000,551424,313912,551720,314630,PE14,http://data.ordnancesurvey.co.uk/id/postcodedistrict/PE14,Walpole Highway,http://data.ordnancesurvey.co.uk/id/4000000074550945,http://www.ordnancesurvey.co.uk/xml/codelists/localtype.xml#village,King's Lynn and West Norfolk,http://data.ordnancesurvey.co.uk/id/7000000000007016,http://data.ordnancesurvey.co.uk/ontology/admingeo/District,Norfolk,http://data.ordnancesurvey.co.uk/id/7000000000007238,http://data.ordnancesurvey.co.uk/ontology/admingeo/County,Eastern,http://data.ordnancesurvey.co.uk/id/7000000000041425,England,http://data.ordnancesurvey.co.uk/id/country/england,osgb4000000026931783,,
9ffb0b46-f754-4efc-ac3d-7a1f45118839,http://data.ordnancesurvey.co.uk/id/9ffb0b46-f754-4efc-ac3d-7a1f45118839,Barton Road,,,,transportNetwork,Section Of Named Road,542635,308146,3000,25000,542368,308107,542883,308168,PE13,http://data.ordnancesurvey.co.uk/id/postcodedistrict/PE13,Wisbech St Mary,http://data.ordnancesurvey.co.uk/id/4000000074551315,http://www.ordnancesurvey.co.uk/xml/codelists/localtype.xml#village,Fenland,http://data.ordnancesurvey.co.uk/id/7000000000001357,http://data.ordnancesurvey.co.uk/ontology/admingeo/District,Cambridgeshire,http://data.ordnancesurvey.co.uk/id/7000000000001386,http://data.ordnancesurvey.co.uk/ontology/admingeo/County,Eastern,http://data.ordnancesurvey.co.uk/id/7000000000041425,England,http://data.ordnancesurvey.co.uk/id/country/england,osgb4000000026935114,,
osgb4000000026943736,http://data.ordnancesurvey.co.uk/id/4000000026943736,Rigg Close,,,,transportNetwork,Named Road,545550,308892,1000,20000,545542,308876,545579,308897,PE14,http://data.ordnancesurvey.co.uk/id/postcodedistrict/PE14,Wisbech,http://data.ordnancesurvey.co.uk/id/4000000074551318,http://www.ordnancesurvey.co.uk/xml/codelists/localtype.xml#town,Fenland,http://data.ordnancesurvey.co.uk/id/7000000000001357,http://data.ordnancesurvey.co.uk/ontology/admingeo/District,Cambridgeshire,http://data.ordnancesurvey.co.uk/id/7000000000001386,http://data.ordnancesurvey.co.uk/ontology/admingeo/County,Eastern,http://data.ordnancesurvey.co.uk/id/7000000000041425,England,http://data.ordnancesurvey.co.uk/id/country/england,,,
osgb4000000026932281,http://data.ordnancesurvey.co.uk/id/4000000026932281,Bona Lane,,,,transportNetwork,Named Road,541773,310118,6000,20000,541296,309727,542268,310275,PE13,http://data.ordnancesurvey.co.uk/id/postcodedistrict/PE13,,,,Fenland,http://data.ordnancesurvey.co.uk/id/7000000000001357,http://data.ordnancesurvey.co.uk/ontology/admingeo/District,Cambridgeshire,http://data.ordnancesurvey.co.uk/id/7000000000001386,http://data.ordnancesurvey.co.uk/ontology/admingeo/County,Eastern,http://data.ordnancesurvey.co.uk/id/7000000000041425,England,http://data.ordnancesurvey.co.uk/id/country/england,,,
osgb4000000026940412,http://data.ordnancesurvey.co.uk/id/4000000026940412,Lilac Close,,,,transportNetwork,Named Road,547541,310720,1000,20000,547523,310684,547548,310764,PE13,http://data.ordnancesurvey.co.uk/id/postcodedistrict/PE13,Wisbech,http://data.ordnancesurvey.co.uk/id/4000000074551318,http://www.ordnancesurvey.co.uk/xml/codelists/localtype.xml#town,Fenland,http://data.ordnancesurvey.co.uk/id/7000000000001357,http://data.ordnancesurvey.co.uk/ontology/admingeo/District,Cambridgeshire,http://data.ordnancesurvey.co.uk/id/7000000000001386,http://data.ordnancesurvey.co.uk/ontology/admingeo/County,Eastern,http://data.ordnancesurvey.co.uk/id/7000000000041425,England,http://data.ordnancesurvey.co.uk/id/country/england,,,
osgb4000000026940342,http://data.ordnancesurvey.co.uk/id/4000000026940342,King Street,,,,transportNetwork,Named Road,546516,309500,1000,20000,546495,309454,546555,309546,PE13,http://data.ordnancesurvey.co.uk/id/postcodedistrict/PE13,Wisbech,http://data.ordnancesurvey.co.uk/id/4000000074551318,http://www.ordnancesurvey.co.uk/xml/codelists/localtype.xml#town,Fenland,http://data.ordnancesurvey.co.uk/id/7000000000001357,http://data.ordnancesurvey.co.uk/ontology/admingeo/District,Cambridgeshire,http://data.ordnancesurvey.co.uk/id/7000000000001386,http://data.ordnancesurvey.co.uk/ontology/admingeo/County,Eastern,http://data.ordnancesurvey.co.uk/id/7000000000041425,England,http://data.ordnancesurvey.co.uk/id/country/england,,,
osgb4000000026942736,http://data.ordnancesurvey.co.uk/id/4000000026942736,Coppins Court,,,,transportNetwork,Named Road,547243,308366,1000,20000,547242,308343,547261,308388,PE13,http://data.ordnancesurvey.co.uk/id/postcodedistrict/PE13,Wisbech,http://data.ordnancesurvey.co.uk/id/4000000074551318,http://www.ordnancesurvey.co.uk/xml/codelists/localtype.xml#town,Fenland,http://data.ordnancesurvey.co.uk/id/7000000000001357,http://data.ordnancesurvey.co.uk/ontology/admingeo/District,Cambridgeshire,http://data.ordnancesurvey.co.uk/id/7000000000001386,http://data.ordnancesurvey.co.uk/ontology/admingeo/County,Eastern,http://data.ordnancesurvey.co.uk/id/7000000000041425,England,http://data.ordnancesurvey.co.uk/id/country/england,,,
5bcdfd06-9135-45e9-a69a-d42838a05c66,http://data.ordnancesurvey.co.uk/id/5bcdfd06-9135-45e9-a69a-d42838a05c66,Five Mile Bank,,,,transportNetwork,Section Of Named Road,555174,318165,1000,25000,555152,318088,555201,318261,PE34,http://data.ordnancesurvey.co.uk/id/postcodedistrict/PE34,Shepherds' Gate,http://data.ordnancesurvey.co.uk/id/4000000074543173,http://www.ordnancesurvey.co.uk/xml/codelists/localtype.xml#otherSettlement,King's Lynn and West Norfolk,http://data.ordnancesurvey.co.uk/id/7000000000007016,http://data.ordnancesurvey.co.uk/ontology/admingeo/District,Norfolk,http://data.ordnancesurvey.co.uk/id/7000000000007238,http://data.ordnancesurvey.co.uk/ontology/admingeo/County,Eastern,http://data.ordnancesurvey.co.uk/id/7000000000041425,England,http://data.ordnancesurvey.co.uk/id/country/england,osgb5000005232276638,,
osgb4000000026940415,http://data.ordnancesurvey.co.uk/id/4000000026940415,Lucombe Drive,,,,transportNetwork,Named Road,547710,310857,1000,20000,547705,310805,547723,310920,PE13,http://data.ordnancesurvey.co.uk/id/postcodedistrict/PE13,Wisbech,http://data.ordnancesurvey.co.uk/id/4000000074551318,http://www.ordnancesurvey.co.uk/xml/codelists/localtype.xml#town,Fenland,http://data.ordnancesurvey.co.uk/id/7000000000001357,http://data.ordnancesurvey.co.uk/ontology/admingeo/District,Cambridgeshire,http://data.ordnancesurvey.co.uk/id/7000000000001386,http://data.ordnancesurvey.co.uk/ontology/admingeo/County,Eastern,http://data.ordnancesurvey.co.uk/id/7000000000041425,England,http://data.ordnancesurvey.co.uk/id/country/england,,,
osgb4000000026942815,http://data.ordnancesurvey.co.uk/id/4000000026942815,Stallett Way,,,,transportNetwork,Named Road,554507,313703,1000,20000,554485,313689,554532,313703,PE34,http://data.ordnancesurvey.co.uk/id/postcodedistrict/PE34,Tilney St Lawrence,http://data.ordnancesurvey.co.uk/id/4000000074550579,http://www.ordnancesurvey.co.uk/xml/codelists/localtype.xml#village,King's Lynn and West Norfolk,http://data.ordnancesurvey.co.uk/id/7000000000007016,http://data.ordnancesurvey.co.uk/ontology/admingeo/District,Norfolk,http://data.ordnancesurvey.co.uk/id/7000000000007238,http://data.ordnancesurvey.co.uk/ontology/admingeo/County,Eastern,http://data.ordnancesurvey.co.uk/id/7000000000041425,England,http://data.ordnancesurvey.co.uk/id/country/england,,,
osgb4000000026940416,http://data.ordnancesurvey.co.uk/id/4000000026940416,Waterlees Road,,,,transportNetwork,Named Road,546613,311366,12000,20000,546412,310589,547104,312424,PE13,http://data.ordnancesurvey.co.uk/id/postcodedistrict/PE13,Wisbech,http://data.ordnancesurvey.co.uk/id/4000000074551318,http://www.ordnancesurvey.co.uk/xml/codelists/localtype.xml#town,King's Lynn and West Norfolk,http://data.ordnancesurvey.co.uk/id/7000000000007016,http://data.ordnancesurvey.co.uk/ontology/admingeo/District,Norfolk,http://data.ordnancesurvey.co.uk/id/7000000000007238,http://data.ordnancesurvey.co.uk/ontology/admingeo/County,Eastern,http://data.ordnancesurvey.co.uk/id/7000000000041425,England,http://data.ordnancesurvey.co.uk/id/country/england,,,
osgb4000000026933500,http://data.ordnancesurvey.co.uk/id/4000000026933500,Wales Bank,,,,transportNetwork,Named Road,546441,306259,6000,20000,546053,306207,546923,306472,PE14,http://data.ordnancesurvey.co.uk/id/postcodedistrict/PE14,,,,Fenland,http://data.ordnancesurvey.co.uk/id/7000000000001357,http://data.ordnancesurvey.co.uk/ontology/admingeo/District,Cambridgeshire,http://data.ordnancesurvey.co.uk/id/7000000000001386,http://data.ordnancesurvey.co.uk/ontology/admingeo/County,Eastern,http://data.ordnancesurvey.co.uk/id/7000000000041425,England,http://data.ordnancesurvey.co.uk/id/country/england,,,
2c78ca19-7c4e-4d40-be1a-33fe632f7d4a,http://data.ordnancesurvey.co.uk/id/2c78ca19-7c4e-4d40-be1a-33fe632f7d4a,Parson Drove Lane,,,,transportNetwork,Section Of Named Road,545098,311810,1000,25000,545047,311745,545233,311836,PE13,http://data.ordnancesurvey.co.uk/id/postcodedistrict/PE13,Wisbech,http://data.ordnancesurvey.co.uk/id/4000000074551318,http://www.ordnancesurvey.co.uk/xml/codelists/localtype.xml#town,Fenland,http://data.ordnancesurvey.co.uk/id/7000000000001357,http://data.ordnancesurvey.co.uk/ontology/admingeo/District,Cambridgeshire,http://data.ordnancesurvey.co.uk/id/7000000000001386,http://data.ordnancesurvey.co.uk/ontology/admingeo/County,Eastern,http://data.ordnancesurvey.co.uk/id/7000000000041425,England,http://data.ordnancesurvey.co.uk/id/country/england,osgb4000000026933530,,
osgb4000000026942747,http://data.ordnancesurvey.co.uk/id/4000000026942747,Stermyn Street,,,,transportNetwork,Named Road,546353,309541,1000,20000,546353,309541,546392,309553,PE13,http://data.ordnancesurvey.co.uk/id/postcodedistrict/PE13,Wisbech,http://data.ordnancesurvey.co.uk/id/4000000074551318,http://www.ordnancesurvey.co.uk/xml/codelists/localtype.xml#town,Fenland,http://data.ordnancesurvey.co.uk/id/7000000000001357,http://data.ordnancesurvey.co.uk/ontology/admingeo/District,Cambridgeshire,http://data.ordnancesurvey.co.uk/id/7000000000001386,http://data.ordnancesurvey.co.uk/ontology/admingeo/County,Eastern,http://data.ordnancesurvey.co.uk/id/7000000000041425,England,http://data.ordnancesurvey.co.uk/id/country/england,,,
osgb4000000026933537,http://data.ordnancesurvey.co.uk/id/4000000026933537,Edinburgh Drive,,,,transportNetwork,Named Road,546262,310794,3000,20000,546081,310569,546282,311066,PE13,http://data.ordnancesurvey.co.uk/id/postcodedistrict/PE13,Wisbech,http://data.ordnancesurvey.co.uk/id/4000000074551318,http://www.ordnancesurvey.co.uk/xml/codelists/localtype.xml#town,Fenland,http://data.ordnancesurvey.co.uk/id/7000000000001357,http://data.ordnancesurvey.co.uk/ontology/admingeo/District,Cambridgeshire,http://data.ordnancesurvey.co.uk/id/7000000000001386,http://data.ordnancesurvey.co.uk/ontology/admingeo/County,Eastern,http://data.ordnancesurvey.co.uk/id/7000000000041425,England,http://data.ordnancesurvey.co.uk/id/country/england,,,
osgb4000000026932450,http://data.ordnancesurvey.co.uk/id/4000000026932450,Tuxhill Road,,,,transportNetwork,Named Road,553364,318321,5000,20000,553103,317884,553731,318720,PE34,http://data.ordnancesurvey.co.uk/id/postcodedistrict/PE34,,,,King's Lynn and West Norfolk,http://data.ordnancesurvey.co.uk/id/7000000000007016,http://data.ordnancesurvey.co.uk/ontology/admingeo/District,Norfolk,http://data.ordnancesurvey.co.uk/id/7000000000007238,http://data.ordnancesurvey.co.uk/ontology/admingeo/County,Eastern,http://data.ordnancesurvey.co.uk/id/7000000000041425,England,http://data.ordnancesurvey.co.uk/id/country/england,,,
osgb4000000026931784,http://data.ordnancesurvey.co.uk/id/4000000026931784,Wisbech Road,,,,transportNetwork,Named Road,549625,317264,9000,20000,549042,316744,550438,317676,PE14,http://data.ordnancesurvey.co.uk/id/postcodedistrict/PE14,,,,King's Lynn and West Norfolk,http://data.ordnancesurvey.co.uk/id/7000000000007016,http://data.ordnancesurvey.co.uk/ontology/admingeo/District,Norfolk,http://data.ordnancesurvey.co.uk/id/7000000000007238,http://data.ordnancesurvey.co.uk/ontology/admingeo/County,Eastern,http://data.ordnancesurvey.co.uk/id/7000000000041425,England,http://data.ordnancesurvey.co.uk/id/country/england,,,
140d139c-9378-402c-99c5-f4ce535e3f9d,http://data.ordnancesurvey.co.uk/id/140d139c-9378-402c-99c5-f4ce535e3f9d,Park Lane,,,,transportNetwork,Section Of Named Road,543009,312622,2000,25000,542919,312499,543082,312743,PE13,http://data.ordnancesurvey.co.uk/id/postcodedistrict/PE13,Fitton End,http://data.ordnancesurvey.co.uk/id/4000000074548411,http://www.ordnancesurvey.co.uk/xml/codelists/localtype.xml#hamlet,Fenland,http://data.ordnancesurvey.co.uk/id/7000000000001357,http://data.ordnancesurvey.co.uk/ontology/admingeo/District,Cambridgeshire,http://data.ordnancesurvey.co.uk/id/7000000000001386,http://data.ordnancesurvey.co.uk/ontology/admingeo/County,Eastern,http://data.ordnancesurvey.co.uk/id/7000000000041425,England,http://data.ordnancesurvey.co.uk/id/country/england,osgb4000000026933525,,
osgb4000000026932427,http://data.ordnancesurvey.co.uk/id/4000000026932427,Sluice Road,,,,transportNetwork,Named Road,558872,314002,6000,20000,558393,313839,559333,314165,PE34,http://data.ordnancesurvey.co.uk/id/postcodedistrict/PE34,Wiggenhall St Germans,http://data.ordnancesurvey.co.uk/id/4000000074550213,http://www.ordnancesurvey.co.uk/xml/codelists/localtype.xml#village,King's Lynn and West Norfolk,http://data.ordnancesurvey.co.uk/id/7000000000007016,http://data.ordnancesurvey.co.uk/ontology/admingeo/District,Norfolk,http://data.ordnancesurvey.co.uk/id/7000000000007238,http://data.ordnancesurvey.co.uk/ontology/admingeo/County,Eastern,http://data.ordnancesurvey.co.uk/id/7000000000041425,England,http://data.ordnancesurvey.co.uk/id/country/england,,,
osgb4000000026932293,http://data.ordnancesurvey.co.uk/id/4000000026932293,May's Lane,,,,transportNetwork,Named Road,543366,311229,9000,20000,543337,310566,543412,311952,PE13,http://data.ordnancesurvey.co.uk/id/postcodedistrict/PE13,,,,Fenland,http://data.ordnancesurvey.co.uk/id/7000000000001357,http://data.ordnancesurvey.co.uk/ontology/admingeo/District,Cambridgeshire,http://data.ordnancesurvey.co.uk/id/7000000000001386,http://data.ordnancesurvey.co.uk/ontology/admingeo/County,Eastern,http://data.ordnancesurvey.co.uk/id/7000000000041425,England,http://data.ordnancesurvey.co.uk/id/country/england,,,
bd34b565-36f5-4c47-a07e-c62adb21afc5,http://data.ordnancesurvey.co.uk/id/bd34b565-36f5-4c47-a07e-c62adb21afc5,High Road,,,,transportNetwork,Section Of Named Road,540782,307110,2000,25000,540688,306965,540872,307260,PE13,http://data.ordnancesurvey.co.uk/id/postcodedistrict/PE13,Bunker's Hill,http://data.ordnancesurvey.co.uk/id/4000000074551314,http://www.ordnancesurvey.co.uk/xml/codelists/localtype.xml#hamlet,Fenland,http://data.ordnancesurvey.co.uk/id/7000000000001357,http://data.ordnancesurvey.co.uk/ontology/admingeo/District,Cambridgeshire,http://data.ordnancesurvey.co.uk/id/7000000000001386,http://data.ordnancesurvey.co.uk/ontology/admingeo/County,Eastern,http://data.ordnancesurvey.co.uk/id/7000000000041425,England,http://data.ordnancesurvey.co.uk/id/country/england,osgb4000000026935098,,
d0af7900-121c-479d-b0ad-15569361b15b,http://data.ordnancesurvey.co.uk/id/d0af7900-121c-479d-b0ad-15569361b15b,Hungate Road,,,,transportNetwork,Section Of Named Road,549879,307221,4000,25000,549567,307212,550159,307256,PE14,http://data.ordnancesurvey.co.uk/id/postcodedistrict/PE14,Emneth,http://data.ordnancesurvey.co.uk/id/4000000074550948,http://www.ordnancesurvey.co.uk/xml/codelists/localtype.xml#village,King's Lynn and West Norfolk,http://data.ordnancesurvey.co.uk/id/7000000000007016,http://data.ordnancesurvey.co.uk/ontology/admingeo/District,Norfolk,http://data.ordnancesurvey.co.uk/id/7000000000007238,http://data.ordnancesurvey.co.uk/ontology/admingeo/County,Eastern,http://data.ordnancesurvey.co.uk/id/7000000000041425,England,http://data.ordnancesurvey.co.uk/id/country/england,osgb4000000026931760,,
osgb5000005232416024,http://data.ordnancesurvey.co.uk/id/5000005232416024,Atkinson's Lane,,,,transportNetwork,Named Road,546713,306509,4000,20000,546657,306208,546794,306781,PE14,http://data.ordnancesurvey.co.uk/id/postcodedistrict/PE14,,,,Fenland,http://data.ordnancesurvey.co.uk/id/7000000000001357,http://data.ordnancesurvey.co.uk/ontology/admingeo/District,Cambridgeshire,http://data.ordnancesurvey.co.uk/id/7000000000001386,http://data.ordnancesurvey.co.uk/ontology/admingeo/County,Eastern,http://data.ordnancesurvey.co.uk/id/7000000000041425,England,http://data.ordnancesurvey.co.uk/id/country/england,,,
12d6359f-2e21-4b72-8847-c0f142a01fc1,http://data.ordnancesurvey.co.uk/id/12d6359f-2e21-4b72-8847-c0f142a01fc1,Rummers Lane,,,,transportNetwork,Section Of Named Road,541143,307561,1000,25000,541069,307496,541232,307609,PE13,http://data.ordnancesurvey.co.uk/id/postcodedistrict/PE13,Wisbech St Mary,http://data.ordnancesurvey.co.uk/id/4000000074551315,http://www.ordnancesurvey.co.uk/xml/codelists/localtype.xml#village,Fenland,http://data.ordnancesurvey.co.uk/id/7000000000001357,http://data.ordnancesurvey.co.uk/ontology/admingeo/District,Cambridgeshire,http://data.ordnancesurvey.co.uk/id/7000000000001386,http://data.ordnancesurvey.co.uk/ontology/admingeo/County,Eastern,http://data.ordnancesurvey.co.uk/id/7000000000041425,England,http://data.ordnancesurvey.co.uk/id/country/england,osgb5000005100379795,,
9d390c06-5f5d-4ba7-847a-40f7a08fb338,http://data.ordnancesurvey.co.uk/id/9d390c06-5f5d-4ba7-847a-40f7a08fb338,Swallow Lane,,,,transportNetwork,Section Of Named Road,545041,317220,1000,25000,545035,317219,545041,317221,PE13,http://data.ordnancesurvey.co.uk/id/postcodedistrict/PE13,Four Gotes,http://data.ordnancesurvey.co.uk/id/4000000074326100,http://www.ordnancesurvey.co.uk/xml/codelists/localtype.xml#village,Fenland,http://data.ordnancesurvey.co.uk/id/7000000000001357,http://data.ordnancesurvey.co.uk/ontology/admingeo/District,Cambridgeshire,http://data.ordnancesurvey.co.uk/id/7000000000001386,http://data.ordnancesurvey.co.uk/ontology/admingeo/County,Eastern,http://data.ordnancesurvey.co.uk/id/7000000000041425,England,http://data.ordnancesurvey.co.uk/id/country/england,osgb4000000026933592,,
osgb4000000026940328,http://data.ordnancesurvey.co.uk/id/4000000026940328,The Crescent,,,,transportNetwork,Named Road,546187,309540,1000,20000,546151,309539,546236,309593,PE13,http://data.ordnancesurvey.co.uk/id/postcodedistrict/PE13,Wisbech,http://data.ordnancesurvey.co.uk/id/4000000074551318,http://www.ordnancesurvey.co.uk/xml/codelists/localtype.xml#town,Fenland,http://data.ordnancesurvey.co.uk/id/7000000000001357,http://data.ordnancesurvey.co.uk/ontology/admingeo/District,Cambridgeshire,http://data.ordnancesurvey.co.uk/id/7000000000001386,http://data.ordnancesurvey.co.uk/ontology/admingeo/County,Eastern,http://data.ordnancesurvey.co.uk/id/7000000000041425,England,http://data.ordnancesurvey.co.uk/id/country/england,,,
osgb4000000026935093,http://data.ordnancesurvey.co.uk/id/4000000026935093,Sand Bank,,,,transportNetwork,Named Road,540673,307967,5000,20000,540286,307622,541080,308363,PE13,http://data.ordnancesurvey.co.uk/id/postcodedistrict/PE13,Wisbech St Mary,http://data.ordnancesurvey.co.uk/id/4000000074551315,http://www.ordnancesurvey.co.uk/xml/codelists/localtype.xml#village,Fenland,http://data.ordnancesurvey.co.uk/id/7000000000001357,http://data.ordnancesurvey.co.uk/ontology/admingeo/District,Cambridgeshire,http://data.ordnancesurvey.co.uk/id/7000000000001386,http://data.ordnancesurvey.co.uk/ontology/admingeo/County,Eastern,http://data.ordnancesurvey.co.uk/id/7000000000041425,England,http://data.ordnancesurvey.co.uk/id/country/england,,,
osgb4000000026937472,http://data.ordnancesurvey.co.uk/id/4000000026937472,The Barracks,,,,transportNetwork,Named Road,541551,312001,1000,20000,541491,311959,541566,312073,PE13,http://data.ordnancesurvey.co.uk/id/postcodedistrict/PE13,Gorefield,http://data.ordnancesurvey.co.uk/id/4000000074551667,http://www.ordnancesurvey.co.uk/xml/codelists/localtype.xml#village,Fenland,http://data.ordnancesurvey.co.uk/id/7000000000001357,http://data.ordnancesurvey.co.uk/ontology/admingeo/District,Cambridgeshire,http://data.ordnancesurvey.co.uk/id/7000000000001386,http://data.ordnancesurvey.co.uk/ontology/admingeo/County,Eastern,http://data.ordnancesurvey.co.uk/id/7000000000041425,England,http://data.ordnancesurvey.co.uk/id/country/england,,,
osgb4000000026942767,http://data.ordnancesurvey.co.uk/id/4000000026942767,School Lane,,,,transportNetwork,Named Road,546178,309837,1000,20000,546160,309829,546207,309845,PE13,http://data.ordnancesurvey.co.uk/id/postcodedistrict/PE13,Wisbech,http://data.ordnancesurvey.co.uk/id/4000000074551318,http://www.ordnancesurvey.co.uk/xml/codelists/localtype.xml#town,Fenland,http://data.ordnancesurvey.co.uk/id/7000000000001357,http://data.ordnancesurvey.co.uk/ontology/admingeo/District,Cambridgeshire,http://data.ordnancesurvey.co.uk/id/7000000000001386,http://data.ordnancesurvey.co.uk/ontology/admingeo/County,Eastern,http://data.ordnancesurvey.co.uk/id/7000000000041425,England,http://data.ordnancesurvey.co.uk/id/country/england,,,
osgb4000000026932406,http://data.ordnancesurvey.co.uk/id/4000000026932406,Salts Road,,,,transportNetwork,Named Road,548250,313432,12000,20000,547343,313058,549188,313646,PE14,http://data.ordnancesurvey.co.uk/id/postcodedistrict/PE14,West Walton,http://data.ordnancesurvey.co.uk/id/4000000074552041,http://www.ordnancesurvey.co.uk/xml/codelists/localtype.xml#village,King's Lynn and West Norfolk,http://data.ordnancesurvey.co.uk/id/7000000000007016,http://data.ordnancesurvey.co.uk/ontology/admingeo/District,Norfolk,http://data.ordnancesurvey.co.uk/id/7000000000007238,http://data.ordnancesurvey.co.uk/ontology/admingeo/County,Eastern,http://data.ordnancesurvey.co.uk/id/7000000000041425,England,http://data.ordnancesurvey.co.uk/id/country/england,,,
osgb4000000026968098,http://data.ordnancesurvey.co.uk/id/4000000026968098,West Road,,,,transportNetwork,Named Road,544984,317918,1000,20000,544891,317857,545076,317933,PE13,http://data.ordnancesurvey.co.uk/id/postcodedistrict/PE13,Tydd Gote,http://data.ordnancesurvey.co.uk/id/4000000074548409,http://www.ordnancesurvey.co.uk/xml/codelists/localtype.xml#village,South Holland,http://data.ordnancesurvey.co.uk/id/7000000000005599,http://data.ordnancesurvey.co.uk/ontology/admingeo/District,Lincolnshire,http://data.ordnancesurvey.co.uk/id/7000000000005942,http://data.ordnancesurvey.co.uk/ontology/admingeo/County,East Midlands,http://data.ordnancesurvey.co.uk/id/7000000000041423,England,http://data.ordnancesurvey.co.uk/id/country/england,,,
10be78fe-8b94-4621-a262-181c77fcb9c4,http://data.ordnancesurvey.co.uk/id/10be78fe-8b94-4621-a262-181c77fcb9c4,Gosmoor Lane,,,,transportNetwork,Section Of Named Road,547380,306357,9000,25000,547008,306349,548380,306497,PE14,http://data.ordnancesurvey.co.uk/id/postcodedistrict/PE14,Elm,http://data.ordnancesurvey.co.uk/id/4000000074341528,http://www.ordnancesurvey.co.uk/xml/codelists/localtype.xml#village,Fenland,http://data.ordnancesurvey.co.uk/id/7000000000001357,http://data.ordnancesurvey.co.uk/ontology/admingeo/District,Cambridgeshire,http://data.ordnancesurvey.co.uk/id/7000000000001386,http://data.ordnancesurvey.co.uk/ontology/admingeo/County,Eastern,http://data.ordnancesurvey.co.uk/id/7000000000041425,England,http://data.ordnancesurvey.co.uk/id/country/england,osgb4000000026935108,,
osgb4000000026940364,http://data.ordnancesurvey.co.uk/id/4000000026940364,Christopher Drive,,,,transportNetwork,Named Road,545501,310661,1000,20000,545453,310652,545520,310665,PE13,http://data.ordnancesurvey.co.uk/id/postcodedistrict/PE13,Wisbech,http://data.ordnancesurvey.co.uk/id/4000000074551318,http://www.ordnancesurvey.co.uk/xml/codelists/localtype.xml#town,Fenland,http://data.ordnancesurvey.co.uk/id/7000000000001357,http://data.ordnancesurvey.co.uk/ontology/admingeo/District,Cambridgeshire,http://data.ordnancesurvey.co.uk/id/7000000000001386,http://data.ordnancesurvey.co.uk/ontology/admingeo/County,Eastern,http://data.ordnancesurvey.co.uk/id/7000000000041425,England,http://data.ordnancesurvey.co.uk/id/country/england,,,
3535d191-f4fe-4c10-9ef5-7aac88778557,http://data.ordnancesurvey.co.uk/id/3535d191-f4fe-4c10-9ef5-7aac88778557,Crooked Bank,,,,transportNetwork,Section Of Named Road,545174,306318,1000,25000,545159,306298,545182,306333,PE14,http://data.ordnancesurvey.co.uk/id/postcodedistrict/PE14,Begdale,http://data.ordnancesurvey.co.uk/id/4000000074550949,http://www.ordnancesurvey.co.uk/xml/codelists/localtype.xml#hamlet,Fenland,http://data.ordnancesurvey.co.uk/id/7000000000001357,http://data.ordnancesurvey.co.uk/ontology/admingeo/District,Cambridgeshire,http://data.ordnancesurvey.co.uk/id/7000000000001386,http://data.ordnancesurvey.co.uk/ontology/admingeo/County,Eastern,http://data.ordnancesurvey.co.uk/id/7000000000041425,England,http://data.ordnancesurvey.co.uk/id/country/england,osgb4000000026935100,,
osgb4000000026933543,http://data.ordnancesurvey.co.uk/id/4000000026933543,Gypsy Lane,,,,transportNetwork,Named Road,545420,313083,4000,20000,545078,313064,545660,313091,PE13,http://data.ordnancesurvey.co.uk/id/postcodedistrict/PE13,,,,Fenland,http://data.ordnancesurvey.co.uk/id/7000000000001357,http://data.ordnancesurvey.co.uk/ontology/admingeo/District,Cambridgeshire,http://data.ordnancesurvey.co.uk/id/7000000000001386,http://data.ordnancesurvey.co.uk/ontology/admingeo/County,Eastern,http://data.ordnancesurvey.co.uk/id/7000000000041425,England,http://data.ordnancesurvey.co.uk/id/country/england,,,
osgb4000000026942694,http://data.ordnancesurvey.co.uk/id/4000000026942694,South Brink,,,,transportNetwork,Named Road,543019,306115,20000,43000,539828,302994,546030,309630,PE14,http://data.ordnancesurvey.co.uk/id/postcodedistrict/PE14,,,,Fenland,http://data.ordnancesurvey.co.uk/id/7000000000001357,http://data.ordnancesurvey.co.uk/ontology/admingeo/District,Cambridgeshire,http://data.ordnancesurvey.co.uk/id/7000000000001386,http://data.ordnancesurvey.co.uk/ontology/admingeo/County,Eastern,http://data.ordnancesurvey.co.uk/id/7000000000041425,England,http://data.ordnancesurvey.co.uk/id/country/england,,,
643afd83-a350-43b5-98e1-4889b14a1f2d,http://data.ordnancesurvey.co.uk/id/643afd83-a350-43b5-98e1-4889b14a1f2d,Leverington Common,,,,transportNetwork,Section Of Named Road,540408,308431,1000,25000,540286,308363,540490,308477,PE13,http://data.ordnancesurvey.co.uk/id/postcodedistrict/PE13,Wisbech St Mary,http://data.ordnancesurvey.co.uk/id/4000000074551315,http://www.ordnancesurvey.co.uk/xml/codelists/localtype.xml#village,Fenland,http://data.ordnancesurvey.co.uk/id/7000000000001357,http://data.ordnancesurvey.co.uk/ontology/admingeo/District,Cambridgeshire,http://data.ordnancesurvey.co.uk/id/7000000000001386,http://data.ordnancesurvey.co.uk/ontology/admingeo/County,Eastern,http://data.ordnancesurvey.co.uk/id/7000000000041425,England,http://data.ordnancesurvey.co.uk/id/country/england,osgb4000000026931585,,
osgb4000000026933502,http://data.ordnancesurvey.co.uk/id/4000000026933502,Lord's Lane,,,,transportNetwork,Named Road,544044,307562,5000,20000,543664,307347,544389,307790,PE13,http://data.ordnancesurvey.co.uk/id/postcodedistrict/PE13,,,,Fenland,http://data.ordnancesurvey.co.uk/id/7000000000001357,http://data.ordnancesurvey.co.uk/ontology/admingeo/District,Cambridgeshire,http://data.ordnancesurvey.co.uk/id/7000000000001386,http://data.ordnancesurvey.co.uk/ontology/admingeo/County,Eastern,http://data.ordnancesurvey.co.uk/id/7000000000041425,England,http://data.ordnancesurvey.co.uk/id/country/england,,,
osgb4000000026955396,http://data.ordnancesurvey.co.uk/id/4000000026955396,Summer Close,,,,transportNetwork,Named Road,550062,317234,1000,20000,550016,317199,550094,317255,PE14,http://data.ordnancesurvey.co.uk/id/postcodedistrict/PE14,Walpole St Andrew,http://data.ordnancesurvey.co.uk/id/4000000074550944,http://www.ordnancesurvey.co.uk/xml/codelists/localtype.xml#village,King's Lynn and West Norfolk,http://data.ordnancesurvey.co.uk/id/7000000000007016,http://data.ordnancesurvey.co.uk/ontology/admingeo/District,Norfolk,http://data.ordnancesurvey.co.uk/id/7000000000007238,http://data.ordnancesurvey.co.uk/ontology/admingeo/County,Eastern,http://data.ordnancesurvey.co.uk/id/7000000000041425,England,http://data.ordnancesurvey.co.uk/id/country/england,,,
osgb4000000026935168,http://data.ordnancesurvey.co.uk/id/4000000026935168,Beechwood Road,,,,transportNetwork,Named Road,546750,310933,2000,20000,546651,310901,546886,310980,PE13,http://data.ordnancesurvey.co.uk/id/postcodedistrict/PE13,Wisbech,http://data.ordnancesurvey.co.uk/id/4000000074551318,http://www.ordnancesurvey.co.uk/xml/codelists/localtype.xml#town,Fenland,http://data.ordnancesurvey.co.uk/id/7000000000001357,http://data.ordnancesurvey.co.uk/ontology/admingeo/District,Cambridgeshire,http://data.ordnancesurvey.co.uk/id/7000000000001386,http://data.ordnancesurvey.co.uk/ontology/admingeo/County,Eastern,http://data.ordnancesurvey.co.uk/id/7000000000041425,England,http://data.ordnancesurvey.co.uk/id/country/england,,,
osgb4000000026978112,http://data.ordnancesurvey.co.uk/id/4000000026978112,Station Road South,,,,transportNetwork,Named Road,552053,318816,4000,20000,551978,318550,552077,319108,PE14,http://data.ordnancesurvey.co.uk/id/postcodedistrict/PE14,Walpole Cross Keys,http://data.ordnancesurvey.co.uk/id/4000000074548396,http://www.ordnancesurvey.co.uk/xml/codelists/localtype.xml#village,King's Lynn and West Norfolk,http://data.ordnancesurvey.co.uk/id/7000000000007016,http://data.ordnancesurvey.co.uk/ontology/admingeo/District,Norfolk,http://data.ordnancesurvey.co.uk/id/7000000000007238,http://data.ordnancesurvey.co.uk/ontology/admingeo/County,Eastern,http://data.ordnancesurvey.co.uk/id/7000000000041425,England,http://data.ordnancesurvey.co.uk/id/country/england,,,
6634b667-56f5-442c-b57b-e9dd0ea68f3b,http://data.ordnancesurvey.co.uk/id/6634b667-56f5-442c-b57b-e9dd0ea68f3b,North Brink,,,,transportNetwork,Section Of Named Road,545243,308690,13000,25000,544564,307632,546023,309684,PE14,http://data.ordnancesurvey.co.uk/id/postcodedistrict/PE14,Wisbech,http://data.ordnancesurvey.co.uk/id/4000000074551318,http://www.ordnancesurvey.co.uk/xml/codelists/localtype.xml#town,Fenland,http://data.ordnancesurvey.co.uk/id/7000000000001357,http://data.ordnancesurvey.co.uk/ontology/admingeo/District,Cambridgeshire,http://data.ordnancesurvey.co.uk/id/7000000000001386,http://data.ordnancesurvey.co.uk/ontology/admingeo/County,Eastern,http://data.ordnancesurvey.co.uk/id/7000000000041425,England,http://data.ordnancesurvey.co.uk/id/country/england,osgb4000000026931728,,
osgb4000000026935173,http://data.ordnancesurvey.co.uk/id/4000000026935173,Fenland Road,,,,transportNetwork,Named Road,547108,310417,2000,20000,547005,310306,547219,310543,PE13,http://data.ordnancesurvey.co.uk/id/postcodedistrict/PE13,Wisbech,http://data.ordnancesurvey.co.uk/id/4000000074551318,http://www.ordnancesurvey.co.uk/xml/codelists/localtype.xml#town,Fenland,http://data.ordnancesurvey.co.uk/id/7000000000001357,http://data.ordnancesurvey.co.uk/ontology/admingeo/District,Cambridgeshire,http://data.ordnancesurvey.co.uk/id/7000000000001386,http://data.ordnancesurvey.co.uk/ontology/admingeo/County,Eastern,http://data.ordnancesurvey.co.uk/id/7000000000041425,England,http://data.ordnancesurvey.co.uk/id/country/england,,,
osgb4000000026932449,http://data.ordnancesurvey.co.uk/id/4000000026932449,Waterlow Road,,,,transportNetwork,Named Road,554242,317401,10000,20000,554141,316687,554673,318179,PE34,http://data.ordnancesurvey.co.uk/id/postcodedistrict/PE34,,,,King's Lynn and West Norfolk,http://data.ordnancesurvey.co.uk/id/7000000000007016,http://data.ordnancesurvey.co.uk/ontology/admingeo/District,Norfolk,http://data.ordnancesurvey.co.uk/id/7000000000007238,http://data.ordnancesurvey.co.uk/ontology/admingeo/County,Eastern,http://data.ordnancesurvey.co.uk/id/7000000000041425,England,http://data.ordnancesurvey.co.uk/id/country/england,,,
osgb5000005232274513,http://data.ordnancesurvey.co.uk/id/5000005232274513,Roger's Drove,,,,transportNetwork,Named Road,545214,316800,3000,20000,544980,316723,545474,316808,PE13,http://data.ordnancesurvey.co.uk/id/postcodedistrict/PE13,,,,Fenland,http://data.ordnancesurvey.co.uk/id/7000000000001357,http://data.ordnancesurvey.co.uk/ontology/admingeo/District,Cambridgeshire,http://data.ordnancesurvey.co.uk/id/7000000000001386,http://data.ordnancesurvey.co.uk/ontology/admingeo/County,Eastern,http://data.ordnancesurvey.co.uk/id/7000000000041425,England,http://data.ordnancesurvey.co.uk/id/country/england,,,
osgb5000005232449062,http://data.ordnancesurvey.co.uk/id/5000005232449062,Rands Drove,,,,transportNetwork,Named Road,552089,308730,12000,20000,551405,307789,552781,309650,PE14,http://data.ordnancesurvey.co.uk/id/postcodedistrict/PE14,,,,King's Lynn and West Norfolk,http://data.ordnancesurvey.co.uk/id/7000000000007016,http://data.ordnancesurvey.co.uk/ontology/admingeo/District,Norfolk,http://data.ordnancesurvey.co.uk/id/7000000000007238,http://data.ordnancesurvey.co.uk/ontology/admingeo/County,Eastern,http://data.ordnancesurvey.co.uk/id/7000000000041425,England,http://data.ordnancesurvey.co.uk/id/country/england,,,
osgb4000000026935214,http://data.ordnancesurvey.co.uk/id/4000000026935214,Goodens Lane,,,,transportNetwork,Named Road,543835,314713,2000,20000,543659,314536,543909,314884,PE13,http://data.ordnancesurvey.co.uk/id/postcodedistrict/PE13,Newton-in-the-Isle,http://data.ordnancesurvey.co.uk/id/4000000074548769,http://www.ordnancesurvey.co.uk/xml/codelists/localtype.xml#village,Fenland,http://data.ordnancesurvey.co.uk/id/7000000000001357,http://data.ordnancesurvey.co.uk/ontology/admingeo/District,Cambridgeshire,http://data.ordnancesurvey.co.uk/id/7000000000001386,http://data.ordnancesurvey.co.uk/ontology/admingeo/County,Eastern,http://data.ordnancesurvey.co.uk/id/7000000000041425,England,http://data.ordnancesurvey.co.uk/id/country/england,,,
osgb4000000026937493,http://data.ordnancesurvey.co.uk/id/4000000026937493,Park Avenue,,,,transportNetwork,Named Road,546460,310000,1000,20000,546443,309887,546481,310073,PE13,http://data.ordnancesurvey.co.uk/id/postcodedistrict/PE13,Wisbech,http://data.ordnancesurvey.co.uk/id/4000000074551318,http://www.ordnancesurvey.co.uk/xml/codelists/localtype.xml#town,Fenland,http://data.ordnancesurvey.co.uk/id/7000000000001357,http://data.ordnancesurvey.co.uk/ontology/admingeo/District,Cambridgeshire,http://data.ordnancesurvey.co.uk/id/7000000000001386,http://data.ordnancesurvey.co.uk/ontology/admingeo/County,Eastern,http://data.ordnancesurvey.co.uk/id/7000000000041425,England,http://data.ordnancesurvey.co.uk/id/country/england,,,
osgb4000000026940417,http://data.ordnancesurvey.co.uk/id/4000000026940417,Eastfield Road,,,,transportNetwork,Named Road,547131,310824,1000,20000,547098,310781,547181,310857,PE13,http://data.ordnancesurvey.co.uk/id/postcodedistrict/PE13,Wisbech,http://data.ordnancesurvey.co.uk/id/4000000074551318,http://www.ordnancesurvey.co.uk/xml/codelists/localtype.xml#town,Fenland,http://data.ordnancesurvey.co.uk/id/7000000000001357,http://data.ordnancesurvey.co.uk/ontology/admingeo/District,Cambridgeshire,http://data.ordnancesurvey.co.uk/id/7000000000001386,http://data.ordnancesurvey.co.uk/ontology/admingeo/County,Eastern,http://data.ordnancesurvey.co.uk/id/7000000000041425,England,http://data.ordnancesurvey.co.uk/id/country/england,,,
osgb4000000026932421,http://data.ordnancesurvey.co.uk/id/4000000026932421,Magdalen High Road,,,,transportNetwork,Named Road,558353,311696,17000,20000,557129,311376,559716,312449,PE34,http://data.ordnancesurvey.co.uk/id/postcodedistrict/PE34,,,,King's Lynn and West Norfolk,http://data.ordnancesurvey.co.uk/id/7000000000007016,http://data.ordnancesurvey.co.uk/ontology/admingeo/District,Norfolk,http://data.ordnancesurvey.co.uk/id/7000000000007238,http://data.ordnancesurvey.co.uk/ontology/admingeo/County,Eastern,http://data.ordnancesurvey.co.uk/id/7000000000041425,England,http://data.ordnancesurvey.co.uk/id/country/england,,,
osgb4000000026942753,http://data.ordnancesurvey.co.uk/id/4000000026942753,Falcon Lane,,,,transportNetwork,Named Road,546369,309614,1000,20000,546357,309591,546381,309643,PE13,http://data.ordnancesurvey.co.uk/id/postcodedistrict/PE13,Wisbech,http://data.ordnancesurvey.co.uk/id/4000000074551318,http://www.ordnancesurvey.co.uk/xml/codelists/localtype.xml#town,Fenland,http://data.ordnancesurvey.co.uk/id/7000000000001357,http://data.ordnancesurvey.co.uk/ontology/admingeo/District,Cambridgeshire,http://data.ordnancesurvey.co.uk/id/7000000000001386,http://data.ordnancesurvey.co.uk/ontology/admingeo/County,Eastern,http://data.ordnancesurvey.co.uk/id/7000000000041425,England,http://data.ordnancesurvey.co.uk/id/country/england,,,
80ea8c5b-ef09-41d7-9273-d2f21b727325,http://data.ordnancesurvey.co.uk/id/80ea8c5b-ef09-41d7-9273-d2f21b727325,Shepherdsgate Road,,,,transportNetwork,Section Of Named Road,555521,318000,4000,25000,555209,317736,555853,318262,PE34,http://data.ordnancesurvey.co.uk/id/postcodedistrict/PE34,Shepherds' Gate,http://data.ordnancesurvey.co.uk/id/4000000074543173,http://www.ordnancesurvey.co.uk/xml/codelists/localtype.xml#otherSettlement,King's Lynn and West Norfolk,http://data.ordnancesurvey.co.uk/id/7000000000007016,http://data.ordnancesurvey.co.uk/ontology/admingeo/District,Norfolk,http://data.ordnancesurvey.co.uk/id/7000000000007238,http://data.ordnancesurvey.co.uk/ontology/admingeo/County,Eastern,http://data.ordnancesurvey.co.uk/id/7000000000041425,England,http://data.ordnancesurvey.co.uk/id/country/england,osgb4000000026933691,,
osgb4000000026942824,http://data.ordnancesurvey.co.uk/id/4000000026942824,Hiltons Lane,,,,transportNetwork,Named Road,559819,314258,1000,20000,559798,314258,559855,314292,PE34,http://data.ordnancesurvey.co.uk/id/postcodedistrict/PE34,Wiggenhall St Germans,http://data.ordnancesurvey.co.uk/id/4000000074550213,http://www.ordnancesurvey.co.uk/xml/codelists/localtype.xml#village,King's Lynn and West Norfolk,http://data.ordnancesurvey.co.uk/id/7000000000007016,http://data.ordnancesurvey.co.uk/ontology/admingeo/District,Norfolk,http://data.ordnancesurvey.co.uk/id/7000000000007238,http://data.ordnancesurvey.co.uk/ontology/admingeo/County,Eastern,http://data.ordnancesurvey.co.uk/id/7000000000041425,England,http://data.ordnancesurvey.co.uk/id/country/england,,,
abd4d273-7362-495c-9c0e-5b275584eb00,http://data.ordnancesurvey.co.uk/id/abd4d273-7362-495c-9c0e-5b275584eb00,The Avenue,,,,transportNetwork,Section Of Named Road,558321,313900,1000,25000,558210,313841,558393,313919,PE34,http://data.ordnancesurvey.co.uk/id/postcodedistrict/PE34,Wiggenhall St Mary the Virgin,http://data.ordnancesurvey.co.uk/id/4000000074550574,http://www.ordnancesurvey.co.uk/xml/codelists/localtype.xml#village,King's Lynn and West Norfolk,http://data.ordnancesurvey.co.uk/id/7000000000007016,http://data.ordnancesurvey.co.uk/ontology/admingeo/District,Norfolk,http://data.ordnancesurvey.co.uk/id/7000000000007238,http://data.ordnancesurvey.co.uk/ontology/admingeo/County,Eastern,http://data.ordnancesurvey.co.uk/id/7000000000041425,England,http://data.ordnancesurvey.co.uk/id/country/england,osgb4000000026933655,,
osgb4000000026933637,http://data.ordnancesurvey.co.uk/id/4000000026933637,Hall Road,,,,transportNetwork,Named Road,551930,305107,10000,20000,551097,304549,552667,305727,PE14,http://data.ordnancesurvey.co.uk/id/postcodedistrict/PE14,,,,King's Lynn and West Norfolk,http://data.ordnancesurvey.co.uk/id/7000000000007016,http://data.ordnancesurvey.co.uk/ontology/admingeo/District,Norfolk,http://data.ordnancesurvey.co.uk/id/7000000000007238,http://data.ordnancesurvey.co.uk/ontology/admingeo/County,Eastern,http://data.ordnancesurvey.co.uk/id/7000000000041425,England,http://data.ordnancesurvey.co.uk/id/country/england,,,
osgb4000000026942776,http://data.ordnancesurvey.co.uk/id/4000000026942776,Harolds Close,,,,transportNetwork,Named Road,548167,310320,1000,20000,548167,310288,548189,310351,PE14,http://data.ordnancesurvey.co.uk/id/postcodedistrict/PE14,Wisbech,http://data.ordnancesurvey.co.uk/id/4000000074551318,http://www.ordnancesurvey.co.uk/xml/codelists/localtype.xml#town,King's Lynn and West Norfolk,http://data.ordnancesurvey.co.uk/id/7000000000007016,http://data.ordnancesurvey.co.uk/ontology/admingeo/District,Norfolk,http://data.ordnancesurvey.co.uk/id/7000000000007238,http://data.ordnancesurvey.co.uk/ontology/admingeo/County,Eastern,http://data.ordnancesurvey.co.uk/id/7000000000041425,England,http://data.ordnancesurvey.co.uk/id/country/england,,,
osgb4000000026940378,http://data.ordnancesurvey.co.uk/id/4000000026940378,Henry Street,,,,transportNetwork,Named Road,546443,309869,1000,20000,546398,309848,546478,309887,PE13,http://data.ordnancesurvey.co.uk/id/postcodedistrict/PE13,Wisbech,http://data.ordnancesurvey.co.uk/id/4000000074551318,http://www.ordnancesurvey.co.uk/xml/codelists/localtype.xml#town,Fenland,http://data.ordnancesurvey.co.uk/id/7000000000001357,http://data.ordnancesurvey.co.uk/ontology/admingeo/District,Cambridgeshire,http://data.ordnancesurvey.co.uk/id/7000000000001386,http://data.ordnancesurvey.co.uk/ontology/admingeo/County,Eastern,http://data.ordnancesurvey.co.uk/id/7000000000041425,England,http://data.ordnancesurvey.co.uk/id/country/england,,,
e3354e83-4888-4155-b519-4862b6e1d4e1,http://data.ordnancesurvey.co.uk/id/e3354e83-4888-4155-b519-4862b6e1d4e1,Burrettgate Road,,,,transportNetwork,Section Of Named Road,547951,309478,1000,25000,547950,309478,547952,309479,PE14,http://data.ordnancesurvey.co.uk/id/postcodedistrict/PE14,Paradise,http://data.ordnancesurvey.co.uk/id/4000000074541379,http://www.ordnancesurvey.co.uk/xml/codelists/localtype.xml#hamlet,King's Lynn and West Norfolk,http://data.ordnancesurvey.co.uk/id/7000000000007016,http://data.ordnancesurvey.co.uk/ontology/admingeo/District,Norfolk,http://data.ordnancesurvey.co.uk/id/7000000000007238,http://data.ordnancesurvey.co.uk/ontology/admingeo/County,Eastern,http://data.ordnancesurvey.co.uk/id/7000000000041425,England,http://data.ordnancesurvey.co.uk/id/country/england,osgb4000000026933533,,
osgb4000000026932411,http://data.ordnancesurvey.co.uk/id/4000000026932411,Cuckoo Road,,,,transportNetwork,Named Road,558832,305246,11000,20000,558023,304395,559776,305809,PE34,http://data.ordnancesurvey.co.uk/id/postcodedistrict/PE34,,,,King's Lynn and West Norfolk,http://data.ordnancesurvey.co.uk/id/7000000000007016,http://data.ordnancesurvey.co.uk/ontology/admingeo/District,Norfolk,http://data.ordnancesurvey.co.uk/id/7000000000007238,http://data.ordnancesurvey.co.uk/ontology/admingeo/County,Eastern,http://data.ordnancesurvey.co.uk/id/7000000000041425,England,http://data.ordnancesurvey.co.uk/id/country/england,,,
osgb4000000026933501,http://data.ordnancesurvey.co.uk/id/4000000026933501,Cross Lane,,,,transportNetwork,Named Road,543336,307612,4000,20000,543030,307428,543664,307801,PE13,http://data.ordnancesurvey.co.uk/id/postcodedistrict/PE13,,,,Fenland,http://data.ordnancesurvey.co.uk/id/7000000000001357,http://data.ordnancesurvey.co.uk/ontology/admingeo/District,Cambridgeshire,http://data.ordnancesurvey.co.uk/id/7000000000001386,http://data.ordnancesurvey.co.uk/ontology/admingeo/County,Eastern,http://data.ordnancesurvey.co.uk/id/7000000000041425,England,http://data.ordnancesurvey.co.uk/id/country/england,,,
osgb4000000026940418,http://data.ordnancesurvey.co.uk/id/4000000026940418,Sylvden Drive,,,,transportNetwork,Named Road,547789,310450,1000,20000,547762,310383,547841,310460,PE13,http://data.ordnancesurvey.co.uk/id/postcodedistrict/PE13,Wisbech,http://data.ordnancesurvey.co.uk/id/4000000074551318,http://www.ordnancesurvey.co.uk/xml/codelists/localtype.xml#town,Fenland,http://data.ordnancesurvey.co.uk/id/7000000000001357,http://data.ordnancesurvey.co.uk/ontology/admingeo/District,Cambridgeshire,http://data.ordnancesurvey.co.uk/id/7000000000001386,http://data.ordnancesurvey.co.uk/ontology/admingeo/County,Eastern,http://data.ordnancesurvey.co.uk/id/7000000000041425,England,http://data.ordnancesurvey.co.uk/id/country/england,,,
osgb4000000026932366,http://data.ordnancesurvey.co.uk/id/4000000026932366,North Road,,,,transportNetwork,Named Road,544914,319543,6000,20000,544481,319521,545348,319564,PE13,http://data.ordnancesurvey.co.uk/id/postcodedistrict/PE13,,,,South Holland,http://data.ordnancesurvey.co.uk/id/7000000000005599,http://data.ordnancesurvey.co.uk/ontology/admingeo/District,Lincolnshire,http://data.ordnancesurvey.co.uk/id/7000000000005942,http://data.ordnancesurvey.co.uk/ontology/admingeo/County,East Midlands,http://data.ordnancesurvey.co.uk/id/7000000000041423,England,http://data.ordnancesurvey.co.uk/id/country/england,,,
osgb4000000026933498,http://data.ordnancesurvey.co.uk/id/4000000026933498,Broad Drove,,,,transportNetwork,Named Road,544719,306813,7000,20000,544179,306643,545311,306946,PE14,http://data.ordnancesurvey.co.uk/id/postcodedistrict/PE14,,,,Fenland,http://data.ordnancesurvey.co.uk/id/7000000000001357,http://data.ordnancesurvey.co.uk/ontology/admingeo/District,Cambridgeshire,http://data.ordnancesurvey.co.uk/id/7000000000001386,http://data.ordnancesurvey.co.uk/ontology/admingeo/County,Eastern,http://data.ordnancesurvey.co.uk/id/7000000000041425,England,http://data.ordnancesurvey.co.uk/id/country/england,,,
osgb4000000026933534,http://data.ordnancesurvey.co.uk/id/4000000026933534,Stow Road,,,,transportNetwork,Named Road,547547,309967,5000,20000,547541,309546,547584,310337,PE13,http://data.ordnancesurvey.co.uk/id/postcodedistrict/PE13,Wisbech,http://data.ordnancesurvey.co.uk/id/4000000074551318,http://www.ordnancesurvey.co.uk/xml/codelists/localtype.xml#town,Fenland,http://data.ordnancesurvey.co.uk/id/7000000000001357,http://data.ordnancesurvey.co.uk/ontology/admingeo/District,Cambridgeshire,http://data.ordnancesurvey.co.uk/id/7000000000001386,http://data.ordnancesurvey.co.uk/ontology/admingeo/County,Eastern,http://data.ordnancesurvey.co.uk/id/7000000000041425,England,http://data.ordnancesurvey.co.uk/id/country/england,,,
b11207bd-cf42-4686-bf1f-42b5222ec931,http://data.ordnancesurvey.co.uk/id/b11207bd-cf42-4686-bf1f-42b5222ec931,Mayner's Dike,,,,transportNetwork,Section Of Named Road,542838,316931,2000,25000,542800,316783,542893,317064,PE13,http://data.ordnancesurvey.co.uk/id/postcodedistrict/PE13,Tydd St Giles,http://data.ordnancesurvey.co.uk/id/4000000074548770,http://www.ordnancesurvey.co.uk/xml/codelists/localtype.xml#village,South Holland,http://data.ordnancesurvey.co.uk/id/7000000000005599,http://data.ordnancesurvey.co.uk/ontology/admingeo/District,Lincolnshire,http://data.ordnancesurvey.co.uk/id/7000000000005942,http://data.ordnancesurvey.co.uk/ontology/admingeo/County,East Midlands,http://data.ordnancesurvey.co.uk/id/7000000000041423,England,http://data.ordnancesurvey.co.uk/id/country/england,osgb4000000026933586,,
osgb5000005234285554,http://data.ordnancesurvey.co.uk/id/5000005234285554,Thorndike Lane,,,,transportNetwork,Named Road,548346,314730,9000,20000,548059,314084,548723,315433,PE14,http://data.ordnancesurvey.co.uk/id/postcodedistrict/PE14,,,,King's Lynn and West Norfolk,http://data.ordnancesurvey.co.uk/id/7000000000007016,http://data.ordnancesurvey.co.uk/ontology/admingeo/District,Norfolk,http://data.ordnancesurvey.co.uk/id/7000000000007238,http://data.ordnancesurvey.co.uk/ontology/admingeo/County,Eastern,http://data.ordnancesurvey.co.uk/id/7000000000041425,England,http://data.ordnancesurvey.co.uk/id/country/england,,,
c773c210-165e-4a26-9b75-a4d312e83472,http://data.ordnancesurvey.co.uk/id/c773c210-165e-4a26-9b75-a4d312e83472,B198,,,,transportNetwork,Section Of Numbered Road,546042,309633,22000,25000,544872,307687,547482,311122,PE13,http://data.ordnancesurvey.co.uk/id/postcodedistrict/PE13,Wisbech,http://data.ordnancesurvey.co.uk/id/4000000074551318,http://www.ordnancesurvey.co.uk/xml/codelists/localtype.xml#town,Fenland,http://data.ordnancesurvey.co.uk/id/7000000000001357,http://data.ordnancesurvey.co.uk/ontology/admingeo/District,Cambridgeshire,http://data.ordnancesurvey.co.uk/id/7000000000001386,http://data.ordnancesurvey.co.uk/ontology/admingeo/County,Eastern,http://data.ordnancesurvey.co.uk/id/7000000000041425,England,http://data.ordnancesurvey.co.uk/id/country/england,osgb4000000028064151,,
osgb4000000026937520,http://data.ordnancesurvey.co.uk/id/4000000026937520,Westfield Road,,,,transportNetwork,Named Road,547170,310963,1000,20000,547108,310960,547249,310967,PE13,http://data.ordnancesurvey.co.uk/id/postcodedistrict/PE13,Wisbech,http://data.ordnancesurvey.co.uk/id/4000000074551318,http://www.ordnancesurvey.co.uk/xml/codelists/localtype.xml#town,Fenland,http://data.ordnancesurvey.co.uk/id/7000000000001357,http://data.ordnancesurvey.co.uk/ontology/admingeo/District,Cambridgeshire,http://data.ordnancesurvey.co.uk/id/7000000000001386,http://data.ordnancesurvey.co.uk/ontology/admingeo/County,Eastern,http://data.ordnancesurvey.co.uk/id/7000000000041425,England,http://data.ordnancesurvey.co.uk/id/country/england,,,
osgb5000005101200710,http://data.ordnancesurvey.co.uk/id/5000005101200710,Ratten Row,,,,transportNetwork,Named Road,551525,314063,3000,20000,551454,313856,551621,314289,PE14,http://data.ordnancesurvey.co.uk/id/postcodedistrict/PE14,Walpole Highway,http://data.ordnancesurvey.co.uk/id/4000000074550945,http://www.ordnancesurvey.co.uk/xml/codelists/localtype.xml#village,King's Lynn and West Norfolk,http://data.ordnancesurvey.co.uk/id/7000000000007016,http://data.ordnancesurvey.co.uk/ontology/admingeo/District,Norfolk,http://data.ordnancesurvey.co.uk/id/7000000000007238,http://data.ordnancesurvey.co.uk/ontology/admingeo/County,Eastern,http://data.ordnancesurvey.co.uk/id/7000000000041425,England,http://data.ordnancesurvey.co.uk/id/country/england,,,
osgb4000000026942762,http://data.ordnancesurvey.co.uk/id/4000000026942762,The Lawns,,,,transportNetwork,Named Road,545771,310294,1000,20000,545763,310285,545783,310344,PE13,http://data.ordnancesurvey.co.uk/id/postcodedistrict/PE13,Wisbech,http://data.ordnancesurvey.co.uk/id/4000000074551318,http://www.ordnancesurvey.co.uk/xml/codelists/localtype.xml#town,Fenland,http://data.ordnancesurvey.co.uk/id/7000000000001357,http://data.ordnancesurvey.co.uk/ontology/admingeo/District,Cambridgeshire,http://data.ordnancesurvey.co.uk/id/7000000000001386,http://data.ordnancesurvey.co.uk/ontology/admingeo/County,Eastern,http://data.ordnancesurvey.co.uk/id/7000000000041425,England,http://data.ordnancesurvey.co.uk/id/country/england,,,
osgb4000000026937334,http://data.ordnancesurvey.co.uk/id/4000000026937334,Laddus Bank,,,,transportNetwork,Named Road,549039,302833,5000,20000,548648,302805,549411,302900,PE14,http://data.ordnancesurvey.co.uk/id/postcodedistrict/PE14,,,,King's Lynn and West Norfolk,http://data.ordnancesurvey.co.uk/id/7000000000007016,http://data.ordnancesurvey.co.uk/ontology/admingeo/District,Norfolk,http://data.ordnancesurvey.co.uk/id/7000000000007238,http://data.ordnancesurvey.co.uk/ontology/admingeo/County,Eastern,http://data.ordnancesurvey.co.uk/id/7000000000041425,England,http://data.ordnancesurvey.co.uk/id/country/england,,,
osgb4000000026932441,http://data.ordnancesurvey.co.uk/id/4000000026932441,Bustards' Lane,,,,transportNetwork,Named Road,551634,317470,12000,20000,550854,316454,551687,318342,PE14,http://data.ordnancesurvey.co.uk/id/postcodedistrict/PE14,,,,King's Lynn and West Norfolk,http://data.ordnancesurvey.co.uk/id/7000000000007016,http://data.ordnancesurvey.co.uk/ontology/admingeo/District,Norfolk,http://data.ordnancesurvey.co.uk/id/7000000000007238,http://data.ordnancesurvey.co.uk/ontology/admingeo/County,Eastern,http://data.ordnancesurvey.co.uk/id/7000000000041425,England,http://data.ordnancesurvey.co.uk/id/country/england,,,
osgb5000005215584336,http://data.ordnancesurvey.co.uk/id/5000005215584336,Seafields,,,,transportNetwork,Named Road,544440,312305,1000,20000,544427,312272,544455,312333,PE13,http://data.ordnancesurvey.co.uk/id/postcodedistrict/PE13,Leverington,http://data.ordnancesurvey.co.uk/id/4000000074551313,http://www.ordnancesurvey.co.uk/xml/codelists/localtype.xml#village,Fenland,http://data.ordnancesurvey.co.uk/id/7000000000001357,http://data.ordnancesurvey.co.uk/ontology/admingeo/District,Cambridgeshire,http://data.ordnancesurvey.co.uk/id/7000000000001386,http://data.ordnancesurvey.co.uk/ontology/admingeo/County,Eastern,http://data.ordnancesurvey.co.uk/id/7000000000041425,England,http://data.ordnancesurvey.co.uk/id/country/england,,,
osgb4000000027008237,http://data.ordnancesurvey.co.uk/id/4000000027008237,Kentra Close,,,,transportNetwork,Named Road,545111,311072,1000,20000,545090,311050,545137,311092,PE13,http://data.ordnancesurvey.co.uk/id/postcodedistrict/PE13,Wisbech,http://data.ordnancesurvey.co.uk/id/4000000074551318,http://www.ordnancesurvey.co.uk/xml/codelists/localtype.xml#town,Fenland,http://data.ordnancesurvey.co.uk/id/7000000000001357,http://data.ordnancesurvey.co.uk/ontology/admingeo/District,Cambridgeshire,http://data.ordnancesurvey.co.uk/id/7000000000001386,http://data.ordnancesurvey.co.uk/ontology/admingeo/County,Eastern,http://data.ordnancesurvey.co.uk/id/7000000000041425,England,http://data.ordnancesurvey.co.uk/id/country/england,,,
osgb5000005171903351,http://data.ordnancesurvey.co.uk/id/5000005171903351,Napier Court,,,,transportNetwork,Named Road,546504,309347,1000,20000,546494,309310,546550,309387,PE13,http://data.ordnancesurvey.co.uk/id/postcodedistrict/PE13,Wisbech,http://data.ordnancesurvey.co.uk/id/4000000074551318,http://www.ordnancesurvey.co.uk/xml/codelists/localtype.xml#town,Fenland,http://data.ordnancesurvey.co.uk/id/7000000000001357,http://data.ordnancesurvey.co.uk/ontology/admingeo/District,Cambridgeshire,http://data.ordnancesurvey.co.uk/id/7000000000001386,http://data.ordnancesurvey.co.uk/ontology/admingeo/County,Eastern,http://data.ordnancesurvey.co.uk/id/7000000000041425,England,http://data.ordnancesurvey.co.uk/id/country/england,,,
osgb4000000026940350,http://data.ordnancesurvey.co.uk/id/4000000026940350,Bowthorpe Road,,,,transportNetwork,Named Road,546744,309798,2000,20000,546689,309629,546775,309950,PE13,http://data.ordnancesurvey.co.uk/id/postcodedistrict/PE13,Wisbech,http://data.ordnancesurvey.co.uk/id/4000000074551318,http://www.ordnancesurvey.co.uk/xml/codelists/localtype.xml#town,Fenland,http://data.ordnancesurvey.co.uk/id/7000000000001357,http://data.ordnancesurvey.co.uk/ontology/admingeo/District,Cambridgeshire,http://data.ordnancesurvey.co.uk/id/7000000000001386,http://data.ordnancesurvey.co.uk/ontology/admingeo/County,Eastern,http://data.ordnancesurvey.co.uk/id/7000000000041425,England,http://data.ordnancesurvey.co.uk/id/country/england,,,
osgb4000000026935291,http://data.ordnancesurvey.co.uk/id/4000000026935291,School Lane,,,,transportNetwork,Named Road,550366,316689,2000,20000,550245,316537,550484,316821,PE14,http://data.ordnancesurvey.co.uk/id/postcodedistrict/PE14,Walpole St Peter,http://data.ordnancesurvey.co.uk/id/4000000074550943,http://www.ordnancesurvey.co.uk/xml/codelists/localtype.xml#village,King's Lynn and West Norfolk,http://data.ordnancesurvey.co.uk/id/7000000000007016,http://data.ordnancesurvey.co.uk/ontology/admingeo/District,Norfolk,http://data.ordnancesurvey.co.uk/id/7000000000007238,http://data.ordnancesurvey.co.uk/ontology/admingeo/County,Eastern,http://data.ordnancesurvey.co.uk/id/7000000000041425,England,http://data.ordnancesurvey.co.uk/id/country/england,,,
osgb4000000026935117,http://data.ordnancesurvey.co.uk/id/4000000026935117,Halfpenny Lane,,,,transportNetwork,Named Road,546735,307458,9000,20000,546532,306977,547026,308296,PE14,http://data.ordnancesurvey.co.uk/id/postcodedistrict/PE14,,,,Fenland,http://data.ordnancesurvey.co.uk/id/7000000000001357,http://data.ordnancesurvey.co.uk/ontology/admingeo/District,Cambridgeshire,http://data.ordnancesurvey.co.uk/id/7000000000001386,http://data.ordnancesurvey.co.uk/ontology/admingeo/County,Eastern,http://data.ordnancesurvey.co.uk/id/7000000000041425,England,http://data.ordnancesurvey.co.uk/id/country/england,,,
6be43f2f-7a54-44b4-9b2c-cf8e8e320607,http://data.ordnancesurvey.co.uk/id/6be43f2f-7a54-44b4-9b2c-cf8e8e320607,Magdalen Road,,,,transportNetwork,Section Of Named Road,555251,313351,6000,25000,554717,313088,555687,313810,PE34,http://data.ordnancesurvey.co.uk/id/postcodedistrict/PE34,Tilney St Lawrence,http://data.ordnancesurvey.co.uk/id/4000000074550579,http://www.ordnancesurvey.co.uk/xml/codelists/localtype.xml#village,King's Lynn and West Norfolk,http://data.ordnancesurvey.co.uk/id/7000000000007016,http://data.ordnancesurvey.co.uk/ontology/admingeo/District,Norfolk,http://data.ordnancesurvey.co.uk/id/7000000000007238,http://data.ordnancesurvey.co.uk/ontology/admingeo/County,Eastern,http://data.ordnancesurvey.co.uk/id/7000000000041425,England,http://data.ordnancesurvey.co.uk/id/country/england,osgb4000000026931775,,
osgb4000000026968903,http://data.ordnancesurvey.co.uk/id/4000000026968903,School Lane,,,,transportNetwork,Named Road,559333,314236,1000,20000,559327,314174,559361,314293,PE34,http://data.ordnancesurvey.co.uk/id/postcodedistrict/PE34,Wiggenhall St Germans,http://data.ordnancesurvey.co.uk/id/4000000074550213,http://www.ordnancesurvey.co.uk/xml/codelists/localtype.xml#village,King's Lynn and West Norfolk,http://data.ordnancesurvey.co.uk/id/7000000000007016,http://data.ordnancesurvey.co.uk/ontology/admingeo/District,Norfolk,http://data.ordnancesurvey.co.uk/id/7000000000007238,http://data.ordnancesurvey.co.uk/ontology/admingeo/County,Eastern,http://data.ordnancesurvey.co.uk/id/7000000000041425,England,http://data.ordnancesurvey.co.uk/id/country/england,,,
ea7a0f24-fccd-4bed-9918-cc969288e5b5,http://data.ordnancesurvey.co.uk/id/ea7a0f24-fccd-4bed-9918-cc969288e5b5,Market Lane,,,,transportNetwork,Section Of Named Road,551915,318539,6000,25000,551455,318363,552383,318610,PE14,http://data.ordnancesurvey.co.uk/id/postcodedistrict/PE14,Walpole Cross Keys,http://data.ordnancesurvey.co.uk/id/4000000074548396,http://www.ordnancesurvey.co.uk/xml/codelists/localtype.xml#village,King's Lynn and West Norfolk,http://data.ordnancesurvey.co.uk/id/7000000000007016,http://data.ordnancesurvey.co.uk/ontology/admingeo/District,Norfolk,http://data.ordnancesurvey.co.uk/id/7000000000007238,http://data.ordnancesurvey.co.uk/ontology/admingeo/County,Eastern,http://data.ordnancesurvey.co.uk/id/7000000000041425,England,http://data.ordnancesurvey.co.uk/id/country/england,osgb4000000026932442,,
osgb4000000026937442,http://data.ordnancesurvey.co.uk/id/4000000026937442,Burdett Road,,,,transportNetwork,Named Road,546000,309081,1000,20000,545959,309045,546065,309135,PE13,http://data.ordnancesurvey.co.uk/id/postcodedistrict/PE13,Wisbech,http://data.ordnancesurvey.co.uk/id/4000000074551318,http://www.ordnancesurvey.co.uk/xml/codelists/localtype.xml#town,Fenland,http://data.ordnancesurvey.co.uk/id/7000000000001357,http://data.ordnancesurvey.co.uk/ontology/admingeo/District,Cambridgeshire,http://data.ordnancesurvey.co.uk/id/7000000000001386,http://data.ordnancesurvey.co.uk/ontology/admingeo/County,Eastern,http://data.ordnancesurvey.co.uk/id/7000000000041425,England,http://data.ordnancesurvey.co.uk/id/country/england,,,
osgb4000000026975549,http://data.ordnancesurvey.co.uk/id/4000000026975549,Basin Road,,,,transportNetwork,Named Road,550523,304519,5000,20000,550279,304172,551074,304760,PE14,http://data.ordnancesurvey.co.uk/id/postcodedistrict/PE14,,,,King's Lynn and West Norfolk,http://data.ordnancesurvey.co.uk/id/7000000000007016,http://data.ordnancesurvey.co.uk/ontology/admingeo/District,Norfolk,http://data.ordnancesurvey.co.uk/id/7000000000007238,http://data.ordnancesurvey.co.uk/ontology/admingeo/County,Eastern,http://data.ordnancesurvey.co.uk/id/7000000000041425,England,http://data.ordnancesurvey.co.uk/id/country/england,,,
d1296a8a-705d-4cc9-bb44-f9ec126bfc8c,http://data.ordnancesurvey.co.uk/id/d1296a8a-705d-4cc9-bb44-f9ec126bfc8c,Crooked Bank,,,,transportNetwork,Section Of Named Road,545357,306361,2000,25000,545182,306333,545526,306401,PE14,http://data.ordnancesurvey.co.uk/id/postcodedistrict/PE14,Begdale,http://data.ordnancesurvey.co.uk/id/4000000074550949,http://www.ordnancesurvey.co.uk/xml/codelists/localtype.xml#hamlet,Fenland,http://data.ordnancesurvey.co.uk/id/7000000000001357,http://data.ordnancesurvey.co.uk/ontology/admingeo/District,Cambridgeshire,http://data.ordnancesurvey.co.uk/id/7000000000001386,http://data.ordnancesurvey.co.uk/ontology/admingeo/County,Eastern,http://data.ordnancesurvey.co.uk/id/7000000000041425,England,http://data.ordnancesurvey.co.uk/id/country/england,osgb4000000027015825,,
425b7774-1f68-4ffb-a828-e430e2adeb6c,http://data.ordnancesurvey.co.uk/id/425b7774-1f68-4ffb-a828-e430e2adeb6c,A1101,,,,transportNetwork,Section Of Numbered Road,546172,309898,25000,25000,545132,307845,547106,311765,PE13,http://data.ordnancesurvey.co.uk/id/postcodedistrict/PE13,Wisbech,http://data.ordnancesurvey.co.uk/id/4000000074551318,http://www.ordnancesurvey.co.uk/xml/codelists/localtype.xml#town,Fenland,http://data.ordnancesurvey.co.uk/id/7000000000001357,http://data.ordnancesurvey.co.uk/ontology/admingeo/District,Cambridgeshire,http://data.ordnancesurvey.co.uk/id/7000000000001386,http://data.ordnancesurvey.co.uk/ontology/admingeo/County,Eastern,http://data.ordnancesurvey.co.uk/id/7000000000041425,England,http://data.ordnancesurvey.co.uk/id/country/england,osgb4000000028137489,,
5cf44464-400f-439f-a3e8-ebbe204e4bd7,http://data.ordnancesurvey.co.uk/id/5cf44464-400f-439f-a3e8-ebbe204e4bd7,The Chase,,,,transportNetwork,Section Of Named Road,557250,303793,1000,25000,557213,303761,557284,303828,PE38,http://data.ordnancesurvey.co.uk/id/postcodedistrict/PE38,Barroway Drove,http://data.ordnancesurvey.co.uk/id/4000000074327856,http://www.ordnancesurvey.co.uk/xml/codelists/localtype.xml#village,King's Lynn and West Norfolk,http://data.ordnancesurvey.co.uk/id/7000000000007016,http://data.ordnancesurvey.co.uk/ontology/admingeo/District,Norfolk,http://data.ordnancesurvey.co.uk/id/7000000000007238,http://data.ordnancesurvey.co.uk/ontology/admingeo/County,Eastern,http://data.ordnancesurvey.co.uk/id/7000000000041425,England,http://data.ordnancesurvey.co.uk/id/country/england,osgb5000005232421302,,
osgb4000000026932359,http://data.ordnancesurvey.co.uk/id/4000000026932359,High Road,,,,transportNetwork,Named Road,543390,314594,11000,20000,542520,313801,544259,315532,PE13,http://data.ordnancesurvey.co.uk/id/postcodedistrict/PE13,Newton-in-the-Isle,http://data.ordnancesurvey.co.uk/id/4000000074548769,http://www.ordnancesurvey.co.uk/xml/codelists/localtype.xml#village,Fenland,http://data.ordnancesurvey.co.uk/id/7000000000001357,http://data.ordnancesurvey.co.uk/ontology/admingeo/District,Cambridgeshire,http://data.ordnancesurvey.co.uk/id/7000000000001386,http://data.ordnancesurvey.co.uk/ontology/admingeo/County,Eastern,http://data.ordnancesurvey.co.uk/id/7000000000041425,England,http://data.ordnancesurvey.co.uk/id/country/england,,,
osgb4000000026943735,http://data.ordnancesurvey.co.uk/id/4000000026943735,Churchfields,,,,transportNetwork,Named Road,542024,308307,1000,20000,542013,308301,542027,308329,PE13,http://data.ordnancesurvey.co.uk/id/postcodedistrict/PE13,Wisbech St Mary,http://data.ordnancesurvey.co.uk/id/4000000074551315,http://www.ordnancesurvey.co.uk/xml/codelists/localtype.xml#village,Fenland,http://data.ordnancesurvey.co.uk/id/7000000000001357,http://data.ordnancesurvey.co.uk/ontology/admingeo/District,Cambridgeshire,http://data.ordnancesurvey.co.uk/id/7000000000001386,http://data.ordnancesurvey.co.uk/ontology/admingeo/County,Eastern,http://data.ordnancesurvey.co.uk/id/7000000000041425,England,http://data.ordnancesurvey.co.uk/id/country/england,,,
9b5f830b-5f3b-4bac-9be7-b1628257a9be,http://data.ordnancesurvey.co.uk/id/9b5f830b-5f3b-4bac-9be7-b1628257a9be,Green Road,,,,transportNetwork,Section Of Named Road,550923,301438,1000,25000,550887,301403,550995,301449,PE14,http://data.ordnancesurvey.co.uk/id/postcodedistrict/PE14,Plaw Field,http://data.ordnancesurvey.co.uk/id/4000000074550937,http://www.ordnancesurvey.co.uk/xml/codelists/localtype.xml#hamlet,King's Lynn and West Norfolk,http://data.ordnancesurvey.co.uk/id/7000000000007016,http://data.ordnancesurvey.co.uk/ontology/admingeo/District,Norfolk,http://data.ordnancesurvey.co.uk/id/7000000000007238,http://data.ordnancesurvey.co.uk/ontology/admingeo/County,Eastern,http://data.ordnancesurvey.co.uk/id/7000000000041425,England,http://data.ordnancesurvey.co.uk/id/country/england,osgb4000000026932221,,
osgb4000000026931727,http://data.ordnancesurvey.co.uk/id/4000000026931727,March Road,,,,transportNetwork,Named Road,545343,304001,12000,20000,544827,303003,546582,304805,PE14,http://data.ordnancesurvey.co.uk/id/postcodedistrict/PE14,,,,Fenland,http://data.ordnancesurvey.co.uk/id/7000000000001357,http://data.ordnancesurvey.co.uk/ontology/admingeo/District,Cambridgeshire,http://data.ordnancesurvey.co.uk/id/7000000000001386,http://data.ordnancesurvey.co.uk/ontology/admingeo/County,Eastern,http://data.ordnancesurvey.co.uk/id/7000000000041425,England,http://data.ordnancesurvey.co.uk/id/country/england,,,
osgb4000000026933669,http://data.ordnancesurvey.co.uk/id/4000000026933669,Lynn Road,,,,transportNetwork,Named Road,559709,311527,3000,20000,559701,311286,559728,311773,PE34,http://data.ordnancesurvey.co.uk/id/postcodedistrict/PE34,Wiggenhall St Mary Magdalen,http://data.ordnancesurvey.co.uk/id/4000000074548392,http://www.ordnancesurvey.co.uk/xml/codelists/localtype.xml#village,King's Lynn and West Norfolk,http://data.ordnancesurvey.co.uk/id/7000000000007016,http://data.ordnancesurvey.co.uk/ontology/admingeo/District,Norfolk,http://data.ordnancesurvey.co.uk/id/7000000000007238,http://data.ordnancesurvey.co.uk/ontology/admingeo/County,Eastern,http://data.ordnancesurvey.co.uk/id/7000000000041425,England,http://data.ordnancesurvey.co.uk/id/country/england,,,
osgb4000000026935298,http://data.ordnancesurvey.co.uk/id/4000000026935298,Eastgate Lane,,,,transportNetwork,Named Road,553986,319643,2000,20000,553954,319457,553989,319821,PE34,http://data.ordnancesurvey.co.uk/id/postcodedistrict/PE34,Terrington St Clement,http://data.ordnancesurvey.co.uk/id/4000000074548395,http://www.ordnancesurvey.co.uk/xml/codelists/localtype.xml#otherSettlement,King's Lynn and West Norfolk,http://data.ordnancesurvey.co.uk/id/7000000000007016,http://data.ordnancesurvey.co.uk/ontology/admingeo/District,Norfolk,http://data.ordnancesurvey.co.uk/id/7000000000007238,http://data.ordnancesurvey.co.uk/ontology/admingeo/County,Eastern,http://data.ordnancesurvey.co.uk/id/7000000000041425,England,http://data.ordnancesurvey.co.uk/id/country/england,,,
osgb5000005216837612,http://data.ordnancesurvey.co.uk/id/5000005216837612,Orchard Gardens,,,,transportNetwork,Named Road,550286,302609,1000,20000,550211,302571,550294,302666,PE14,http://data.ordnancesurvey.co.uk/id/postcodedistrict/PE14,Upwell,http://data.ordnancesurvey.co.uk/id/4000000074550938,http://www.ordnancesurvey.co.uk/xml/codelists/localtype.xml#village,King's Lynn and West Norfolk,http://data.ordnancesurvey.co.uk/id/7000000000007016,http://data.ordnancesurvey.co.uk/ontology/admingeo/District,Norfolk,http://data.ordnancesurvey.co.uk/id/7000000000007238,http://data.ordnancesurvey.co.uk/ontology/admingeo/County,Eastern,http://data.ordnancesurvey.co.uk/id/7000000000041425,England,http://data.ordnancesurvey.co.uk/id/country/england,,,
13789e0e-ae9c-4c19-809e-916b1da99f50,http://data.ordnancesurvey.co.uk/id/13789e0e-ae9c-4c19-809e-916b1da99f50,Catling's Lane,,,,transportNetwork,Section Of Named Road,544999,316026,1000,25000,544994,316025,545060,316027,PE13,http://data.ordnancesurvey.co.uk/id/postcodedistrict/PE13,Four Gotes,http://data.ordnancesurvey.co.uk/id/4000000074326100,http://www.ordnancesurvey.co.uk/xml/codelists/localtype.xml#village,Fenland,http://data.ordnancesurvey.co.uk/id/7000000000001357,http://data.ordnancesurvey.co.uk/ontology/admingeo/District,Cambridgeshire,http://data.ordnancesurvey.co.uk/id/7000000000001386,http://data.ordnancesurvey.co.uk/ontology/admingeo/County,Eastern,http://data.ordnancesurvey.co.uk/id/7000000000041425,England,http://data.ordnancesurvey.co.uk/id/country/england,osgb4000000026932361,,
osgb4000000027014591,http://data.ordnancesurvey.co.uk/id/4000000027014591,Horseshoe Court,,,,transportNetwork,Named Road,550917,303395,1000,20000,550867,303375,550938,303425,PE14,http://data.ordnancesurvey.co.uk/id/postcodedistrict/PE14,Outwell,http://data.ordnancesurvey.co.uk/id/4000000074548389,http://www.ordnancesurvey.co.uk/xml/codelists/localtype.xml#village,King's Lynn and West Norfolk,http://data.ordnancesurvey.co.uk/id/7000000000007016,http://data.ordnancesurvey.co.uk/ontology/admingeo/District,Norfolk,http://data.ordnancesurvey.co.uk/id/7000000000007238,http://data.ordnancesurvey.co.uk/ontology/admingeo/County,Eastern,http://data.ordnancesurvey.co.uk/id/7000000000041425,England,http://data.ordnancesurvey.co.uk/id/country/england,,,
osgb4000000026935211,http://data.ordnancesurvey.co.uk/id/4000000026935211,Draw Dike,,,,transportNetwork,Named Road,541592,318571,20000,24000,539726,318371,543489,318742,PE12,http://data.ordnancesurvey.co.uk/id/postcodedistrict/PE12,,,,South Holland,http://data.ordnancesurvey.co.uk/id/7000000000005599,http://data.ordnancesurvey.co.uk/ontology/admingeo/District,Lincolnshire,http://data.ordnancesurvey.co.uk/id/7000000000005942,http://data.ordnancesurvey.co.uk/ontology/admingeo/County,East Midlands,http://data.ordnancesurvey.co.uk/id/7000000000041423,England,http://data.ordnancesurvey.co.uk/id/country/england,,,
osgb4000000026937441,http://data.ordnancesurvey.co.uk/id/4000000026937441,Orange Grove,,,,transportNetwork,Named Road,546434,309439,2000,20000,546392,309315,546472,309553,PE13,http://data.ordnancesurvey.co.uk/id/postcodedistrict/PE13,Wisbech,http://data.ordnancesurvey.co.uk/id/4000000074551318,http://www.ordnancesurvey.co.uk/xml/codelists/localtype.xml#town,Fenland,http://data.ordnancesurvey.co.uk/id/7000000000001357,http://data.ordnancesurvey.co.uk/ontology/admingeo/District,Cambridgeshire,http://data.ordnancesurvey.co.uk/id/7000000000001386,http://data.ordnancesurvey.co.uk/ontology/admingeo/County,Eastern,http://data.ordnancesurvey.co.uk/id/7000000000041425,England,http://data.ordnancesurvey.co.uk/id/country/england,,,
osgb4000000026933600,http://data.ordnancesurvey.co.uk/id/4000000026933600,Middle Road,,,,transportNetwork,Named Road,545049,318737,4000,20000,544829,318714,545411,318768,PE13,http://data.ordnancesurvey.co.uk/id/postcodedistrict/PE13,Tydd St Mary,http://data.ordnancesurvey.co.uk/id/4000000074548410,http://www.ordnancesurvey.co.uk/xml/codelists/localtype.xml#village,South Holland,http://data.ordnancesurvey.co.uk/id/7000000000005599,http://data.ordnancesurvey.co.uk/ontology/admingeo/District,Lincolnshire,http://data.ordnancesurvey.co.uk/id/7000000000005942,http://data.ordnancesurvey.co.uk/ontology/admingeo/County,East Midlands,http://data.ordnancesurvey.co.uk/id/7000000000041423,England,http://data.ordnancesurvey.co.uk/id/country/england,,,
osgb4000000027029239,http://data.ordnancesurvey.co.uk/id/4000000027029239,Blunt's Drove,,,,transportNetwork,Named Road,550119,311112,7000,20000,549977,310548,550450,311603,PE14,http://data.ordnancesurvey.co.uk/id/postcodedistrict/PE14,,,,King's Lynn and West Norfolk,http://data.ordnancesurvey.co.uk/id/7000000000007016,http://data.ordnancesurvey.co.uk/ontology/admingeo/District,Norfolk,http://data.ordnancesurvey.co.uk/id/7000000000007238,http://data.ordnancesurvey.co.uk/ontology/admingeo/County,Eastern,http://data.ordnancesurvey.co.uk/id/7000000000041425,England,http://data.ordnancesurvey.co.uk/id/country/england,,,
osgb4000000026931728,http://data.ordnancesurvey.co.uk/id/4000000026931728,North Brink,,,,transportNetwork,Named Road,544675,307802,20000,22000,542816,306239,546023,309684,PE13,http://data.ordnancesurvey.co.uk/id/postcodedistrict/PE13,Wisbech,http://data.ordnancesurvey.co.uk/id/4000000074551318,http://www.ordnancesurvey.co.uk/xml/codelists/localtype.xml#town,Fenland,http://data.ordnancesurvey.co.uk/id/7000000000001357,http://data.ordnancesurvey.co.uk/ontology/admingeo/District,Cambridgeshire,http://data.ordnancesurvey.co.uk/id/7000000000001386,http://data.ordnancesurvey.co.uk/ontology/admingeo/County,Eastern,http://data.ordnancesurvey.co.uk/id/7000000000041425,England,http://data.ordnancesurvey.co.uk/id/country/england,,,
osgb4000000027022540,http://data.ordnancesurvey.co.uk/id/4000000027022540,Beechings Close,,,,transportNetwork,Named Road,542167,308489,1000,20000,542024,308459,542242,308517,PE13,http://data.ordnancesurvey.co.uk/id/postcodedistrict/PE13,Wisbech St Mary,http://data.ordnancesurvey.co.uk/id/4000000074551315,http://www.ordnancesurvey.co.uk/xml/codelists/localtype.xml#village,Fenland,http://data.ordnancesurvey.co.uk/id/7000000000001357,http://data.ordnancesurvey.co.uk/ontology/admingeo/District,Cambridgeshire,http://data.ordnancesurvey.co.uk/id/7000000000001386,http://data.ordnancesurvey.co.uk/ontology/admingeo/County,Eastern,http://data.ordnancesurvey.co.uk/id/7000000000041425,England,http://data.ordnancesurvey.co.uk/id/country/england,,,
osgb4000000026943738,http://data.ordnancesurvey.co.uk/id/4000000026943738,Victoria Place,,,,transportNetwork,Named Road,546270,309070,1000,20000,546270,309039,546287,309070,PE13,http://data.ordnancesurvey.co.uk/id/postcodedistrict/PE13,Wisbech,http://data.ordnancesurvey.co.uk/id/4000000074551318,http://www.ordnancesurvey.co.uk/xml/codelists/localtype.xml#town,Fenland,http://data.ordnancesurvey.co.uk/id/7000000000001357,http://data.ordnancesurvey.co.uk/ontology/admingeo/District,Cambridgeshire,http://data.ordnancesurvey.co.uk/id/7000000000001386,http://data.ordnancesurvey.co.uk/ontology/admingeo/County,Eastern,http://data.ordnancesurvey.co.uk/id/7000000000041425,England,http://data.ordnancesurvey.co.uk/id/country/england,,,
osgb4000000026932270,http://data.ordnancesurvey.co.uk/id/4000000026932270,Maltmas Drove,,,,transportNetwork,Named Road,545782,303536,17000,20000,545543,302186,546561,304740,PE14,http://data.ordnancesurvey.co.uk/id/postcodedistrict/PE14,,,,Fenland,http://data.ordnancesurvey.co.uk/id/7000000000001357,http://data.ordnancesurvey.co.uk/ontology/admingeo/District,Cambridgeshire,http://data.ordnancesurvey.co.uk/id/7000000000001386,http://data.ordnancesurvey.co.uk/ontology/admingeo/County,Eastern,http://data.ordnancesurvey.co.uk/id/7000000000041425,England,http://data.ordnancesurvey.co.uk/id/country/england,,,
osgb4000000026933576,http://data.ordnancesurvey.co.uk/id/4000000026933576,Bee's Lane,,,,transportNetwork,Named Road,542125,315640,5000,20000,542117,315265,542147,316002,PE13,http://data.ordnancesurvey.co.uk/id/postcodedistrict/PE13,Tydd St Giles,http://data.ordnancesurvey.co.uk/id/4000000074548770,http://www.ordnancesurvey.co.uk/xml/codelists/localtype.xml#village,Fenland,http://data.ordnancesurvey.co.uk/id/7000000000001357,http://data.ordnancesurvey.co.uk/ontology/admingeo/District,Cambridgeshire,http://data.ordnancesurvey.co.uk/id/7000000000001386,http://data.ordnancesurvey.co.uk/ontology/admingeo/County,Eastern,http://data.ordnancesurvey.co.uk/id/7000000000041425,England,http://data.ordnancesurvey.co.uk/id/country/england,,,
osgb4000000026935250,http://data.ordnancesurvey.co.uk/id/4000000026935250,Outwell Road,,,,transportNetwork,Named Road,549167,305930,18000,20000,547862,304710,550649,307490,PE14,http://data.ordnancesurvey.co.uk/id/postcodedistrict/PE14,,,,King's Lynn and West Norfolk,http://data.ordnancesurvey.co.uk/id/7000000000007016,http://data.ordnancesurvey.co.uk/ontology/admingeo/District,Norfolk,http://data.ordnancesurvey.co.uk/id/7000000000007238,http://data.ordnancesurvey.co.uk/ontology/admingeo/County,Eastern,http://data.ordnancesurvey.co.uk/id/7000000000041425,England,http://data.ordnancesurvey.co.uk/id/country/england,,,
osgb4000000026933441,http://data.ordnancesurvey.co.uk/id/4000000026933441,Pingle Road,,,,transportNetwork,Named Road,552700,301840,6000,20000,552309,301551,553163,302144,PE14,http://data.ordnancesurvey.co.uk/id/postcodedistrict/PE14,,,,King's Lynn and West Norfolk,http://data.ordnancesurvey.co.uk/id/7000000000007016,http://data.ordnancesurvey.co.uk/ontology/admingeo/District,Norfolk,http://data.ordnancesurvey.co.uk/id/7000000000007238,http://data.ordnancesurvey.co.uk/ontology/admingeo/County,Eastern,http://data.ordnancesurvey.co.uk/id/7000000000041425,England,http://data.ordnancesurvey.co.uk/id/country/england,,,
osgb4000000026933448,http://data.ordnancesurvey.co.uk/id/4000000026933448,Low Side,,,,transportNetwork,Named Road,551054,303252,5000,20000,550803,302856,551291,303660,PE14,http://data.ordnancesurvey.co.uk/id/postcodedistrict/PE14,Upwell,http://data.ordnancesurvey.co.uk/id/4000000074550938,http://www.ordnancesurvey.co.uk/xml/codelists/localtype.xml#village,King's Lynn and West Norfolk,http://data.ordnancesurvey.co.uk/id/7000000000007016,http://data.ordnancesurvey.co.uk/ontology/admingeo/District,Norfolk,http://data.ordnancesurvey.co.uk/id/7000000000007238,http://data.ordnancesurvey.co.uk/ontology/admingeo/County,Eastern,http://data.ordnancesurvey.co.uk/id/7000000000041425,England,http://data.ordnancesurvey.co.uk/id/country/england,,,
7622bcbf-f213-43d4-9ceb-4c44f5aadd3a,http://data.ordnancesurvey.co.uk/id/7622bcbf-f213-43d4-9ceb-4c44f5aadd3a,March Lane,,,,transportNetwork,Section Of Named Road,551490,314354,1000,25000,551453,314316,551516,314386,PE14,http://data.ordnancesurvey.co.uk/id/postcodedistrict/PE14,Walpole Highway,http://data.ordnancesurvey.co.uk/id/4000000074550945,http://www.ordnancesurvey.co.uk/xml/codelists/localtype.xml#village,King's Lynn and West Norfolk,http://data.ordnancesurvey.co.uk/id/7000000000007016,http://data.ordnancesurvey.co.uk/ontology/admingeo/District,Norfolk,http://data.ordnancesurvey.co.uk/id/7000000000007238,http://data.ordnancesurvey.co.uk/ontology/admingeo/County,Eastern,http://data.ordnancesurvey.co.uk/id/7000000000041425,England,http://data.ordnancesurvey.co.uk/id/country/england,osgb4000000026937612,,
osgb4000000026940324,http://data.ordnancesurvey.co.uk/id/4000000026940324,Provence Place,,,,transportNetwork,Named Road,547000,308846,1000,20000,546975,308813,547014,308861,PE13,http://data.ordnancesurvey.co.uk/id/postcodedistrict/PE13,Wisbech,http://data.ordnancesurvey.co.uk/id/4000000074551318,http://www.ordnancesurvey.co.uk/xml/codelists/localtype.xml#town,Fenland,http://data.ordnancesurvey.co.uk/id/7000000000001357,http://data.ordnancesurvey.co.uk/ontology/admingeo/District,Cambridgeshire,http://data.ordnancesurvey.co.uk/id/7000000000001386,http://data.ordnancesurvey.co.uk/ontology/admingeo/County,Eastern,http://data.ordnancesurvey.co.uk/id/7000000000041425,England,http://data.ordnancesurvey.co.uk/id/country/england,,,
9d47d496-6718-424d-8877-4b5b4cd647f1,http://data.ordnancesurvey.co.uk/id/9d47d496-6718-424d-8877-4b5b4cd647f1,Brewers Lane,,,,transportNetwork,Section Of Named Road,543335,314358,3000,25000,543333,314082,543418,314593,PE13,http://data.ordnancesurvey.co.uk/id/postcodedistrict/PE13,Newton-in-the-Isle,http://data.ordnancesurvey.co.uk/id/4000000074548769,http://www.ordnancesurvey.co.uk/xml/codelists/localtype.xml#village,Fenland,http://data.ordnancesurvey.co.uk/id/7000000000001357,http://data.ordnancesurvey.co.uk/ontology/admingeo/District,Cambridgeshire,http://data.ordnancesurvey.co.uk/id/7000000000001386,http://data.ordnancesurvey.co.uk/ontology/admingeo/County,Eastern,http://data.ordnancesurvey.co.uk/id/7000000000041425,England,http://data.ordnancesurvey.co.uk/id/country/england,osgb4000000026932301,,
707262e5-675a-44f8-b17c-351ece20c031,http://data.ordnancesurvey.co.uk/id/707262e5-675a-44f8-b17c-351ece20c031,Smeeth Road,,,,transportNetwork,Section Of Named Road,552212,309682,11000,25000,551755,308822,552837,310469,PE14,http://data.ordnancesurvey.co.uk/id/postcodedistrict/PE14,Marshland St James,http://data.ordnancesurvey.co.uk/id/4000000074548753,http://www.ordnancesurvey.co.uk/xml/codelists/localtype.xml#village,King's Lynn and West Norfolk,http://data.ordnancesurvey.co.uk/id/7000000000007016,http://data.ordnancesurvey.co.uk/ontology/admingeo/District,Norfolk,http://data.ordnancesurvey.co.uk/id/7000000000007238,http://data.ordnancesurvey.co.uk/ontology/admingeo/County,Eastern,http://data.ordnancesurvey.co.uk/id/7000000000041425,England,http://data.ordnancesurvey.co.uk/id/country/england,osgb4000000026931772,,
osgb4000000026933511,http://data.ordnancesurvey.co.uk/id/4000000026933511,Meadowgate Lane,,,,transportNetwork,Named Road,547495,308250,10000,20000,547198,307519,547808,308996,PE13,http://data.ordnancesurvey.co.uk/id/postcodedistrict/PE13,,,,King's Lynn and West Norfolk,http://data.ordnancesurvey.co.uk/id/7000000000007016,http://data.ordnancesurvey.co.uk/ontology/admingeo/District,Norfolk,http://data.ordnancesurvey.co.uk/id/7000000000007238,http://data.ordnancesurvey.co.uk/ontology/admingeo/County,Eastern,http://data.ordnancesurvey.co.uk/id/7000000000041425,England,http://data.ordnancesurvey.co.uk/id/country/england,,,
osgb4000000026937614,http://data.ordnancesurvey.co.uk/id/4000000026937614,Westfields Close,,,,transportNetwork,Named Road,554318,314013,1000,20000,554253,313898,554335,314085,PE34,http://data.ordnancesurvey.co.uk/id/postcodedistrict/PE34,Tilney St Lawrence,http://data.ordnancesurvey.co.uk/id/4000000074550579,http://www.ordnancesurvey.co.uk/xml/codelists/localtype.xml#village,King's Lynn and West Norfolk,http://data.ordnancesurvey.co.uk/id/7000000000007016,http://data.ordnancesurvey.co.uk/ontology/admingeo/District,Norfolk,http://data.ordnancesurvey.co.uk/id/7000000000007238,http://data.ordnancesurvey.co.uk/ontology/admingeo/County,Eastern,http://data.ordnancesurvey.co.uk/id/7000000000041425,England,http://data.ordnancesurvey.co.uk/id/country/england,,,
osgb4000000026942768,http://data.ordnancesurvey.co.uk/id/4000000026942768,Wood Street,,,,transportNetwork,Named Road,545889,309994,1000,20000,545889,309961,545900,309994,PE13,http://data.ordnancesurvey.co.uk/id/postcodedistrict/PE13,Wisbech,http://data.ordnancesurvey.co.uk/id/4000000074551318,http://www.ordnancesurvey.co.uk/xml/codelists/localtype.xml#town,Fenland,http://data.ordnancesurvey.co.uk/id/7000000000001357,http://data.ordnancesurvey.co.uk/ontology/admingeo/District,Cambridgeshire,http://data.ordnancesurvey.co.uk/id/7000000000001386,http://data.ordnancesurvey.co.uk/ontology/admingeo/County,Eastern,http://data.ordnancesurvey.co.uk/id/7000000000041425,England,http://data.ordnancesurvey.co.uk/id/country/england,,,
osgb4000000026932443,http://data.ordnancesurvey.co.uk/id/4000000026932443,New Road,,,,transportNetwork,Named Road,554529,314848,8000,20000,553998,314338,555132,315516,PE34,http://data.ordnancesurvey.co.uk/id/postcodedistrict/PE34,Tilney St Lawrence,http://data.ordnancesurvey.co.uk/id/4000000074550579,http://www.ordnancesurvey.co.uk/xml/codelists/localtype.xml#village,King's Lynn and West Norfolk,http://data.ordnancesurvey.co.uk/id/7000000000007016,http://data.ordnancesurvey.co.uk/ontology/admingeo/District,Norfolk,http://data.ordnancesurvey.co.uk/id/7000000000007238,http://data.ordnancesurvey.co.uk/ontology/admingeo/County,Eastern,http://data.ordnancesurvey.co.uk/id/7000000000041425,England,http://data.ordnancesurvey.co.uk/id/country/england,,,
osgb4000000026932215,http://data.ordnancesurvey.co.uk/id/4000000026932215,Laddus Bank,,,,transportNetwork,Named Road,546902,303023,7000,20000,546386,302998,547422,303062,PE14,http://data.ordnancesurvey.co.uk/id/postcodedistrict/PE14,,,,Fenland,http://data.ordnancesurvey.co.uk/id/7000000000001357,http://data.ordnancesurvey.co.uk/ontology/admingeo/District,Cambridgeshire,http://data.ordnancesurvey.co.uk/id/7000000000001386,http://data.ordnancesurvey.co.uk/ontology/admingeo/County,Eastern,http://data.ordnancesurvey.co.uk/id/7000000000041425,England,http://data.ordnancesurvey.co.uk/id/country/england,,,
8deda51a-853e-4573-8067-707a707d6790,http://data.ordnancesurvey.co.uk/id/8deda51a-853e-4573-8067-707a707d6790,Low Lane,,,,transportNetwork,Section Of Named Road,540066,308388,1000,25000,540059,308375,540070,308408,PE13,http://data.ordnancesurvey.co.uk/id/postcodedistrict/PE13,Wisbech St Mary,http://data.ordnancesurvey.co.uk/id/4000000074551315,http://www.ordnancesurvey.co.uk/xml/codelists/localtype.xml#village,Fenland,http://data.ordnancesurvey.co.uk/id/7000000000001357,http://data.ordnancesurvey.co.uk/ontology/admingeo/District,Cambridgeshire,http://data.ordnancesurvey.co.uk/id/7000000000001386,http://data.ordnancesurvey.co.uk/ontology/admingeo/County,Eastern,http://data.ordnancesurvey.co.uk/id/7000000000041425,England,http://data.ordnancesurvey.co.uk/id/country/england,osgb5000005232416215,,
osgb4000000026940365,http://data.ordnancesurvey.co.uk/id/4000000026940365,Anderson Close,,,,transportNetwork,Named Road,545278,310683,1000,20000,545210,310679,545328,310727,PE13,http://data.ordnancesurvey.co.uk/id/postcodedistrict/PE13,Wisbech,http://data.ordnancesurvey.co.uk/id/4000000074551318,http://www.ordnancesurvey.co.uk/xml/codelists/localtype.xml#town,Fenland,http://data.ordnancesurvey.co.uk/id/7000000000001357,http://data.ordnancesurvey.co.uk/ontology/admingeo/District,Cambridgeshire,http://data.ordnancesurvey.co.uk/id/7000000000001386,http://data.ordnancesurvey.co.uk/ontology/admingeo/County,Eastern,http://data.ordnancesurvey.co.uk/id/7000000000041425,England,http://data.ordnancesurvey.co.uk/id/country/england,,,
566c2e87-e377-4dee-8ec0-d16b5ea03baf,http://data.ordnancesurvey.co.uk/id/566c2e87-e377-4dee-8ec0-d16b5ea03baf,Hall Road,,,,transportNetwork,Section Of Named Road,551269,304648,2000,25000,551097,304549,551460,304759,PE14,http://data.ordnancesurvey.co.uk/id/postcodedistrict/PE14,Outwell,http://data.ordnancesurvey.co.uk/id/4000000074548389,http://www.ordnancesurvey.co.uk/xml/codelists/localtype.xml#village,King's Lynn and West Norfolk,http://data.ordnancesurvey.co.uk/id/7000000000007016,http://data.ordnancesurvey.co.uk/ontology/admingeo/District,Norfolk,http://data.ordnancesurvey.co.uk/id/7000000000007238,http://data.ordnancesurvey.co.uk/ontology/admingeo/County,Eastern,http://data.ordnancesurvey.co.uk/id/7000000000041425,England,http://data.ordnancesurvey.co.uk/id/country/england,osgb4000000026933637,,
425fb427-25a6-470f-a110-83d96f433977,http://data.ordnancesurvey.co.uk/id/425fb427-25a6-470f-a110-83d96f433977,Bustards' Lane,,,,transportNetwork,Section Of Named Road,551019,316537,2000,25000,550854,316454,551182,316656,PE14,http://data.ordnancesurvey.co.uk/id/postcodedistrict/PE14,Walpole St Peter,http://data.ordnancesurvey.co.uk/id/4000000074550943,http://www.ordnancesurvey.co.uk/xml/codelists/localtype.xml#village,King's Lynn and West Norfolk,http://data.ordnancesurvey.co.uk/id/7000000000007016,http://data.ordnancesurvey.co.uk/ontology/admingeo/District,Norfolk,http://data.ordnancesurvey.co.uk/id/7000000000007238,http://data.ordnancesurvey.co.uk/ontology/admingeo/County,Eastern,http://data.ordnancesurvey.co.uk/id/7000000000041425,England,http://data.ordnancesurvey.co.uk/id/country/england,osgb4000000026932441,,
08b9e06b-c43c-4d79-84c6-ad5c3a3c5870,http://data.ordnancesurvey.co.uk/id/08b9e06b-c43c-4d79-84c6-ad5c3a3c5870,Barroway Drove,,,,transportNetwork,Section Of Named Road,556868,303239,16000,25000,555836,301968,558023,304395,PE38,http://data.ordnancesurvey.co.uk/id/postcodedistrict/PE38,Barroway Drove,http://data.ordnancesurvey.co.uk/id/4000000074327856,http://www.ordnancesurvey.co.uk/xml/codelists/localtype.xml#village,King's Lynn and West Norfolk,http://data.ordnancesurvey.co.uk/id/7000000000007016,http://data.ordnancesurvey.co.uk/ontology/admingeo/District,Norfolk,http://data.ordnancesurvey.co.uk/id/7000000000007238,http://data.ordnancesurvey.co.uk/ontology/admingeo/County,Eastern,http://data.ordnancesurvey.co.uk/id/7000000000041425,England,http://data.ordnancesurvey.co.uk/id/country/england,osgb4000000026932230,,
osgb5000005232449059,http://data.ordnancesurvey.co.uk/id/5000005232449059,Low Road,,,,transportNetwork,Named Road,554250,311226,4000,20000,553994,311055,554551,311437,PE14,http://data.ordnancesurvey.co.uk/id/postcodedistrict/PE14,Tilney Fen End,http://data.ordnancesurvey.co.uk/id/4000000074548751,http://www.ordnancesurvey.co.uk/xml/codelists/localtype.xml#hamlet,King's Lynn and West Norfolk,http://data.ordnancesurvey.co.uk/id/7000000000007016,http://data.ordnancesurvey.co.uk/ontology/admingeo/District,Norfolk,http://data.ordnancesurvey.co.uk/id/7000000000007238,http://data.ordnancesurvey.co.uk/ontology/admingeo/County,Eastern,http://data.ordnancesurvey.co.uk/id/7000000000041425,England,http://data.ordnancesurvey.co.uk/id/country/england,,,
osgb5000005232275112,http://data.ordnancesurvey.co.uk/id/5000005232275112,Dark Lane,,,,transportNetwork,Named Road,544709,317791,1000,20000,544611,317688,544824,317845,PE13,http://data.ordnancesurvey.co.uk/id/postcodedistrict/PE13,Tydd Gote,http://data.ordnancesurvey.co.uk/id/4000000074548409,http://www.ordnancesurvey.co.uk/xml/codelists/localtype.xml#village,Fenland,http://data.ordnancesurvey.co.uk/id/7000000000001357,http://data.ordnancesurvey.co.uk/ontology/admingeo/District,Cambridgeshire,http://data.ordnancesurvey.co.uk/id/7000000000001386,http://data.ordnancesurvey.co.uk/ontology/admingeo/County,Eastern,http://data.ordnancesurvey.co.uk/id/7000000000041425,England,http://data.ordnancesurvey.co.uk/id/country/england,,,
osgb4000000026933638,http://data.ordnancesurvey.co.uk/id/4000000026933638,Lady's Drove,,,,transportNetwork,Named Road,549683,307850,8000,20000,549463,307267,549789,308461,PE14,http://data.ordnancesurvey.co.uk/id/postcodedistrict/PE14,Emneth,http://data.ordnancesurvey.co.uk/id/4000000074550948,http://www.ordnancesurvey.co.uk/xml/codelists/localtype.xml#village,King's Lynn and West Norfolk,http://data.ordnancesurvey.co.uk/id/7000000000007016,http://data.ordnancesurvey.co.uk/ontology/admingeo/District,Norfolk,http://data.ordnancesurvey.co.uk/id/7000000000007238,http://data.ordnancesurvey.co.uk/ontology/admingeo/County,Eastern,http://data.ordnancesurvey.co.uk/id/7000000000041425,England,http://data.ordnancesurvey.co.uk/id/country/england,,,
osgb4000000026931780,http://data.ordnancesurvey.co.uk/id/4000000026931780,Fitton Road,,,,transportNetwork,Named Road,559530,312895,14000,20000,559291,311773,559716,313996,PE34,http://data.ordnancesurvey.co.uk/id/postcodedistrict/PE34,,,,King's Lynn and West Norfolk,http://data.ordnancesurvey.co.uk/id/7000000000007016,http://data.ordnancesurvey.co.uk/ontology/admingeo/District,Norfolk,http://data.ordnancesurvey.co.uk/id/7000000000007238,http://data.ordnancesurvey.co.uk/ontology/admingeo/County,Eastern,http://data.ordnancesurvey.co.uk/id/7000000000041425,England,http://data.ordnancesurvey.co.uk/id/country/england,,,
osgb4000000026933580,http://data.ordnancesurvey.co.uk/id/4000000026933580,Church Lane,,,,transportNetwork,Named Road,542618,315999,7000,20000,542569,315532,542684,316549,PE13,http://data.ordnancesurvey.co.uk/id/postcodedistrict/PE13,Tydd St Giles,http://data.ordnancesurvey.co.uk/id/4000000074548770,http://www.ordnancesurvey.co.uk/xml/codelists/localtype.xml#village,Fenland,http://data.ordnancesurvey.co.uk/id/7000000000001357,http://data.ordnancesurvey.co.uk/ontology/admingeo/District,Cambridgeshire,http://data.ordnancesurvey.co.uk/id/7000000000001386,http://data.ordnancesurvey.co.uk/ontology/admingeo/County,Eastern,http://data.ordnancesurvey.co.uk/id/7000000000041425,England,http://data.ordnancesurvey.co.uk/id/country/england,,,
osgb4000000026940519,http://data.ordnancesurvey.co.uk/id/4000000026940519,Trafford Estate,,,,transportNetwork,Named Road,548731,313042,1000,20000,548680,313042,548803,313116,PE14,http://data.ordnancesurvey.co.uk/id/postcodedistrict/PE14,Walton Highway,http://data.ordnancesurvey.co.uk/id/4000000074552040,http://www.ordnancesurvey.co.uk/xml/codelists/localtype.xml#village,King's Lynn and West Norfolk,http://data.ordnancesurvey.co.uk/id/7000000000007016,http://data.ordnancesurvey.co.uk/ontology/admingeo/District,Norfolk,http://data.ordnancesurvey.co.uk/id/7000000000007238,http://data.ordnancesurvey.co.uk/ontology/admingeo/County,Eastern,http://data.ordnancesurvey.co.uk/id/7000000000041425,England,http://data.ordnancesurvey.co.uk/id/country/england,,,
osgb4000000026935292,http://data.ordnancesurvey.co.uk/id/4000000026935292,Joyce Lane,,,,transportNetwork,Named Road,551980,316956,5000,20000,551573,316805,552412,317017,PE14,http://data.ordnancesurvey.co.uk/id/postcodedistrict/PE14,,,,King's Lynn and West Norfolk,http://data.ordnancesurvey.co.uk/id/7000000000007016,http://data.ordnancesurvey.co.uk/ontology/admingeo/District,Norfolk,http://data.ordnancesurvey.co.uk/id/7000000000007238,http://data.ordnancesurvey.co.uk/ontology/admingeo/County,Eastern,http://data.ordnancesurvey.co.uk/id/7000000000041425,England,http://data.ordnancesurvey.co.uk/id/country/england,,,
osgb4000000026962905,http://data.ordnancesurvey.co.uk/id/4000000026962905,Kilderkin Close,,,,transportNetwork,Named Road,546431,304540,1000,20000,546404,304505,546434,304577,PE14,http://data.ordnancesurvey.co.uk/id/postcodedistrict/PE14,Friday Bridge,http://data.ordnancesurvey.co.uk/id/4000000074550225,http://www.ordnancesurvey.co.uk/xml/codelists/localtype.xml#village,Fenland,http://data.ordnancesurvey.co.uk/id/7000000000001357,http://data.ordnancesurvey.co.uk/ontology/admingeo/District,Cambridgeshire,http://data.ordnancesurvey.co.uk/id/7000000000001386,http://data.ordnancesurvey.co.uk/ontology/admingeo/County,Eastern,http://data.ordnancesurvey.co.uk/id/7000000000041425,England,http://data.ordnancesurvey.co.uk/id/country/england,,,
osgb4000000026942782,http://data.ordnancesurvey.co.uk/id/4000000026942782,Henson Close,,,,transportNetwork,Named Road,546398,311188,1000,20000,546377,311184,546430,311193,PE13,http://data.ordnancesurvey.co.uk/id/postcodedistrict/PE13,Wisbech,http://data.ordnancesurvey.co.uk/id/4000000074551318,http://www.ordnancesurvey.co.uk/xml/codelists/localtype.xml#town,Fenland,http://data.ordnancesurvey.co.uk/id/7000000000001357,http://data.ordnancesurvey.co.uk/ontology/admingeo/District,Cambridgeshire,http://data.ordnancesurvey.co.uk/id/7000000000001386,http://data.ordnancesurvey.co.uk/ontology/admingeo/County,Eastern,http://data.ordnancesurvey.co.uk/id/7000000000041425,England,http://data.ordnancesurvey.co.uk/id/country/england,,,
osgb4000000027021043,http://data.ordnancesurvey.co.uk/id/4000000027021043,Turrell Close,,,,transportNetwork,Named Road,559456,314067,1000,20000,559422,314041,559478,314085,PE34,http://data.ordnancesurvey.co.uk/id/postcodedistrict/PE34,Wiggenhall St Germans,http://data.ordnancesurvey.co.uk/id/4000000074550213,http://www.ordnancesurvey.co.uk/xml/codelists/localtype.xml#village,King's Lynn and West Norfolk,http://data.ordnancesurvey.co.uk/id/7000000000007016,http://data.ordnancesurvey.co.uk/ontology/admingeo/District,Norfolk,http://data.ordnancesurvey.co.uk/id/7000000000007238,http://data.ordnancesurvey.co.uk/ontology/admingeo/County,Eastern,http://data.ordnancesurvey.co.uk/id/7000000000041425,England,http://data.ordnancesurvey.co.uk/id/country/england,,,
osgb4000000026940391,http://data.ordnancesurvey.co.uk/id/4000000026940391,Lime Avenue,,,,transportNetwork,Named Road,546210,310789,1000,20000,546203,310653,546271,310869,PE13,http://data.ordnancesurvey.co.uk/id/postcodedistrict/PE13,Wisbech,http://data.ordnancesurvey.co.uk/id/4000000074551318,http://www.ordnancesurvey.co.uk/xml/codelists/localtype.xml#town,Fenland,http://data.ordnancesurvey.co.uk/id/7000000000001357,http://data.ordnancesurvey.co.uk/ontology/admingeo/District,Cambridgeshire,http://data.ordnancesurvey.co.uk/id/7000000000001386,http://data.ordnancesurvey.co.uk/ontology/admingeo/County,Eastern,http://data.ordnancesurvey.co.uk/id/7000000000041425,England,http://data.ordnancesurvey.co.uk/id/country/england,,,
osgb4000000026932353,http://data.ordnancesurvey.co.uk/id/4000000026932353,Master Dike,,,,transportNetwork,Named Road,540539,317745,9000,20000,540334,317083,540754,318407,PE12,http://data.ordnancesurvey.co.uk/id/postcodedistrict/PE12,,,,South Holland,http://data.ordnancesurvey.co.uk/id/7000000000005599,http://data.ordnancesurvey.co.uk/ontology/admingeo/District,Lincolnshire,http://data.ordnancesurvey.co.uk/id/7000000000005942,http://data.ordnancesurvey.co.uk/ontology/admingeo/County,East Midlands,http://data.ordnancesurvey.co.uk/id/7000000000041423,England,http://data.ordnancesurvey.co.uk/id/country/england,,,
osgb4000000027028653,http://data.ordnancesurvey.co.uk/id/4000000027028653,Top Field,,,,transportNetwork,Named Road,543469,310596,1000,20000,543461,310578,543480,310647,PE13,http://data.ordnancesurvey.co.uk/id/postcodedistrict/PE13,Leverington,http://data.ordnancesurvey.co.uk/id/4000000074551313,http://www.ordnancesurvey.co.uk/xml/codelists/localtype.xml#village,Fenland,http://data.ordnancesurvey.co.uk/id/7000000000001357,http://data.ordnancesurvey.co.uk/ontology/admingeo/District,Cambridgeshire,http://data.ordnancesurvey.co.uk/id/7000000000001386,http://data.ordnancesurvey.co.uk/ontology/admingeo/County,Eastern,http://data.ordnancesurvey.co.uk/id/7000000000041425,England,http://data.ordnancesurvey.co.uk/id/country/england,,,
e7d3210a-9519-4d2a-8dba-f14649c21c54,http://data.ordnancesurvey.co.uk/id/e7d3210a-9519-4d2a-8dba-f14649c21c54,Mill Road,,,,transportNetwork,Section Of Named Road,547412,314958,3000,25000,547171,314752,547605,315248,PE14,http://data.ordnancesurvey.co.uk/id/postcodedistrict/PE14,Ingleborough,http://data.ordnancesurvey.co.uk/id/4000000074548406,http://www.ordnancesurvey.co.uk/xml/codelists/localtype.xml#hamlet,King's Lynn and West Norfolk,http://data.ordnancesurvey.co.uk/id/7000000000007016,http://data.ordnancesurvey.co.uk/ontology/admingeo/District,Norfolk,http://data.ordnancesurvey.co.uk/id/7000000000007238,http://data.ordnancesurvey.co.uk/ontology/admingeo/County,Eastern,http://data.ordnancesurvey.co.uk/id/7000000000041425,England,http://data.ordnancesurvey.co.uk/id/country/england,osgb4000000026932304,,
3ec5b835-ca25-4bc2-9729-9de9ed68dd6b,http://data.ordnancesurvey.co.uk/id/3ec5b835-ca25-4bc2-9729-9de9ed68dd6b,Cattle Dike,,,,transportNetwork,Section Of Named Road,541542,311549,5000,25000,541466,311235,541724,311988,PE13,http://data.ordnancesurvey.co.uk/id/postcodedistrict/PE13,Gorefield,http://data.ordnancesurvey.co.uk/id/4000000074551667,http://www.ordnancesurvey.co.uk/xml/codelists/localtype.xml#village,Fenland,http://data.ordnancesurvey.co.uk/id/7000000000001357,http://data.ordnancesurvey.co.uk/ontology/admingeo/District,Cambridgeshire,http://data.ordnancesurvey.co.uk/id/7000000000001386,http://data.ordnancesurvey.co.uk/ontology/admingeo/County,Eastern,http://data.ordnancesurvey.co.uk/id/7000000000041425,England,http://data.ordnancesurvey.co.uk/id/country/england,osgb4000000026932285,,
ff3f2d3d-10eb-4350-93fd-4cedd07936b3,http://data.ordnancesurvey.co.uk/id/ff3f2d3d-10eb-4350-93fd-4cedd07936b3,Low Road,,,,transportNetwork,Section Of Named Road,553854,311531,1000,25000,553837,311511,553897,311535,PE14,http://data.ordnancesurvey.co.uk/id/postcodedistrict/PE14,St John's Fen End,http://data.ordnancesurvey.co.uk/id/4000000074548752,http://www.ordnancesurvey.co.uk/xml/codelists/localtype.xml#village,King's Lynn and West Norfolk,http://data.ordnancesurvey.co.uk/id/7000000000007016,http://data.ordnancesurvey.co.uk/ontology/admingeo/District,Norfolk,http://data.ordnancesurvey.co.uk/id/7000000000007238,http://data.ordnancesurvey.co.uk/ontology/admingeo/County,Eastern,http://data.ordnancesurvey.co.uk/id/7000000000041425,England,http://data.ordnancesurvey.co.uk/id/country/england,osgb4000000026933652,,
osgb4000000026942763,http://data.ordnancesurvey.co.uk/id/4000000026942763,Grange Road,,,,transportNetwork,Named Road,545083,310572,1000,20000,545083,310546,545140,310572,PE13,http://data.ordnancesurvey.co.uk/id/postcodedistrict/PE13,Wisbech,http://data.ordnancesurvey.co.uk/id/4000000074551318,http://www.ordnancesurvey.co.uk/xml/codelists/localtype.xml#town,Fenland,http://data.ordnancesurvey.co.uk/id/7000000000001357,http://data.ordnancesurvey.co.uk/ontology/admingeo/District,Cambridgeshire,http://data.ordnancesurvey.co.uk/id/7000000000001386,http://data.ordnancesurvey.co.uk/ontology/admingeo/County,Eastern,http://data.ordnancesurvey.co.uk/id/7000000000041425,England,http://data.ordnancesurvey.co.uk/id/country/england,,,
3c3703b1-dff6-4aca-b879-0e2be8e58a27,http://data.ordnancesurvey.co.uk/id/3c3703b1-dff6-4aca-b879-0e2be8e58a27,Bardyke Bank,,,,transportNetwork,Section Of Named Road,550593,300541,2000,25000,550450,300496,550709,300577,PE14,http://data.ordnancesurvey.co.uk/id/postcodedistrict/PE14,Three Holes,http://data.ordnancesurvey.co.uk/id/4000000074550936,http://www.ordnancesurvey.co.uk/xml/codelists/localtype.xml#village,King's Lynn and West Norfolk,http://data.ordnancesurvey.co.uk/id/7000000000007016,http://data.ordnancesurvey.co.uk/ontology/admingeo/District,Norfolk,http://data.ordnancesurvey.co.uk/id/7000000000007238,http://data.ordnancesurvey.co.uk/ontology/admingeo/County,Eastern,http://data.ordnancesurvey.co.uk/id/7000000000041425,England,http://data.ordnancesurvey.co.uk/id/country/england,osgb4000000026935046,,
osgb4000000026940546,http://data.ordnancesurvey.co.uk/id/4000000026940546,Cowslip Walk,,,,transportNetwork,Named Road,559088,313953,1000,20000,559064,313943,559116,313953,PE34,http://data.ordnancesurvey.co.uk/id/postcodedistrict/PE34,Wiggenhall St Germans,http://data.ordnancesurvey.co.uk/id/4000000074550213,http://www.ordnancesurvey.co.uk/xml/codelists/localtype.xml#village,King's Lynn and West Norfolk,http://data.ordnancesurvey.co.uk/id/7000000000007016,http://data.ordnancesurvey.co.uk/ontology/admingeo/District,Norfolk,http://data.ordnancesurvey.co.uk/id/7000000000007238,http://data.ordnancesurvey.co.uk/ontology/admingeo/County,Eastern,http://data.ordnancesurvey.co.uk/id/7000000000041425,England,http://data.ordnancesurvey.co.uk/id/country/england,,,
osgb4000000026933439,http://data.ordnancesurvey.co.uk/id/4000000026933439,Baptist Road,,,,transportNetwork,Named Road,549856,301581,6000,20000,549573,301135,550046,302103,PE14,http://data.ordnancesurvey.co.uk/id/postcodedistrict/PE14,Upwell,http://data.ordnancesurvey.co.uk/id/4000000074550938,http://www.ordnancesurvey.co.uk/xml/codelists/localtype.xml#village,King's Lynn and West Norfolk,http://data.ordnancesurvey.co.uk/id/7000000000007016,http://data.ordnancesurvey.co.uk/ontology/admingeo/District,Norfolk,http://data.ordnancesurvey.co.uk/id/7000000000007238,http://data.ordnancesurvey.co.uk/ontology/admingeo/County,Eastern,http://data.ordnancesurvey.co.uk/id/7000000000041425,England,http://data.ordnancesurvey.co.uk/id/country/england,,,
osgb5000005204022205,http://data.ordnancesurvey.co.uk/id/5000005204022205,Ogden Gardens,,,,transportNetwork,Named Road,546227,310252,1000,20000,546223,310216,546267,310288,PE13,http://data.ordnancesurvey.co.uk/id/postcodedistrict/PE13,Wisbech,http://data.ordnancesurvey.co.uk/id/4000000074551318,http://www.ordnancesurvey.co.uk/xml/codelists/localtype.xml#town,Fenland,http://data.ordnancesurvey.co.uk/id/7000000000001357,http://data.ordnancesurvey.co.uk/ontology/admingeo/District,Cambridgeshire,http://data.ordnancesurvey.co.uk/id/7000000000001386,http://data.ordnancesurvey.co.uk/ontology/admingeo/County,Eastern,http://data.ordnancesurvey.co.uk/id/7000000000041425,England,http://data.ordnancesurvey.co.uk/id/country/england,,,
osgb4000000026937530,http://data.ordnancesurvey.co.uk/id/4000000026937530,Windmill Gardens,,,,transportNetwork,Named Road,547356,311000,1000,20000,547337,310942,547383,311059,PE14,http://data.ordnancesurvey.co.uk/id/postcodedistrict/PE14,Wisbech,http://data.ordnancesurvey.co.uk/id/4000000074551318,http://www.ordnancesurvey.co.uk/xml/codelists/localtype.xml#town,Fenland,http://data.ordnancesurvey.co.uk/id/7000000000001357,http://data.ordnancesurvey.co.uk/ontology/admingeo/District,Cambridgeshire,http://data.ordnancesurvey.co.uk/id/7000000000001386,http://data.ordnancesurvey.co.uk/ontology/admingeo/County,Eastern,http://data.ordnancesurvey.co.uk/id/7000000000041425,England,http://data.ordnancesurvey.co.uk/id/country/england,,,
osgb4000000026932435,http://data.ordnancesurvey.co.uk/id/4000000026932435,Cobblers Lane,,,,transportNetwork,Named Road,551899,315266,9000,20000,551206,315214,552582,315370,PE14,http://data.ordnancesurvey.co.uk/id/postcodedistrict/PE14,,,,King's Lynn and West Norfolk,http://data.ordnancesurvey.co.uk/id/7000000000007016,http://data.ordnancesurvey.co.uk/ontology/admingeo/District,Norfolk,http://data.ordnancesurvey.co.uk/id/7000000000007238,http://data.ordnancesurvey.co.uk/ontology/admingeo/County,Eastern,http://data.ordnancesurvey.co.uk/id/7000000000041425,England,http://data.ordnancesurvey.co.uk/id/country/england,,,
osgb4000000026937519,http://data.ordnancesurvey.co.uk/id/4000000026937519,Grimmer's Road,,,,transportNetwork,Named Road,547359,310518,1000,20000,547323,310504,547441,310547,PE13,http://data.ordnancesurvey.co.uk/id/postcodedistrict/PE13,Wisbech,http://data.ordnancesurvey.co.uk/id/4000000074551318,http://www.ordnancesurvey.co.uk/xml/codelists/localtype.xml#town,Fenland,http://data.ordnancesurvey.co.uk/id/7000000000001357,http://data.ordnancesurvey.co.uk/ontology/admingeo/District,Cambridgeshire,http://data.ordnancesurvey.co.uk/id/7000000000001386,http://data.ordnancesurvey.co.uk/ontology/admingeo/County,Eastern,http://data.ordnancesurvey.co.uk/id/7000000000041425,England,http://data.ordnancesurvey.co.uk/id/country/england,,,
osgb4000000026935177,http://data.ordnancesurvey.co.uk/id/4000000026935177,Cherry Road,,,,transportNetwork,Named Road,546386,311113,2000,20000,546361,310964,546480,311238,PE13,http://data.ordnancesurvey.co.uk/id/postcodedistrict/PE13,Wisbech,http://data.ordnancesurvey.co.uk/id/4000000074551318,http://www.ordnancesurvey.co.uk/xml/codelists/localtype.xml#town,Fenland,http://data.ordnancesurvey.co.uk/id/7000000000001357,http://data.ordnancesurvey.co.uk/ontology/admingeo/District,Cambridgeshire,http://data.ordnancesurvey.co.uk/id/7000000000001386,http://data.ordnancesurvey.co.uk/ontology/admingeo/County,Eastern,http://data.ordnancesurvey.co.uk/id/7000000000041425,England,http://data.ordnancesurvey.co.uk/id/country/england,,,
osgb4000000026937502,http://data.ordnancesurvey.co.uk/id/4000000026937502,Tavistock Road,,,,transportNetwork,Named Road,546812,310048,2000,20000,546647,309936,546938,310192,PE13,http://data.ordnancesurvey.co.uk/id/postcodedistrict/PE13,Wisbech,http://data.ordnancesurvey.co.uk/id/4000000074551318,http://www.ordnancesurvey.co.uk/xml/codelists/localtype.xml#town,Fenland,http://data.ordnancesurvey.co.uk/id/7000000000001357,http://data.ordnancesurvey.co.uk/ontology/admingeo/District,Cambridgeshire,http://data.ordnancesurvey.co.uk/id/7000000000001386,http://data.ordnancesurvey.co.uk/ontology/admingeo/County,Eastern,http://data.ordnancesurvey.co.uk/id/7000000000041425,England,http://data.ordnancesurvey.co.uk/id/country/england,,,
dc52b55f-099f-4907-8835-a53ddda12a88,http://data.ordnancesurvey.co.uk/id/dc52b55f-099f-4907-8835-a53ddda12a88,Church Road,,,,transportNetwork,Section Of Named Road,556265,317302,1000,25000,556230,317274,556332,317338,PE34,http://data.ordnancesurvey.co.uk/id/postcodedistrict/PE34,Tilney High End,http://data.ordnancesurvey.co.uk/id/4000000074550940,http://www.ordnancesurvey.co.uk/xml/codelists/localtype.xml#village,King's Lynn and West Norfolk,http://data.ordnancesurvey.co.uk/id/7000000000007016,http://data.ordnancesurvey.co.uk/ontology/admingeo/District,Norfolk,http://data.ordnancesurvey.co.uk/id/7000000000007238,http://data.ordnancesurvey.co.uk/ontology/admingeo/County,Eastern,http://data.ordnancesurvey.co.uk/id/7000000000041425,England,http://data.ordnancesurvey.co.uk/id/country/england,osgb4000000026932452,,
860dcb60-8608-483c-90e3-9275cb4892cf,http://data.ordnancesurvey.co.uk/id/860dcb60-8608-483c-90e3-9275cb4892cf,School Road,,,,transportNetwork,Section Of Named Road,554569,311112,1000,25000,554558,311078,554580,311145,PE14,http://data.ordnancesurvey.co.uk/id/postcodedistrict/PE14,Tilney Fen End,http://data.ordnancesurvey.co.uk/id/4000000074548751,http://www.ordnancesurvey.co.uk/xml/codelists/localtype.xml#hamlet,King's Lynn and West Norfolk,http://data.ordnancesurvey.co.uk/id/7000000000007016,http://data.ordnancesurvey.co.uk/ontology/admingeo/District,Norfolk,http://data.ordnancesurvey.co.uk/id/7000000000007238,http://data.ordnancesurvey.co.uk/ontology/admingeo/County,Eastern,http://data.ordnancesurvey.co.uk/id/7000000000041425,England,http://data.ordnancesurvey.co.uk/id/country/england,osgb4000000026932410,,
osgb5000005100169254,http://data.ordnancesurvey.co.uk/id/5000005100169254,Granger Close,,,,transportNetwork,Named Road,547149,311004,1000,20000,547112,311001,547181,311022,PE13,http://data.ordnancesurvey.co.uk/id/postcodedistrict/PE13,Wisbech,http://data.ordnancesurvey.co.uk/id/4000000074551318,http://www.ordnancesurvey.co.uk/xml/codelists/localtype.xml#town,Fenland,http://data.ordnancesurvey.co.uk/id/7000000000001357,http://data.ordnancesurvey.co.uk/ontology/admingeo/District,Cambridgeshire,http://data.ordnancesurvey.co.uk/id/7000000000001386,http://data.ordnancesurvey.co.uk/ontology/admingeo/County,Eastern,http://data.ordnancesurvey.co.uk/id/7000000000041425,England,http://data.ordnancesurvey.co.uk/id/country/england,,,
osgb4000000026932274,http://data.ordnancesurvey.co.uk/id/4000000026932274,Mile Tree Lane,,,,transportNetwork,Named Road,544334,308385,7000,20000,543762,308110,544886,308687,PE13,http://data.ordnancesurvey.co.uk/id/postcodedistrict/PE13,,,,Fenland,http://data.ordnancesurvey.co.uk/id/7000000000001357,http://data.ordnancesurvey.co.uk/ontology/admingeo/District,Cambridgeshire,http://data.ordnancesurvey.co.uk/id/7000000000001386,http://data.ordnancesurvey.co.uk/ontology/admingeo/County,Eastern,http://data.ordnancesurvey.co.uk/id/7000000000041425,England,http://data.ordnancesurvey.co.uk/id/country/england,,,
osgb4000000026940301,http://data.ordnancesurvey.co.uk/id/4000000026940301,Mowbray Close,,,,transportNetwork,Named Road,541898,308265,1000,20000,541895,308211,541926,308270,PE13,http://data.ordnancesurvey.co.uk/id/postcodedistrict/PE13,Wisbech St Mary,http://data.ordnancesurvey.co.uk/id/4000000074551315,http://www.ordnancesurvey.co.uk/xml/codelists/localtype.xml#village,Fenland,http://data.ordnancesurvey.co.uk/id/7000000000001357,http://data.ordnancesurvey.co.uk/ontology/admingeo/District,Cambridgeshire,http://data.ordnancesurvey.co.uk/id/7000000000001386,http://data.ordnancesurvey.co.uk/ontology/admingeo/County,Eastern,http://data.ordnancesurvey.co.uk/id/7000000000041425,England,http://data.ordnancesurvey.co.uk/id/country/england,,,
osgb4000000028064151,http://data.ordnancesurvey.co.uk/id/4000000028064151,B198,,,,transportNetwork,Numbered Road,546656,310173,32000,250000,544698,307424,549276,312273,PE13,http://data.ordnancesurvey.co.uk/id/postcodedistrict/PE13,Wisbech,http://data.ordnancesurvey.co.uk/id/4000000074551318,http://www.ordnancesurvey.co.uk/xml/codelists/localtype.xml#town,Fenland,http://data.ordnancesurvey.co.uk/id/7000000000001357,http://data.ordnancesurvey.co.uk/ontology/admingeo/District,Cambridgeshire,http://data.ordnancesurvey.co.uk/id/7000000000001386,http://data.ordnancesurvey.co.uk/ontology/admingeo/County,Eastern,http://data.ordnancesurvey.co.uk/id/7000000000041425,England,http://data.ordnancesurvey.co.uk/id/country/england,,,
osgb4000000027026666,http://data.ordnancesurvey.co.uk/id/4000000027026666,Sayers Crescent,,,,transportNetwork,Named Road,542205,308310,1000,20000,542166,308236,542237,308367,PE13,http://data.ordnancesurvey.co.uk/id/postcodedistrict/PE13,Wisbech St Mary,http://data.ordnancesurvey.co.uk/id/4000000074551315,http://www.ordnancesurvey.co.uk/xml/codelists/localtype.xml#village,Fenland,http://data.ordnancesurvey.co.uk/id/7000000000001357,http://data.ordnancesurvey.co.uk/ontology/admingeo/District,Cambridgeshire,http://data.ordnancesurvey.co.uk/id/7000000000001386,http://data.ordnancesurvey.co.uk/ontology/admingeo/County,Eastern,http://data.ordnancesurvey.co.uk/id/7000000000041425,England,http://data.ordnancesurvey.co.uk/id/country/england,,,
osgb4000000026933541,http://data.ordnancesurvey.co.uk/id/4000000026933541,Grassgate Lane,,,,transportNetwork,Named Road,547625,311866,4000,20000,547607,311553,547735,312183,PE14,http://data.ordnancesurvey.co.uk/id/postcodedistrict/PE14,,,,King's Lynn and West Norfolk,http://data.ordnancesurvey.co.uk/id/7000000000007016,http://data.ordnancesurvey.co.uk/ontology/admingeo/District,Norfolk,http://data.ordnancesurvey.co.uk/id/7000000000007238,http://data.ordnancesurvey.co.uk/ontology/admingeo/County,Eastern,http://data.ordnancesurvey.co.uk/id/7000000000041425,England,http://data.ordnancesurvey.co.uk/id/country/england,,,
osgb4000000026942698,http://data.ordnancesurvey.co.uk/id/4000000026942698,Suttons Close,,,,transportNetwork,Named Road,551247,303730,1000,20000,551217,303729,551287,303762,PE14,http://data.ordnancesurvey.co.uk/id/postcodedistrict/PE14,Outwell,http://data.ordnancesurvey.co.uk/id/4000000074548389,http://www.ordnancesurvey.co.uk/xml/codelists/localtype.xml#village,King's Lynn and West Norfolk,http://data.ordnancesurvey.co.uk/id/7000000000007016,http://data.ordnancesurvey.co.uk/ontology/admingeo/District,Norfolk,http://data.ordnancesurvey.co.uk/id/7000000000007238,http://data.ordnancesurvey.co.uk/ontology/admingeo/County,Eastern,http://data.ordnancesurvey.co.uk/id/7000000000041425,England,http://data.ordnancesurvey.co.uk/id/country/england,,,
osgb4000000026935259,http://data.ordnancesurvey.co.uk/id/4000000026935259,Common Road,,,,transportNetwork,Named Road,549535,312367,6000,20000,549090,311970,550036,312842,PE14,http://data.ordnancesurvey.co.uk/id/postcodedistrict/PE14,,,,King's Lynn and West Norfolk,http://data.ordnancesurvey.co.uk/id/7000000000007016,http://data.ordnancesurvey.co.uk/ontology/admingeo/District,Norfolk,http://data.ordnancesurvey.co.uk/id/7000000000007238,http://data.ordnancesurvey.co.uk/ontology/admingeo/County,Eastern,http://data.ordnancesurvey.co.uk/id/7000000000041425,England,http://data.ordnancesurvey.co.uk/id/country/england,,,
osgb4000000026933453,http://data.ordnancesurvey.co.uk/id/4000000026933453,Angle Road,,,,transportNetwork,Named Road,553184,304085,5000,20000,552783,303903,553611,304352,PE14,http://data.ordnancesurvey.co.uk/id/postcodedistrict/PE14,,,,King's Lynn and West Norfolk,http://data.ordnancesurvey.co.uk/id/7000000000007016,http://data.ordnancesurvey.co.uk/ontology/admingeo/District,Norfolk,http://data.ordnancesurvey.co.uk/id/7000000000007238,http://data.ordnancesurvey.co.uk/ontology/admingeo/County,Eastern,http://data.ordnancesurvey.co.uk/id/7000000000041425,England,http://data.ordnancesurvey.co.uk/id/country/england,,,
osgb4000000026935121,http://data.ordnancesurvey.co.uk/id/4000000026935121,Grays Lane,,,,transportNetwork,Named Road,548305,307611,3000,20000,548215,307322,548332,307840,PE14,http://data.ordnancesurvey.co.uk/id/postcodedistrict/PE14,,,,King's Lynn and West Norfolk,http://data.ordnancesurvey.co.uk/id/7000000000007016,http://data.ordnancesurvey.co.uk/ontology/admingeo/District,Norfolk,http://data.ordnancesurvey.co.uk/id/7000000000007238,http://data.ordnancesurvey.co.uk/ontology/admingeo/County,Eastern,http://data.ordnancesurvey.co.uk/id/7000000000041425,England,http://data.ordnancesurvey.co.uk/id/country/england,,,
c2bc0421-eeab-417e-b847-95663c312281,http://data.ordnancesurvey.co.uk/id/c2bc0421-eeab-417e-b847-95663c312281,Church Road,,,,transportNetwork,Section Of Named Road,548795,307361,9000,25000,548071,307253,549503,307419,PE14,http://data.ordnancesurvey.co.uk/id/postcodedistrict/PE14,Emneth,http://data.ordnancesurvey.co.uk/id/4000000074550948,http://www.ordnancesurvey.co.uk/xml/codelists/localtype.xml#village,King's Lynn and West Norfolk,http://data.ordnancesurvey.co.uk/id/7000000000007016,http://data.ordnancesurvey.co.uk/ontology/admingeo/District,Norfolk,http://data.ordnancesurvey.co.uk/id/7000000000007238,http://data.ordnancesurvey.co.uk/ontology/admingeo/County,Eastern,http://data.ordnancesurvey.co.uk/id/7000000000041425,England,http://data.ordnancesurvey.co.uk/id/country/england,osgb4000000026937608,,
osgb4000000026942823,http://data.ordnancesurvey.co.uk/id/4000000026942823,Surrey Street,,,,transportNetwork,Named Road,559655,314132,1000,20000,559631,314108,559681,314138,PE34,http://data.ordnancesurvey.co.uk/id/postcodedistrict/PE34,Wiggenhall St Germans,http://data.ordnancesurvey.co.uk/id/4000000074550213,http://www.ordnancesurvey.co.uk/xml/codelists/localtype.xml#village,King's Lynn and West Norfolk,http://data.ordnancesurvey.co.uk/id/7000000000007016,http://data.ordnancesurvey.co.uk/ontology/admingeo/District,Norfolk,http://data.ordnancesurvey.co.uk/id/7000000000007238,http://data.ordnancesurvey.co.uk/ontology/admingeo/County,Eastern,http://data.ordnancesurvey.co.uk/id/7000000000041425,England,http://data.ordnancesurvey.co.uk/id/country/england,,,
osgb4000000026937508,http://data.ordnancesurvey.co.uk/id/4000000026937508,Godwin Road,,,,transportNetwork,Named Road,546750,310759,1000,20000,546675,310708,546811,310782,PE13,http://data.ordnancesurvey.co.uk/id/postcodedistrict/PE13,Wisbech,http://data.ordnancesurvey.co.uk/id/4000000074551318,http://www.ordnancesurvey.co.uk/xml/codelists/localtype.xml#town,Fenland,http://data.ordnancesurvey.co.uk/id/7000000000001357,http://data.ordnancesurvey.co.uk/ontology/admingeo/District,Cambridgeshire,http://data.ordnancesurvey.co.uk/id/7000000000001386,http://data.ordnancesurvey.co.uk/ontology/admingeo/County,Eastern,http://data.ordnancesurvey.co.uk/id/7000000000041425,England,http://data.ordnancesurvey.co.uk/id/country/england,,,
osgb4000000026937468,http://data.ordnancesurvey.co.uk/id/4000000026937468,Claremont Road,,,,transportNetwork,Named Road,547298,309655,1000,20000,547255,309571,547298,309749,PE13,http://data.ordnancesurvey.co.uk/id/postcodedistrict/PE13,Wisbech,http://data.ordnancesurvey.co.uk/id/4000000074551318,http://www.ordnancesurvey.co.uk/xml/codelists/localtype.xml#town,Fenland,http://data.ordnancesurvey.co.uk/id/7000000000001357,http://data.ordnancesurvey.co.uk/ontology/admingeo/District,Cambridgeshire,http://data.ordnancesurvey.co.uk/id/7000000000001386,http://data.ordnancesurvey.co.uk/ontology/admingeo/County,Eastern,http://data.ordnancesurvey.co.uk/id/7000000000041425,England,http://data.ordnancesurvey.co.uk/id/country/england,,,
osgb4000000026932362,http://data.ordnancesurvey.co.uk/id/4000000026932362,Eaudyke Bank,,,,transportNetwork,Named Road,543527,317044,10000,20000,542800,316783,544285,317464,PE13,http://data.ordnancesurvey.co.uk/id/postcodedistrict/PE13,,,,Fenland,http://data.ordnancesurvey.co.uk/id/7000000000001357,http://data.ordnancesurvey.co.uk/ontology/admingeo/District,Cambridgeshire,http://data.ordnancesurvey.co.uk/id/7000000000001386,http://data.ordnancesurvey.co.uk/ontology/admingeo/County,Eastern,http://data.ordnancesurvey.co.uk/id/7000000000041425,England,http://data.ordnancesurvey.co.uk/id/country/england,,,
osgb4000000026937433,http://data.ordnancesurvey.co.uk/id/4000000026937433,Scarfield Lane,,,,transportNetwork,Named Road,548025,307295,1000,20000,547944,307293,548113,307327,PE14,http://data.ordnancesurvey.co.uk/id/postcodedistrict/PE14,Elm,http://data.ordnancesurvey.co.uk/id/4000000074341528,http://www.ordnancesurvey.co.uk/xml/codelists/localtype.xml#village,King's Lynn and West Norfolk,http://data.ordnancesurvey.co.uk/id/7000000000007016,http://data.ordnancesurvey.co.uk/ontology/admingeo/District,Norfolk,http://data.ordnancesurvey.co.uk/id/7000000000007238,http://data.ordnancesurvey.co.uk/ontology/admingeo/County,Eastern,http://data.ordnancesurvey.co.uk/id/7000000000041425,England,http://data.ordnancesurvey.co.uk/id/country/england,,,
osgb5000005232274515,http://data.ordnancesurvey.co.uk/id/5000005232274515,The Chase,,,,transportNetwork,Named Road,546025,316786,7000,20000,545474,316662,546486,316992,PE13,http://data.ordnancesurvey.co.uk/id/postcodedistrict/PE13,,,,Fenland,http://data.ordnancesurvey.co.uk/id/7000000000001357,http://data.ordnancesurvey.co.uk/ontology/admingeo/District,Cambridgeshire,http://data.ordnancesurvey.co.uk/id/7000000000001386,http://data.ordnancesurvey.co.uk/ontology/admingeo/County,Eastern,http://data.ordnancesurvey.co.uk/id/7000000000041425,England,http://data.ordnancesurvey.co.uk/id/country/england,,,
osgb4000000026937482,http://data.ordnancesurvey.co.uk/id/4000000026937482,Munday Way,,,,transportNetwork,Named Road,544263,311001,1000,20000,544174,310941,544331,311069,PE13,http://data.ordnancesurvey.co.uk/id/postcodedistrict/PE13,Leverington,http://data.ordnancesurvey.co.uk/id/4000000074551313,http://www.ordnancesurvey.co.uk/xml/codelists/localtype.xml#village,Fenland,http://data.ordnancesurvey.co.uk/id/7000000000001357,http://data.ordnancesurvey.co.uk/ontology/admingeo/District,Cambridgeshire,http://data.ordnancesurvey.co.uk/id/7000000000001386,http://data.ordnancesurvey.co.uk/ontology/admingeo/County,Eastern,http://data.ordnancesurvey.co.uk/id/7000000000041425,England,http://data.ordnancesurvey.co.uk/id/country/england,,,
f5790c17-2440-4083-b92e-3abf9c2f3dc5,http://data.ordnancesurvey.co.uk/id/f5790c17-2440-4083-b92e-3abf9c2f3dc5,Bambers Lane,,,,transportNetwork,Section Of Named Road,548199,307391,1000,25000,548150,307305,548216,307496,PE14,http://data.ordnancesurvey.co.uk/id/postcodedistrict/PE14,Emneth,http://data.ordnancesurvey.co.uk/id/4000000074550948,http://www.ordnancesurvey.co.uk/xml/codelists/localtype.xml#village,King's Lynn and West Norfolk,http://data.ordnancesurvey.co.uk/id/7000000000007016,http://data.ordnancesurvey.co.uk/ontology/admingeo/District,Norfolk,http://data.ordnancesurvey.co.uk/id/7000000000007238,http://data.ordnancesurvey.co.uk/ontology/admingeo/County,Eastern,http://data.ordnancesurvey.co.uk/id/7000000000041425,England,http://data.ordnancesurvey.co.uk/id/country/england,osgb4000000026937432,,
8b2be455-f8e3-4fba-9e4b-676df8192a9c,http://data.ordnancesurvey.co.uk/id/8b2be455-f8e3-4fba-9e4b-676df8192a9c,Folgate Lane,,,,transportNetwork,Section Of Named Road,549697,316563,1000,25000,549610,316464,549802,316655,PE14,http://data.ordnancesurvey.co.uk/id/postcodedistrict/PE14,Walpole St Peter,http://data.ordnancesurvey.co.uk/id/4000000074550943,http://www.ordnancesurvey.co.uk/xml/codelists/localtype.xml#village,King's Lynn and West Norfolk,http://data.ordnancesurvey.co.uk/id/7000000000007016,http://data.ordnancesurvey.co.uk/ontology/admingeo/District,Norfolk,http://data.ordnancesurvey.co.uk/id/7000000000007238,http://data.ordnancesurvey.co.uk/ontology/admingeo/County,Eastern,http://data.ordnancesurvey.co.uk/id/7000000000041425,England,http://data.ordnancesurvey.co.uk/id/country/england,osgb4000000026940551,,
osgb4000000026937517,http://data.ordnancesurvey.co.uk/id/4000000026937517,Fundrey Road,,,,transportNetwork,Named Road,547655,310258,1000,20000,547563,310222,547721,310384,PE13,http://data.ordnancesurvey.co.uk/id/postcodedistrict/PE13,Wisbech,http://data.ordnancesurvey.co.uk/id/4000000074551318,http://www.ordnancesurvey.co.uk/xml/codelists/localtype.xml#town,Fenland,http://data.ordnancesurvey.co.uk/id/7000000000001357,http://data.ordnancesurvey.co.uk/ontology/admingeo/District,Cambridgeshire,http://data.ordnancesurvey.co.uk/id/7000000000001386,http://data.ordnancesurvey.co.uk/ontology/admingeo/County,Eastern,http://data.ordnancesurvey.co.uk/id/7000000000041425,England,http://data.ordnancesurvey.co.uk/id/country/england,,,
5052f7cc-cea5-460a-a9fb-21b868bffa2c,http://data.ordnancesurvey.co.uk/id/5052f7cc-cea5-460a-a9fb-21b868bffa2c,Rectory Road,,,,transportNetwork,Section Of Named Road,551164,303452,2000,25000,551040,303284,551266,303666,PE14,http://data.ordnancesurvey.co.uk/id/postcodedistrict/PE14,Outwell,http://data.ordnancesurvey.co.uk/id/4000000074548389,http://www.ordnancesurvey.co.uk/xml/codelists/localtype.xml#village,King's Lynn and West Norfolk,http://data.ordnancesurvey.co.uk/id/7000000000007016,http://data.ordnancesurvey.co.uk/ontology/admingeo/District,Norfolk,http://data.ordnancesurvey.co.uk/id/7000000000007238,http://data.ordnancesurvey.co.uk/ontology/admingeo/County,Eastern,http://data.ordnancesurvey.co.uk/id/7000000000041425,England,http://data.ordnancesurvey.co.uk/id/country/england,osgb4000000026935054,,
osgb4000000026940334,http://data.ordnancesurvey.co.uk/id/4000000026940334,St Paul's Close,,,,transportNetwork,Named Road,546393,309304,1000,20000,546351,309247,546424,309324,PE13,http://data.ordnancesurvey.co.uk/id/postcodedistrict/PE13,Wisbech,http://data.ordnancesurvey.co.uk/id/4000000074551318,http://www.ordnancesurvey.co.uk/xml/codelists/localtype.xml#town,Fenland,http://data.ordnancesurvey.co.uk/id/7000000000001357,http://data.ordnancesurvey.co.uk/ontology/admingeo/District,Cambridgeshire,http://data.ordnancesurvey.co.uk/id/7000000000001386,http://data.ordnancesurvey.co.uk/ontology/admingeo/County,Eastern,http://data.ordnancesurvey.co.uk/id/7000000000041425,England,http://data.ordnancesurvey.co.uk/id/country/england,,,
osgb4000000026933652,http://data.ordnancesurvey.co.uk/id/4000000026933652,Low Road,,,,transportNetwork,Named Road,554196,311317,5000,20000,553837,311112,554569,311535,PE14,http://data.ordnancesurvey.co.uk/id/postcodedistrict/PE14,Tilney Fen End,http://data.ordnancesurvey.co.uk/id/4000000074548751,http://www.ordnancesurvey.co.uk/xml/codelists/localtype.xml#hamlet,King's Lynn and West Norfolk,http://data.ordnancesurvey.co.uk/id/7000000000007016,http://data.ordnancesurvey.co.uk/ontology/admingeo/District,Norfolk,http://data.ordnancesurvey.co.uk/id/7000000000007238,http://data.ordnancesurvey.co.uk/ontology/admingeo/County,Eastern,http://data.ordnancesurvey.co.uk/id/7000000000041425,England,http://data.ordnancesurvey.co.uk/id/country/england,,,
osgb4000000026942813,http://data.ordnancesurvey.co.uk/id/4000000026942813,West Drove (North),,,,transportNetwork,Named Road,549619,315074,20000,20000,549603,313545,549873,316655,PE14,http://data.ordnancesurvey.co.uk/id/postcodedistrict/PE14,,,,King's Lynn and West Norfolk,http://data.ordnancesurvey.co.uk/id/7000000000007016,http://data.ordnancesurvey.co.uk/ontology/admingeo/District,Norfolk,http://data.ordnancesurvey.co.uk/id/7000000000007238,http://data.ordnancesurvey.co.uk/ontology/admingeo/County,Eastern,http://data.ordnancesurvey.co.uk/id/7000000000041425,England,http://data.ordnancesurvey.co.uk/id/country/england,,,
osgb4000000026932400,http://data.ordnancesurvey.co.uk/id/4000000026932400,Highbridge Road,,,,transportNetwork,Named Road,557691,305095,9000,20000,557514,304395,558023,305714,PE34,http://data.ordnancesurvey.co.uk/id/postcodedistrict/PE34,,,,King's Lynn and West Norfolk,http://data.ordnancesurvey.co.uk/id/7000000000007016,http://data.ordnancesurvey.co.uk/ontology/admingeo/District,Norfolk,http://data.ordnancesurvey.co.uk/id/7000000000007238,http://data.ordnancesurvey.co.uk/ontology/admingeo/County,Eastern,http://data.ordnancesurvey.co.uk/id/7000000000041425,England,http://data.ordnancesurvey.co.uk/id/country/england,,,
osgb4000000026942751,http://data.ordnancesurvey.co.uk/id/4000000026942751,Cannon Terrace,,,,transportNetwork,Named Road,546321,309215,1000,20000,546321,309182,546347,309215,PE13,http://data.ordnancesurvey.co.uk/id/postcodedistrict/PE13,Wisbech,http://data.ordnancesurvey.co.uk/id/4000000074551318,http://www.ordnancesurvey.co.uk/xml/codelists/localtype.xml#town,Fenland,http://data.ordnancesurvey.co.uk/id/7000000000001357,http://data.ordnancesurvey.co.uk/ontology/admingeo/District,Cambridgeshire,http://data.ordnancesurvey.co.uk/id/7000000000001386,http://data.ordnancesurvey.co.uk/ontology/admingeo/County,Eastern,http://data.ordnancesurvey.co.uk/id/7000000000041425,England,http://data.ordnancesurvey.co.uk/id/country/england,,,
osgb4000000026937420,http://data.ordnancesurvey.co.uk/id/4000000026937420,Oldfield Avenue,,,,transportNetwork,Named Road,547100,306277,1000,20000,547020,306252,547214,306396,PE14,http://data.ordnancesurvey.co.uk/id/postcodedistrict/PE14,Elm,http://data.ordnancesurvey.co.uk/id/4000000074341528,http://www.ordnancesurvey.co.uk/xml/codelists/localtype.xml#village,Fenland,http://data.ordnancesurvey.co.uk/id/7000000000001357,http://data.ordnancesurvey.co.uk/ontology/admingeo/District,Cambridgeshire,http://data.ordnancesurvey.co.uk/id/7000000000001386,http://data.ordnancesurvey.co.uk/ontology/admingeo/County,Eastern,http://data.ordnancesurvey.co.uk/id/7000000000041425,England,http://data.ordnancesurvey.co.uk/id/country/england,,,
osgb4000000026931707,http://data.ordnancesurvey.co.uk/id/4000000026931707,Laddus Drove,,,,transportNetwork,Named Road,547410,302857,20000,23000,547114,301129,547484,304623,PE14,http://data.ordnancesurvey.co.uk/id/postcodedistrict/PE14,,,,Fenland,http://data.ordnancesurvey.co.uk/id/7000000000001357,http://data.ordnancesurvey.co.uk/ontology/admingeo/District,Cambridgeshire,http://data.ordnancesurvey.co.uk/id/7000000000001386,http://data.ordnancesurvey.co.uk/ontology/admingeo/County,Eastern,http://data.ordnancesurvey.co.uk/id/7000000000041425,England,http://data.ordnancesurvey.co.uk/id/country/england,,,
ea48a738-d4aa-483f-8aa3-4b501bde82af,http://data.ordnancesurvey.co.uk/id/ea48a738-d4aa-483f-8aa3-4b501bde82af,Wisbech Road,,,,transportNetwork,Section Of Named Road,544821,318741,1000,25000,544806,318714,544829,318785,PE13,http://data.ordnancesurvey.co.uk/id/postcodedistrict/PE13,Tydd St Mary,http://data.ordnancesurvey.co.uk/id/4000000074548410,http://www.ordnancesurvey.co.uk/xml/codelists/localtype.xml#village,South Holland,http://data.ordnancesurvey.co.uk/id/7000000000005599,http://data.ordnancesurvey.co.uk/ontology/admingeo/District,Lincolnshire,http://data.ordnancesurvey.co.uk/id/7000000000005942,http://data.ordnancesurvey.co.uk/ontology/admingeo/County,East Midlands,http://data.ordnancesurvey.co.uk/id/7000000000041423,England,http://data.ordnancesurvey.co.uk/id/country/england,osgb4000000026931756,,
osgb4000000026937506,http://data.ordnancesurvey.co.uk/id/4000000026937506,Bramley Road,,,,transportNetwork,Named Road,546406,310893,1000,20000,546396,310837,546535,310956,PE13,http://data.ordnancesurvey.co.uk/id/postcodedistrict/PE13,Wisbech,http://data.ordnancesurvey.co.uk/id/4000000074551318,http://www.ordnancesurvey.co.uk/xml/codelists/localtype.xml#town,Fenland,http://data.ordnancesurvey.co.uk/id/7000000000001357,http://data.ordnancesurvey.co.uk/ontology/admingeo/District,Cambridgeshire,http://data.ordnancesurvey.co.uk/id/7000000000001386,http://data.ordnancesurvey.co.uk/ontology/admingeo/County,Eastern,http://data.ordnancesurvey.co.uk/id/7000000000041425,England,http://data.ordnancesurvey.co.uk/id/country/england,,,
osgb5000005234285569,http://data.ordnancesurvey.co.uk/id/5000005234285569,Chapel Field Lane,,,,transportNetwork,Named Road,549955,314270,3000,20000,549680,313971,550092,314499,PE14,http://data.ordnancesurvey.co.uk/id/postcodedistrict/PE14,,,,King's Lynn and West Norfolk,http://data.ordnancesurvey.co.uk/id/7000000000007016,http://data.ordnancesurvey.co.uk/ontology/admingeo/District,Norfolk,http://data.ordnancesurvey.co.uk/id/7000000000007238,http://data.ordnancesurvey.co.uk/ontology/admingeo/County,Eastern,http://data.ordnancesurvey.co.uk/id/7000000000041425,England,http://data.ordnancesurvey.co.uk/id/country/england,,,
24f8d0ec-efa7-4e7b-b2c5-d8b0ce822042,http://data.ordnancesurvey.co.uk/id/24f8d0ec-efa7-4e7b-b2c5-d8b0ce822042,Cross Gate,,,,transportNetwork,Section Of Named Road,543328,319001,4000,25000,543312,318739,543499,319341,PE13,http://data.ordnancesurvey.co.uk/id/postcodedistrict/PE13,Tydd St Mary,http://data.ordnancesurvey.co.uk/id/4000000074548410,http://www.ordnancesurvey.co.uk/xml/codelists/localtype.xml#village,South Holland,http://data.ordnancesurvey.co.uk/id/7000000000005599,http://data.ordnancesurvey.co.uk/ontology/admingeo/District,Lincolnshire,http://data.ordnancesurvey.co.uk/id/7000000000005942,http://data.ordnancesurvey.co.uk/ontology/admingeo/County,East Midlands,http://data.ordnancesurvey.co.uk/id/7000000000041423,England,http://data.ordnancesurvey.co.uk/id/country/england,osgb4000000026933596,,
osgb4000000026931783,http://data.ordnancesurvey.co.uk/id/4000000026931783,Mill Road,,,,transportNetwork,Named Road,551230,315111,16000,20000,550746,313912,551720,316381,PE14,http://data.ordnancesurvey.co.uk/id/postcodedistrict/PE14,,,,King's Lynn and West Norfolk,http://data.ordnancesurvey.co.uk/id/7000000000007016,http://data.ordnancesurvey.co.uk/ontology/admingeo/District,Norfolk,http://data.ordnancesurvey.co.uk/id/7000000000007238,http://data.ordnancesurvey.co.uk/ontology/admingeo/County,Eastern,http://data.ordnancesurvey.co.uk/id/7000000000041425,England,http://data.ordnancesurvey.co.uk/id/country/england,,,
osgb4000000026932276,http://data.ordnancesurvey.co.uk/id/4000000026932276,New Drove,,,,transportNetwork,Named Road,546127,307967,6000,20000,545706,307558,546555,308368,PE13,http://data.ordnancesurvey.co.uk/id/postcodedistrict/PE13,Wisbech,http://data.ordnancesurvey.co.uk/id/4000000074551318,http://www.ordnancesurvey.co.uk/xml/codelists/localtype.xml#town,Fenland,http://data.ordnancesurvey.co.uk/id/7000000000001357,http://data.ordnancesurvey.co.uk/ontology/admingeo/District,Cambridgeshire,http://data.ordnancesurvey.co.uk/id/7000000000001386,http://data.ordnancesurvey.co.uk/ontology/admingeo/County,Eastern,http://data.ordnancesurvey.co.uk/id/7000000000041425,England,http://data.ordnancesurvey.co.uk/id/country/england,,,
osgb4000000026942821,http://data.ordnancesurvey.co.uk/id/4000000026942821,Edinburgh Place,,,,transportNetwork,Named Road,559076,314057,1000,20000,559071,314021,559095,314061,PE34,http://data.ordnancesurvey.co.uk/id/postcodedistrict/PE34,Wiggenhall St Germans,http://data.ordnancesurvey.co.uk/id/4000000074550213,http://www.ordnancesurvey.co.uk/xml/codelists/localtype.xml#village,King's Lynn and West Norfolk,http://data.ordnancesurvey.co.uk/id/7000000000007016,http://data.ordnancesurvey.co.uk/ontology/admingeo/District,Norfolk,http://data.ordnancesurvey.co.uk/id/7000000000007238,http://data.ordnancesurvey.co.uk/ontology/admingeo/County,Eastern,http://data.ordnancesurvey.co.uk/id/7000000000041425,England,http://data.ordnancesurvey.co.uk/id/country/england,,,
osgb4000000026935252,http://data.ordnancesurvey.co.uk/id/4000000026935252,Hawthorn Road,,,,transportNetwork,Named Road,549123,306946,2000,20000,549121,306824,549269,307081,PE14,http://data.ordnancesurvey.co.uk/id/postcodedistrict/PE14,Emneth,http://data.ordnancesurvey.co.uk/id/4000000074550948,http://www.ordnancesurvey.co.uk/xml/codelists/localtype.xml#village,King's Lynn and West Norfolk,http://data.ordnancesurvey.co.uk/id/7000000000007016,http://data.ordnancesurvey.co.uk/ontology/admingeo/District,Norfolk,http://data.ordnancesurvey.co.uk/id/7000000000007238,http://data.ordnancesurvey.co.uk/ontology/admingeo/County,Eastern,http://data.ordnancesurvey.co.uk/id/7000000000041425,England,http://data.ordnancesurvey.co.uk/id/country/england,,,
osgb4000000026942742,http://data.ordnancesurvey.co.uk/id/4000000026942742,Royal Place,,,,transportNetwork,Named Road,546377,309460,1000,20000,546377,309460,546420,309485,PE13,http://data.ordnancesurvey.co.uk/id/postcodedistrict/PE13,Wisbech,http://data.ordnancesurvey.co.uk/id/4000000074551318,http://www.ordnancesurvey.co.uk/xml/codelists/localtype.xml#town,Fenland,http://data.ordnancesurvey.co.uk/id/7000000000001357,http://data.ordnancesurvey.co.uk/ontology/admingeo/District,Cambridgeshire,http://data.ordnancesurvey.co.uk/id/7000000000001386,http://data.ordnancesurvey.co.uk/ontology/admingeo/County,Eastern,http://data.ordnancesurvey.co.uk/id/7000000000041425,England,http://data.ordnancesurvey.co.uk/id/country/england,,,
osgb4000000026931759,http://data.ordnancesurvey.co.uk/id/4000000026931759,Edge Bank,,,,transportNetwork,Named Road,551830,306557,12000,20000,551503,305609,552121,307467,PE14,http://data.ordnancesurvey.co.uk/id/postcodedistrict/PE14,,,,King's Lynn and West Norfolk,http://data.ordnancesurvey.co.uk/id/7000000000007016,http://data.ordnancesurvey.co.uk/ontology/admingeo/District,Norfolk,http://data.ordnancesurvey.co.uk/id/7000000000007238,http://data.ordnancesurvey.co.uk/ontology/admingeo/County,Eastern,http://data.ordnancesurvey.co.uk/id/7000000000041425,England,http://data.ordnancesurvey.co.uk/id/country/england,,,
osgb4000000026937511,http://data.ordnancesurvey.co.uk/id/4000000026937511,Payne Avenue,,,,transportNetwork,Named Road,546825,310727,1000,20000,546765,310674,546916,310768,PE13,http://data.ordnancesurvey.co.uk/id/postcodedistrict/PE13,Wisbech,http://data.ordnancesurvey.co.uk/id/4000000074551318,http://www.ordnancesurvey.co.uk/xml/codelists/localtype.xml#town,Fenland,http://data.ordnancesurvey.co.uk/id/7000000000001357,http://data.ordnancesurvey.co.uk/ontology/admingeo/District,Cambridgeshire,http://data.ordnancesurvey.co.uk/id/7000000000001386,http://data.ordnancesurvey.co.uk/ontology/admingeo/County,Eastern,http://data.ordnancesurvey.co.uk/id/7000000000041425,England,http://data.ordnancesurvey.co.uk/id/country/england,,,
22e14e92-1cca-46a3-9ea6-57100dc35ba2,http://data.ordnancesurvey.co.uk/id/22e14e92-1cca-46a3-9ea6-57100dc35ba2,Outwell Road,,,,transportNetwork,Section Of Named Road,550633,304953,3000,25000,550604,304710,550649,305118,PE14,http://data.ordnancesurvey.co.uk/id/postcodedistrict/PE14,Outwell,http://data.ordnancesurvey.co.uk/id/4000000074548389,http://www.ordnancesurvey.co.uk/xml/codelists/localtype.xml#village,King's Lynn and West Norfolk,http://data.ordnancesurvey.co.uk/id/7000000000007016,http://data.ordnancesurvey.co.uk/ontology/admingeo/District,Norfolk,http://data.ordnancesurvey.co.uk/id/7000000000007238,http://data.ordnancesurvey.co.uk/ontology/admingeo/County,Eastern,http://data.ordnancesurvey.co.uk/id/7000000000041425,England,http://data.ordnancesurvey.co.uk/id/country/england,osgb4000000026935250,,
osgb4000000026932365,http://data.ordnancesurvey.co.uk/id/4000000026932365,Long Road,,,,transportNetwork,Named Road,545417,318736,11000,20000,545348,317920,545475,319555,PE13,http://data.ordnancesurvey.co.uk/id/postcodedistrict/PE13,,,,South Holland,http://data.ordnancesurvey.co.uk/id/7000000000005599,http://data.ordnancesurvey.co.uk/ontology/admingeo/District,Lincolnshire,http://data.ordnancesurvey.co.uk/id/7000000000005942,http://data.ordnancesurvey.co.uk/ontology/admingeo/County,East Midlands,http://data.ordnancesurvey.co.uk/id/7000000000041423,England,http://data.ordnancesurvey.co.uk/id/country/england,,,
osgb4000000026940387,http://data.ordnancesurvey.co.uk/id/4000000026940387,Kenlan Road,,,,transportNetwork,Named Road,546611,310366,1000,20000,546611,310359,546671,310366,PE13,http://data.ordnancesurvey.co.uk/id/postcodedistrict/PE13,Wisbech,http://data.ordnancesurvey.co.uk/id/4000000074551318,http://www.ordnancesurvey.co.uk/xml/codelists/localtype.xml#town,Fenland,http://data.ordnancesurvey.co.uk/id/7000000000001357,http://data.ordnancesurvey.co.uk/ontology/admingeo/District,Cambridgeshire,http://data.ordnancesurvey.co.uk/id/7000000000001386,http://data.ordnancesurvey.co.uk/ontology/admingeo/County,Eastern,http://data.ordnancesurvey.co.uk/id/7000000000041425,England,http://data.ordnancesurvey.co.uk/id/country/england,,,
osgb4000000026940339,http://data.ordnancesurvey.co.uk/id/4000000026940339,Market Place,,,,transportNetwork,Named Road,546229,309667,1000,20000,546175,309642,546280,309681,PE13,http://data.ordnancesurvey.co.uk/id/postcodedistrict/PE13,Wisbech,http://data.ordnancesurvey.co.uk/id/4000000074551318,http://www.ordnancesurvey.co.uk/xml/codelists/localtype.xml#town,Fenland,http://data.ordnancesurvey.co.uk/id/7000000000001357,http://data.ordnancesurvey.co.uk/ontology/admingeo/District,Cambridgeshire,http://data.ordnancesurvey.co.uk/id/7000000000001386,http://data.ordnancesurvey.co.uk/ontology/admingeo/County,Eastern,http://data.ordnancesurvey.co.uk/id/7000000000041425,England,http://data.ordnancesurvey.co.uk/id/country/england,,,
osgb4000000026962904,http://data.ordnancesurvey.co.uk/id/4000000026962904,March Riverside,,,,transportNetwork,Named Road,547977,301254,20000,22000,546302,299918,549763,302223,PE14,http://data.ordnancesurvey.co.uk/id/postcodedistrict/PE14,,,,Fenland,http://data.ordnancesurvey.co.uk/id/7000000000001357,http://data.ordnancesurvey.co.uk/ontology/admingeo/District,Cambridgeshire,http://data.ordnancesurvey.co.uk/id/7000000000001386,http://data.ordnancesurvey.co.uk/ontology/admingeo/County,Eastern,http://data.ordnancesurvey.co.uk/id/7000000000041425,England,http://data.ordnancesurvey.co.uk/id/country/england,,,
37a672bc-df26-4764-8cf1-981d4bf67aea,http://data.ordnancesurvey.co.uk/id/37a672bc-df26-4764-8cf1-981d4bf67aea,Sixteen Foot Bank,,,,transportNetwork,Section Of Named Road,549952,300478,1000,25000,549948,300468,549952,300478,PE14,http://data.ordnancesurvey.co.uk/id/postcodedistrict/PE14,Upwell,http://data.ordnancesurvey.co.uk/id/4000000074550938,http://www.ordnancesurvey.co.uk/xml/codelists/localtype.xml#village,King's Lynn and West Norfolk,http://data.ordnancesurvey.co.uk/id/7000000000007016,http://data.ordnancesurvey.co.uk/ontology/admingeo/District,Norfolk,http://data.ordnancesurvey.co.uk/id/7000000000007238,http://data.ordnancesurvey.co.uk/ontology/admingeo/County,Eastern,http://data.ordnancesurvey.co.uk/id/7000000000041425,England,http://data.ordnancesurvey.co.uk/id/country/england,osgb4000000028032254,,
osgb4000000026940420,http://data.ordnancesurvey.co.uk/id/4000000026940420,Braeburn Avenue,,,,transportNetwork,Named Road,546230,311230,1000,20000,546227,311143,546241,311250,PE13,http://data.ordnancesurvey.co.uk/id/postcodedistrict/PE13,Wisbech,http://data.ordnancesurvey.co.uk/id/4000000074551318,http://www.ordnancesurvey.co.uk/xml/codelists/localtype.xml#town,Fenland,http://data.ordnancesurvey.co.uk/id/7000000000001357,http://data.ordnancesurvey.co.uk/ontology/admingeo/District,Cambridgeshire,http://data.ordnancesurvey.co.uk/id/7000000000001386,http://data.ordnancesurvey.co.uk/ontology/admingeo/County,Eastern,http://data.ordnancesurvey.co.uk/id/7000000000041425,England,http://data.ordnancesurvey.co.uk/id/country/england,,,
osgb4000000026940309,http://data.ordnancesurvey.co.uk/id/4000000026940309,Sandown Road,,,,transportNetwork,Named Road,545385,308340,1000,20000,545349,308282,545407,308376,PE14,http://data.ordnancesurvey.co.uk/id/postcodedistrict/PE14,Wisbech,http://data.ordnancesurvey.co.uk/id/4000000074551318,http://www.ordnancesurvey.co.uk/xml/codelists/localtype.xml#town,Fenland,http://data.ordnancesurvey.co.uk/id/7000000000001357,http://data.ordnancesurvey.co.uk/ontology/admingeo/District,Cambridgeshire,http://data.ordnancesurvey.co.uk/id/7000000000001386,http://data.ordnancesurvey.co.uk/ontology/admingeo/County,Eastern,http://data.ordnancesurvey.co.uk/id/7000000000041425,England,http://data.ordnancesurvey.co.uk/id/country/england,,,
osgb4000000026931704,http://data.ordnancesurvey.co.uk/id/4000000026931704,Twenty Foot Road,,,,transportNetwork,Named Road,540928,300673,16000,20000,539601,300122,542119,301136,PE15,http://data.ordnancesurvey.co.uk/id/postcodedistrict/PE15,,,,Fenland,http://data.ordnancesurvey.co.uk/id/7000000000001357,http://data.ordnancesurvey.co.uk/ontology/admingeo/District,Cambridgeshire,http://data.ordnancesurvey.co.uk/id/7000000000001386,http://data.ordnancesurvey.co.uk/ontology/admingeo/County,Eastern,http://data.ordnancesurvey.co.uk/id/7000000000041425,England,http://data.ordnancesurvey.co.uk/id/country/england,,,
osgb4000000026940385,http://data.ordnancesurvey.co.uk/id/4000000026940385,Trafford Road,,,,transportNetwork,Named Road,546985,310000,1000,20000,546934,309942,547043,310073,PE13,http://data.ordnancesurvey.co.uk/id/postcodedistrict/PE13,Wisbech,http://data.ordnancesurvey.co.uk/id/4000000074551318,http://www.ordnancesurvey.co.uk/xml/codelists/localtype.xml#town,Fenland,http://data.ordnancesurvey.co.uk/id/7000000000001357,http://data.ordnancesurvey.co.uk/ontology/admingeo/District,Cambridgeshire,http://data.ordnancesurvey.co.uk/id/7000000000001386,http://data.ordnancesurvey.co.uk/ontology/admingeo/County,Eastern,http://data.ordnancesurvey.co.uk/id/7000000000041425,England,http://data.ordnancesurvey.co.uk/id/country/england,,,
517fd114-bba9-4943-9005-e9b36f1339ad,http://data.ordnancesurvey.co.uk/id/517fd114-bba9-4943-9005-e9b36f1339ad,Station Road,,,,transportNetwork,Section Of Named Road,543332,302838,1000,25000,543250,302819,543421,302866,PE14,http://data.ordnancesurvey.co.uk/id/postcodedistrict/PE14,Coldham,http://data.ordnancesurvey.co.uk/id/4000000074550588,http://www.ordnancesurvey.co.uk/xml/codelists/localtype.xml#village,Fenland,http://data.ordnancesurvey.co.uk/id/7000000000001357,http://data.ordnancesurvey.co.uk/ontology/admingeo/District,Cambridgeshire,http://data.ordnancesurvey.co.uk/id/7000000000001386,http://data.ordnancesurvey.co.uk/ontology/admingeo/County,Eastern,http://data.ordnancesurvey.co.uk/id/7000000000041425,England,http://data.ordnancesurvey.co.uk/id/country/england,osgb4000000026931706,,
osgb4000000026932230,http://data.ordnancesurvey.co.uk/id/4000000026932230,Barroway Drove,,,,transportNetwork,Named Road,556631,302943,20000,20000,555262,301339,558023,304395,PE38,http://data.ordnancesurvey.co.uk/id/postcodedistrict/PE38,Barroway Drove,http://data.ordnancesurvey.co.uk/id/4000000074327856,http://www.ordnancesurvey.co.uk/xml/codelists/localtype.xml#village,King's Lynn and West Norfolk,http://data.ordnancesurvey.co.uk/id/7000000000007016,http://data.ordnancesurvey.co.uk/ontology/admingeo/District,Norfolk,http://data.ordnancesurvey.co.uk/id/7000000000007238,http://data.ordnancesurvey.co.uk/ontology/admingeo/County,Eastern,http://data.ordnancesurvey.co.uk/id/7000000000041425,England,http://data.ordnancesurvey.co.uk/id/country/england,,,
osgb4000000026942738,http://data.ordnancesurvey.co.uk/id/4000000026942738,Raymond Street,,,,transportNetwork,Named Road,546261,309011,1000,20000,546234,309000,546281,309051,PE13,http://data.ordnancesurvey.co.uk/id/postcodedistrict/PE13,Wisbech,http://data.ordnancesurvey.co.uk/id/4000000074551318,http://www.ordnancesurvey.co.uk/xml/codelists/localtype.xml#town,Fenland,http://data.ordnancesurvey.co.uk/id/7000000000001357,http://data.ordnancesurvey.co.uk/ontology/admingeo/District,Cambridgeshire,http://data.ordnancesurvey.co.uk/id/7000000000001386,http://data.ordnancesurvey.co.uk/ontology/admingeo/County,Eastern,http://data.ordnancesurvey.co.uk/id/7000000000041425,England,http://data.ordnancesurvey.co.uk/id/country/england,,,
a58b356e-594e-40ad-975c-e09d667f2377,http://data.ordnancesurvey.co.uk/id/a58b356e-594e-40ad-975c-e09d667f2377,Black Drove,,,,transportNetwork,Section Of Named Road,540060,306080,1000,25000,540013,305934,540153,306160,PE13,http://data.ordnancesurvey.co.uk/id/postcodedistrict/PE13,Tholomas Drove,http://data.ordnancesurvey.co.uk/id/4000000074550591,http://www.ordnancesurvey.co.uk/xml/codelists/localtype.xml#village,Fenland,http://data.ordnancesurvey.co.uk/id/7000000000001357,http://data.ordnancesurvey.co.uk/ontology/admingeo/District,Cambridgeshire,http://data.ordnancesurvey.co.uk/id/7000000000001386,http://data.ordnancesurvey.co.uk/ontology/admingeo/County,Eastern,http://data.ordnancesurvey.co.uk/id/7000000000041425,England,http://data.ordnancesurvey.co.uk/id/country/england,osgb4000000026933490,,
osgb4000000027005922,http://data.ordnancesurvey.co.uk/id/4000000027005922,Fen Road,,,,transportNetwork,Named Road,558713,310090,9000,20000,557869,309882,559180,310847,PE34,http://data.ordnancesurvey.co.uk/id/postcodedistrict/PE34,,,,King's Lynn and West Norfolk,http://data.ordnancesurvey.co.uk/id/7000000000007016,http://data.ordnancesurvey.co.uk/ontology/admingeo/District,Norfolk,http://data.ordnancesurvey.co.uk/id/7000000000007238,http://data.ordnancesurvey.co.uk/ontology/admingeo/County,Eastern,http://data.ordnancesurvey.co.uk/id/7000000000041425,England,http://data.ordnancesurvey.co.uk/id/country/england,,,
344b1bfd-b16c-4584-8e03-4b2ba1d00fcb,http://data.ordnancesurvey.co.uk/id/344b1bfd-b16c-4584-8e03-4b2ba1d00fcb,Rands Road,,,,transportNetwork,Section Of Named Road,554568,311022,1000,25000,554560,311013,554574,311028,PE14,http://data.ordnancesurvey.co.uk/id/postcodedistrict/PE14,Tilney Fen End,http://data.ordnancesurvey.co.uk/id/4000000074548751,http://www.ordnancesurvey.co.uk/xml/codelists/localtype.xml#hamlet,King's Lynn and West Norfolk,http://data.ordnancesurvey.co.uk/id/7000000000007016,http://data.ordnancesurvey.co.uk/ontology/admingeo/District,Norfolk,http://data.ordnancesurvey.co.uk/id/7000000000007238,http://data.ordnancesurvey.co.uk/ontology/admingeo/County,Eastern,http://data.ordnancesurvey.co.uk/id/7000000000041425,England,http://data.ordnancesurvey.co.uk/id/country/england,osgb4000000026932409,,
osgb4000000026935251,http://data.ordnancesurvey.co.uk/id/4000000026935251,Broad Drove,,,,transportNetwork,Named Road,548372,306883,1000,20000,548195,306791,548372,306883,PE14,http://data.ordnancesurvey.co.uk/id/postcodedistrict/PE14,,,,King's Lynn and West Norfolk,http://data.ordnancesurvey.co.uk/id/7000000000007016,http://data.ordnancesurvey.co.uk/ontology/admingeo/District,Norfolk,http://data.ordnancesurvey.co.uk/id/7000000000007238,http://data.ordnancesurvey.co.uk/ontology/admingeo/County,Eastern,http://data.ordnancesurvey.co.uk/id/7000000000041425,England,http://data.ordnancesurvey.co.uk/id/country/england,,,
osgb4000000026933636,http://data.ordnancesurvey.co.uk/id/4000000026933636,Hollycroft Road,,,,transportNetwork,Named Road,549859,306453,8000,20000,549594,305832,549974,307037,PE14,http://data.ordnancesurvey.co.uk/id/postcodedistrict/PE14,Emneth,http://data.ordnancesurvey.co.uk/id/4000000074550948,http://www.ordnancesurvey.co.uk/xml/codelists/localtype.xml#village,King's Lynn and West Norfolk,http://data.ordnancesurvey.co.uk/id/7000000000007016,http://data.ordnancesurvey.co.uk/ontology/admingeo/District,Norfolk,http://data.ordnancesurvey.co.uk/id/7000000000007238,http://data.ordnancesurvey.co.uk/ontology/admingeo/County,Eastern,http://data.ordnancesurvey.co.uk/id/7000000000041425,England,http://data.ordnancesurvey.co.uk/id/country/england,,,
osgb5000005125747503,http://data.ordnancesurvey.co.uk/id/5000005125747503,Winceby Close,,,,transportNetwork,Named Road,545457,308687,1000,20000,545430,308649,545463,308726,PE14,http://data.ordnancesurvey.co.uk/id/postcodedistrict/PE14,Wisbech,http://data.ordnancesurvey.co.uk/id/4000000074551318,http://www.ordnancesurvey.co.uk/xml/codelists/localtype.xml#town,Fenland,http://data.ordnancesurvey.co.uk/id/7000000000001357,http://data.ordnancesurvey.co.uk/ontology/admingeo/District,Cambridgeshire,http://data.ordnancesurvey.co.uk/id/7000000000001386,http://data.ordnancesurvey.co.uk/ontology/admingeo/County,Eastern,http://data.ordnancesurvey.co.uk/id/7000000000041425,England,http://data.ordnancesurvey.co.uk/id/country/england,,,
702bccb2-db3f-45f9-ad0d-bc8da33cf4e7,http://data.ordnancesurvey.co.uk/id/702bccb2-db3f-45f9-ad0d-bc8da33cf4e7,Main Road,,,,transportNetwork,Section Of Named Road,556566,317093,5000,25000,556283,316902,556980,317196,PE34,http://data.ordnancesurvey.co.uk/id/postcodedistrict/PE34,Tilney High End,http://data.ordnancesurvey.co.uk/id/4000000074550940,http://www.ordnancesurvey.co.uk/xml/codelists/localtype.xml#village,King's Lynn and West Norfolk,http://data.ordnancesurvey.co.uk/id/7000000000007016,http://data.ordnancesurvey.co.uk/ontology/admingeo/District,Norfolk,http://data.ordnancesurvey.co.uk/id/7000000000007238,http://data.ordnancesurvey.co.uk/ontology/admingeo/County,Eastern,http://data.ordnancesurvey.co.uk/id/7000000000041425,England,http://data.ordnancesurvey.co.uk/id/country/england,osgb4000000026932448,,
osgb5000005153953314,http://data.ordnancesurvey.co.uk/id/5000005153953314,Poppy Close,,,,transportNetwork,Named Road,543751,314722,1000,20000,543741,314700,543772,314753,PE13,http://data.ordnancesurvey.co.uk/id/postcodedistrict/PE13,Newton-in-the-Isle,http://data.ordnancesurvey.co.uk/id/4000000074548769,http://www.ordnancesurvey.co.uk/xml/codelists/localtype.xml#village,Fenland,http://data.ordnancesurvey.co.uk/id/7000000000001357,http://data.ordnancesurvey.co.uk/ontology/admingeo/District,Cambridgeshire,http://data.ordnancesurvey.co.uk/id/7000000000001386,http://data.ordnancesurvey.co.uk/ontology/admingeo/County,Eastern,http://data.ordnancesurvey.co.uk/id/7000000000041425,England,http://data.ordnancesurvey.co.uk/id/country/england,,,
2dfae69a-4db6-4f79-a386-543a153d5c16,http://data.ordnancesurvey.co.uk/id/2dfae69a-4db6-4f79-a386-543a153d5c16,Horseshoe Court,,,,transportNetwork,Section Of Named Road,550886,303378,1000,25000,550867,303375,550901,303391,PE14,http://data.ordnancesurvey.co.uk/id/postcodedistrict/PE14,Upwell,http://data.ordnancesurvey.co.uk/id/4000000074550938,http://www.ordnancesurvey.co.uk/xml/codelists/localtype.xml#village,King's Lynn and West Norfolk,http://data.ordnancesurvey.co.uk/id/7000000000007016,http://data.ordnancesurvey.co.uk/ontology/admingeo/District,Norfolk,http://data.ordnancesurvey.co.uk/id/7000000000007238,http://data.ordnancesurvey.co.uk/ontology/admingeo/County,Eastern,http://data.ordnancesurvey.co.uk/id/7000000000041425,England,http://data.ordnancesurvey.co.uk/id/country/england,osgb4000000027014591,,
osgb4000000026937436,http://data.ordnancesurvey.co.uk/id/4000000026937436,Victory Road,,,,transportNetwork,Named Road,546037,309008,1000,20000,545927,308932,546117,309076,PE13,http://data.ordnancesurvey.co.uk/id/postcodedistrict/PE13,Wisbech,http://data.ordnancesurvey.co.uk/id/4000000074551318,http://www.ordnancesurvey.co.uk/xml/codelists/localtype.xml#town,Fenland,http://data.ordnancesurvey.co.uk/id/7000000000001357,http://data.ordnancesurvey.co.uk/ontology/admingeo/District,Cambridgeshire,http://data.ordnancesurvey.co.uk/id/7000000000001386,http://data.ordnancesurvey.co.uk/ontology/admingeo/County,Eastern,http://data.ordnancesurvey.co.uk/id/7000000000041425,England,http://data.ordnancesurvey.co.uk/id/country/england,,,
osgb5000005232448759,http://data.ordnancesurvey.co.uk/id/5000005232448759,Love Lane,,,,transportNetwork,Named Road,551112,305060,2000,20000,550944,304901,551185,305233,PE14,http://data.ordnancesurvey.co.uk/id/postcodedistrict/PE14,,,,King's Lynn and West Norfolk,http://data.ordnancesurvey.co.uk/id/7000000000007016,http://data.ordnancesurvey.co.uk/ontology/admingeo/District,Norfolk,http://data.ordnancesurvey.co.uk/id/7000000000007238,http://data.ordnancesurvey.co.uk/ontology/admingeo/County,Eastern,http://data.ordnancesurvey.co.uk/id/7000000000041425,England,http://data.ordnancesurvey.co.uk/id/country/england,,,
osgb4000000026935208,http://data.ordnancesurvey.co.uk/id/4000000026935208,Hockland Road,,,,transportNetwork,Named Road,542437,316651,3000,20000,542176,316549,542682,316708,PE13,http://data.ordnancesurvey.co.uk/id/postcodedistrict/PE13,Tydd St Giles,http://data.ordnancesurvey.co.uk/id/4000000074548770,http://www.ordnancesurvey.co.uk/xml/codelists/localtype.xml#village,Fenland,http://data.ordnancesurvey.co.uk/id/7000000000001357,http://data.ordnancesurvey.co.uk/ontology/admingeo/District,Cambridgeshire,http://data.ordnancesurvey.co.uk/id/7000000000001386,http://data.ordnancesurvey.co.uk/ontology/admingeo/County,Eastern,http://data.ordnancesurvey.co.uk/id/7000000000041425,England,http://data.ordnancesurvey.co.uk/id/country/england,,,
f85c19e8-726c-4e36-80d2-bbf128098a92,http://data.ordnancesurvey.co.uk/id/f85c19e8-726c-4e36-80d2-bbf128098a92,Well Creek Road,,,,transportNetwork,Section Of Named Road,551762,303574,5000,25000,551407,303572,552120,303650,PE14,http://data.ordnancesurvey.co.uk/id/postcodedistrict/PE14,Outwell,http://data.ordnancesurvey.co.uk/id/4000000074548389,http://www.ordnancesurvey.co.uk/xml/codelists/localtype.xml#village,King's Lynn and West Norfolk,http://data.ordnancesurvey.co.uk/id/7000000000007016,http://data.ordnancesurvey.co.uk/ontology/admingeo/District,Norfolk,http://data.ordnancesurvey.co.uk/id/7000000000007238,http://data.ordnancesurvey.co.uk/ontology/admingeo/County,Eastern,http://data.ordnancesurvey.co.uk/id/7000000000041425,England,http://data.ordnancesurvey.co.uk/id/country/england,osgb4000000026933450,,
osgb4000000026940248,http://data.ordnancesurvey.co.uk/id/4000000026940248,Waterman's Way,,,,transportNetwork,Named Road,558526,301598,1000,20000,558456,301574,558551,301660,PE38,http://data.ordnancesurvey.co.uk/id/postcodedistrict/PE38,Salters Lode,http://data.ordnancesurvey.co.uk/id/4000000074550570,http://www.ordnancesurvey.co.uk/xml/codelists/localtype.xml#village,King's Lynn and West Norfolk,http://data.ordnancesurvey.co.uk/id/7000000000007016,http://data.ordnancesurvey.co.uk/ontology/admingeo/District,Norfolk,http://data.ordnancesurvey.co.uk/id/7000000000007238,http://data.ordnancesurvey.co.uk/ontology/admingeo/County,Eastern,http://data.ordnancesurvey.co.uk/id/7000000000041425,England,http://data.ordnancesurvey.co.uk/id/country/england,,,
osgb4000000026933457,http://data.ordnancesurvey.co.uk/id/4000000026933457,White City Road,,,,transportNetwork,Named Road,556127,303109,5000,20000,555769,302814,556526,303534,PE38,http://data.ordnancesurvey.co.uk/id/postcodedistrict/PE38,,,,King's Lynn and West Norfolk,http://data.ordnancesurvey.co.uk/id/7000000000007016,http://data.ordnancesurvey.co.uk/ontology/admingeo/District,Norfolk,http://data.ordnancesurvey.co.uk/id/7000000000007238,http://data.ordnancesurvey.co.uk/ontology/admingeo/County,Eastern,http://data.ordnancesurvey.co.uk/id/7000000000041425,England,http://data.ordnancesurvey.co.uk/id/country/england,,,
osgb4000000026942828,http://data.ordnancesurvey.co.uk/id/4000000026942828,Spring Grove,,,,transportNetwork,Named Road,554651,319955,1000,20000,554642,319919,554666,319956,PE34,http://data.ordnancesurvey.co.uk/id/postcodedistrict/PE34,Terrington St Clement,http://data.ordnancesurvey.co.uk/id/4000000074548395,http://www.ordnancesurvey.co.uk/xml/codelists/localtype.xml#otherSettlement,King's Lynn and West Norfolk,http://data.ordnancesurvey.co.uk/id/7000000000007016,http://data.ordnancesurvey.co.uk/ontology/admingeo/District,Norfolk,http://data.ordnancesurvey.co.uk/id/7000000000007238,http://data.ordnancesurvey.co.uk/ontology/admingeo/County,Eastern,http://data.ordnancesurvey.co.uk/id/7000000000041425,England,http://data.ordnancesurvey.co.uk/id/country/england,,,
osgb4000000026931769,http://data.ordnancesurvey.co.uk/id/4000000026931769,Walton Road,,,,transportNetwork,Named Road,551517,310567,10000,20000,550806,309915,552388,311405,PE14,http://data.ordnancesurvey.co.uk/id/postcodedistrict/PE14,,,,King's Lynn and West Norfolk,http://data.ordnancesurvey.co.uk/id/7000000000007016,http://data.ordnancesurvey.co.uk/ontology/admingeo/District,Norfolk,http://data.ordnancesurvey.co.uk/id/7000000000007238,http://data.ordnancesurvey.co.uk/ontology/admingeo/County,Eastern,http://data.ordnancesurvey.co.uk/id/7000000000041425,England,http://data.ordnancesurvey.co.uk/id/country/england,,,
osgb4000000026940327,http://data.ordnancesurvey.co.uk/id/4000000026940327,Exchange Square,,,,transportNetwork,Named Road,545980,309729,1000,20000,545951,309675,546003,309763,PE13,http://data.ordnancesurvey.co.uk/id/postcodedistrict/PE13,Wisbech,http://data.ordnancesurvey.co.uk/id/4000000074551318,http://www.ordnancesurvey.co.uk/xml/codelists/localtype.xml#town,Fenland,http://data.ordnancesurvey.co.uk/id/7000000000001357,http://data.ordnancesurvey.co.uk/ontology/admingeo/District,Cambridgeshire,http://data.ordnancesurvey.co.uk/id/7000000000001386,http://data.ordnancesurvey.co.uk/ontology/admingeo/County,Eastern,http://data.ordnancesurvey.co.uk/id/7000000000041425,England,http://data.ordnancesurvey.co.uk/id/country/england,,,
osgb4000000026933514,http://data.ordnancesurvey.co.uk/id/4000000026933514,West Street,,,,transportNetwork,Named Road,546437,309270,2000,20000,546358,309106,546534,309456,PE13,http://data.ordnancesurvey.co.uk/id/postcodedistrict/PE13,Wisbech,http://data.ordnancesurvey.co.uk/id/4000000074551318,http://www.ordnancesurvey.co.uk/xml/codelists/localtype.xml#town,Fenland,http://data.ordnancesurvey.co.uk/id/7000000000001357,http://data.ordnancesurvey.co.uk/ontology/admingeo/District,Cambridgeshire,http://data.ordnancesurvey.co.uk/id/7000000000001386,http://data.ordnancesurvey.co.uk/ontology/admingeo/County,Eastern,http://data.ordnancesurvey.co.uk/id/7000000000041425,England,http://data.ordnancesurvey.co.uk/id/country/england,,,
osgb4000000026942729,http://data.ordnancesurvey.co.uk/id/4000000026942729,Begdale Road,,,,transportNetwork,Named Road,546220,306685,8000,20000,545641,306310,546933,306869,PE14,http://data.ordnancesurvey.co.uk/id/postcodedistrict/PE14,,,,Fenland,http://data.ordnancesurvey.co.uk/id/7000000000001357,http://data.ordnancesurvey.co.uk/ontology/admingeo/District,Cambridgeshire,http://data.ordnancesurvey.co.uk/id/7000000000001386,http://data.ordnancesurvey.co.uk/ontology/admingeo/County,Eastern,http://data.ordnancesurvey.co.uk/id/7000000000041425,England,http://data.ordnancesurvey.co.uk/id/country/england,,,
osgb4000000026932304,http://data.ordnancesurvey.co.uk/id/4000000026932304,Mill Road,,,,transportNetwork,Named Road,547420,314962,17000,20000,546988,313298,548457,315852,PE14,http://data.ordnancesurvey.co.uk/id/postcodedistrict/PE14,Ingleborough,http://data.ordnancesurvey.co.uk/id/4000000074548406,http://www.ordnancesurvey.co.uk/xml/codelists/localtype.xml#hamlet,King's Lynn and West Norfolk,http://data.ordnancesurvey.co.uk/id/7000000000007016,http://data.ordnancesurvey.co.uk/ontology/admingeo/District,Norfolk,http://data.ordnancesurvey.co.uk/id/7000000000007238,http://data.ordnancesurvey.co.uk/ontology/admingeo/County,Eastern,http://data.ordnancesurvey.co.uk/id/7000000000041425,England,http://data.ordnancesurvey.co.uk/id/country/england,,,
osgb4000000026933524,http://data.ordnancesurvey.co.uk/id/4000000026933524,Gote Lane,,,,transportNetwork,Named Road,542068,312409,5000,20000,541720,311989,542365,312790,PE13,http://data.ordnancesurvey.co.uk/id/postcodedistrict/PE13,,,,Fenland,http://data.ordnancesurvey.co.uk/id/7000000000001357,http://data.ordnancesurvey.co.uk/ontology/admingeo/District,Cambridgeshire,http://data.ordnancesurvey.co.uk/id/7000000000001386,http://data.ordnancesurvey.co.uk/ontology/admingeo/County,Eastern,http://data.ordnancesurvey.co.uk/id/7000000000041425,England,http://data.ordnancesurvey.co.uk/id/country/england,,,
osgb4000000026942758,http://data.ordnancesurvey.co.uk/id/4000000026942758,Glebe Close,,,,transportNetwork,Named Road,541750,312111,1000,20000,541737,312082,541781,312123,PE13,http://data.ordnancesurvey.co.uk/id/postcodedistrict/PE13,Gorefield,http://data.ordnancesurvey.co.uk/id/4000000074551667,http://www.ordnancesurvey.co.uk/xml/codelists/localtype.xml#village,Fenland,http://data.ordnancesurvey.co.uk/id/7000000000001357,http://data.ordnancesurvey.co.uk/ontology/admingeo/District,Cambridgeshire,http://data.ordnancesurvey.co.uk/id/7000000000001386,http://data.ordnancesurvey.co.uk/ontology/admingeo/County,Eastern,http://data.ordnancesurvey.co.uk/id/7000000000041425,England,http://data.ordnancesurvey.co.uk/id/country/england,,,
osgb4000000026931705,http://data.ordnancesurvey.co.uk/id/4000000026931705,Graysmoor Drove,,,,transportNetwork,Named Road,541506,301909,18000,20000,541339,300522,541934,303250,PE15,http://data.ordnancesurvey.co.uk/id/postcodedistrict/PE15,,,,Fenland,http://data.ordnancesurvey.co.uk/id/7000000000001357,http://data.ordnancesurvey.co.uk/ontology/admingeo/District,Cambridgeshire,http://data.ordnancesurvey.co.uk/id/7000000000001386,http://data.ordnancesurvey.co.uk/ontology/admingeo/County,Eastern,http://data.ordnancesurvey.co.uk/id/7000000000041425,England,http://data.ordnancesurvey.co.uk/id/country/england,,,
osgb4000000026935100,http://data.ordnancesurvey.co.uk/id/4000000026935100,Crooked Bank,,,,transportNetwork,Named Road,544280,305866,12000,20000,543284,305651,545182,306333,PE14,http://data.ordnancesurvey.co.uk/id/postcodedistrict/PE14,,,,Fenland,http://data.ordnancesurvey.co.uk/id/7000000000001357,http://data.ordnancesurvey.co.uk/ontology/admingeo/District,Cambridgeshire,http://data.ordnancesurvey.co.uk/id/7000000000001386,http://data.ordnancesurvey.co.uk/ontology/admingeo/County,Eastern,http://data.ordnancesurvey.co.uk/id/7000000000041425,England,http://data.ordnancesurvey.co.uk/id/country/england,,,
b71c01c4-a395-47b1-9e72-7d542973f2c7,http://data.ordnancesurvey.co.uk/id/b71c01c4-a395-47b1-9e72-7d542973f2c7,Boleness Road,,,,transportNetwork,Section Of Named Road,546075,308096,4000,25000,545793,307828,546387,308370,PE13,http://data.ordnancesurvey.co.uk/id/postcodedistrict/PE13,Wisbech,http://data.ordnancesurvey.co.uk/id/4000000074551318,http://www.ordnancesurvey.co.uk/xml/codelists/localtype.xml#town,Fenland,http://data.ordnancesurvey.co.uk/id/7000000000001357,http://data.ordnancesurvey.co.uk/ontology/admingeo/District,Cambridgeshire,http://data.ordnancesurvey.co.uk/id/7000000000001386,http://data.ordnancesurvey.co.uk/ontology/admingeo/County,Eastern,http://data.ordnancesurvey.co.uk/id/7000000000041425,England,http://data.ordnancesurvey.co.uk/id/country/england,osgb4000000026933507,,
osgb4000000027031271,http://data.ordnancesurvey.co.uk/id/4000000027031271,St Andrews Close,,,,transportNetwork,Named Road,551153,304321,1000,20000,551132,304289,551172,304338,PE14,http://data.ordnancesurvey.co.uk/id/postcodedistrict/PE14,Outwell,http://data.ordnancesurvey.co.uk/id/4000000074548389,http://www.ordnancesurvey.co.uk/xml/codelists/localtype.xml#village,King's Lynn and West Norfolk,http://data.ordnancesurvey.co.uk/id/7000000000007016,http://data.ordnancesurvey.co.uk/ontology/admingeo/District,Norfolk,http://data.ordnancesurvey.co.uk/id/7000000000007238,http://data.ordnancesurvey.co.uk/ontology/admingeo/County,Eastern,http://data.ordnancesurvey.co.uk/id/7000000000041425,England,http://data.ordnancesurvey.co.uk/id/country/england,,,
osgb4000000026940322,http://data.ordnancesurvey.co.uk/id/4000000026940322,Weston Road,,,,transportNetwork,Named Road,546475,309005,1000,20000,546447,308983,546501,309020,PE13,http://data.ordnancesurvey.co.uk/id/postcodedistrict/PE13,Wisbech,http://data.ordnancesurvey.co.uk/id/4000000074551318,http://www.ordnancesurvey.co.uk/xml/codelists/localtype.xml#town,Fenland,http://data.ordnancesurvey.co.uk/id/7000000000001357,http://data.ordnancesurvey.co.uk/ontology/admingeo/District,Cambridgeshire,http://data.ordnancesurvey.co.uk/id/7000000000001386,http://data.ordnancesurvey.co.uk/ontology/admingeo/County,Eastern,http://data.ordnancesurvey.co.uk/id/7000000000041425,England,http://data.ordnancesurvey.co.uk/id/country/england,,,
osgb4000000026942770,http://data.ordnancesurvey.co.uk/id/4000000026942770,Oakroyd Crescent,,,,transportNetwork,Named Road,546358,310347,1000,20000,546304,310298,546365,310358,PE13,http://data.ordnancesurvey.co.uk/id/postcodedistrict/PE13,Wisbech,http://data.ordnancesurvey.co.uk/id/4000000074551318,http://www.ordnancesurvey.co.uk/xml/codelists/localtype.xml#town,Fenland,http://data.ordnancesurvey.co.uk/id/7000000000001357,http://data.ordnancesurvey.co.uk/ontology/admingeo/District,Cambridgeshire,http://data.ordnancesurvey.co.uk/id/7000000000001386,http://data.ordnancesurvey.co.uk/ontology/admingeo/County,Eastern,http://data.ordnancesurvey.co.uk/id/7000000000041425,England,http://data.ordnancesurvey.co.uk/id/country/england,,,
osgb4000000026931770,http://data.ordnancesurvey.co.uk/id/4000000026931770,Mill Bank,,,,transportNetwork,Named Road,551641,312283,9000,20000,550942,312206,552274,312581,PE14,http://data.ordnancesurvey.co.uk/id/postcodedistrict/PE14,,,,King's Lynn and West Norfolk,http://data.ordnancesurvey.co.uk/id/7000000000007016,http://data.ordnancesurvey.co.uk/ontology/admingeo/District,Norfolk,http://data.ordnancesurvey.co.uk/id/7000000000007238,http://data.ordnancesurvey.co.uk/ontology/admingeo/County,Eastern,http://data.ordnancesurvey.co.uk/id/7000000000041425,England,http://data.ordnancesurvey.co.uk/id/country/england,,,
osgb4000000026991774,http://data.ordnancesurvey.co.uk/id/4000000026991774,Holly Avenue,,,,transportNetwork,Named Road,546869,306632,1000,20000,546859,306619,546871,306674,PE14,http://data.ordnancesurvey.co.uk/id/postcodedistrict/PE14,Elm,http://data.ordnancesurvey.co.uk/id/4000000074341528,http://www.ordnancesurvey.co.uk/xml/codelists/localtype.xml#village,Fenland,http://data.ordnancesurvey.co.uk/id/7000000000001357,http://data.ordnancesurvey.co.uk/ontology/admingeo/District,Cambridgeshire,http://data.ordnancesurvey.co.uk/id/7000000000001386,http://data.ordnancesurvey.co.uk/ontology/admingeo/County,Eastern,http://data.ordnancesurvey.co.uk/id/7000000000041425,England,http://data.ordnancesurvey.co.uk/id/country/england,,,
a3e7c7f6-e523-47ec-8265-ac50b78c741a,http://data.ordnancesurvey.co.uk/id/a3e7c7f6-e523-47ec-8265-ac50b78c741a,School Road,,,,transportNetwork,Section Of Named Road,552563,309799,1000,25000,552388,309773,552601,309915,PE14,http://data.ordnancesurvey.co.uk/id/postcodedistrict/PE14,Marshland St James,http://data.ordnancesurvey.co.uk/id/4000000074548753,http://www.ordnancesurvey.co.uk/xml/codelists/localtype.xml#village,King's Lynn and West Norfolk,http://data.ordnancesurvey.co.uk/id/7000000000007016,http://data.ordnancesurvey.co.uk/ontology/admingeo/District,Norfolk,http://data.ordnancesurvey.co.uk/id/7000000000007238,http://data.ordnancesurvey.co.uk/ontology/admingeo/County,Eastern,http://data.ordnancesurvey.co.uk/id/7000000000041425,England,http://data.ordnancesurvey.co.uk/id/country/england,osgb4000000026931763,,
osgb5000005232276634,http://data.ordnancesurvey.co.uk/id/5000005232276634,Dunce's Lane,,,,transportNetwork,Named Road,550667,316680,3000,20000,550435,316659,550886,316766,PE14,http://data.ordnancesurvey.co.uk/id/postcodedistrict/PE14,Walpole St Peter,http://data.ordnancesurvey.co.uk/id/4000000074550943,http://www.ordnancesurvey.co.uk/xml/codelists/localtype.xml#village,King's Lynn and West Norfolk,http://data.ordnancesurvey.co.uk/id/7000000000007016,http://data.ordnancesurvey.co.uk/ontology/admingeo/District,Norfolk,http://data.ordnancesurvey.co.uk/id/7000000000007238,http://data.ordnancesurvey.co.uk/ontology/admingeo/County,Eastern,http://data.ordnancesurvey.co.uk/id/7000000000041425,England,http://data.ordnancesurvey.co.uk/id/country/england,,,
osgb4000000026940367,http://data.ordnancesurvey.co.uk/id/4000000026940367,River Terrace,,,,transportNetwork,Named Road,545500,311006,1000,20000,545432,310998,545545,311015,PE13,http://data.ordnancesurvey.co.uk/id/postcodedistrict/PE13,Wisbech,http://data.ordnancesurvey.co.uk/id/4000000074551318,http://www.ordnancesurvey.co.uk/xml/codelists/localtype.xml#town,Fenland,http://data.ordnancesurvey.co.uk/id/7000000000001357,http://data.ordnancesurvey.co.uk/ontology/admingeo/District,Cambridgeshire,http://data.ordnancesurvey.co.uk/id/7000000000001386,http://data.ordnancesurvey.co.uk/ontology/admingeo/County,Eastern,http://data.ordnancesurvey.co.uk/id/7000000000041425,England,http://data.ordnancesurvey.co.uk/id/country/england,,,
osgb5000005233823319,http://data.ordnancesurvey.co.uk/id/5000005233823319,Salts Lane,,,,transportNetwork,Named Road,549084,315105,15000,20000,548885,313744,549711,316085,PE14,http://data.ordnancesurvey.co.uk/id/postcodedistrict/PE14,,,,King's Lynn and West Norfolk,http://data.ordnancesurvey.co.uk/id/7000000000007016,http://data.ordnancesurvey.co.uk/ontology/admingeo/District,Norfolk,http://data.ordnancesurvey.co.uk/id/7000000000007238,http://data.ordnancesurvey.co.uk/ontology/admingeo/County,Eastern,http://data.ordnancesurvey.co.uk/id/7000000000041425,England,http://data.ordnancesurvey.co.uk/id/country/england,,,
osgb4000000026933686,http://data.ordnancesurvey.co.uk/id/4000000026933686,German's Lane,,,,transportNetwork,Named Road,553093,319433,5000,20000,552987,319063,553319,319826,PE34,http://data.ordnancesurvey.co.uk/id/postcodedistrict/PE34,,,,King's Lynn and West Norfolk,http://data.ordnancesurvey.co.uk/id/7000000000007016,http://data.ordnancesurvey.co.uk/ontology/admingeo/District,Norfolk,http://data.ordnancesurvey.co.uk/id/7000000000007238,http://data.ordnancesurvey.co.uk/ontology/admingeo/County,Eastern,http://data.ordnancesurvey.co.uk/id/7000000000041425,England,http://data.ordnancesurvey.co.uk/id/country/england,,,
osgb4000000026937613,http://data.ordnancesurvey.co.uk/id/4000000026937613,Mill Road,,,,transportNetwork,Named Road,553807,314158,1000,20000,553699,314075,553906,314174,PE14,http://data.ordnancesurvey.co.uk/id/postcodedistrict/PE14,Terrington St John,http://data.ordnancesurvey.co.uk/id/4000000074550941,http://www.ordnancesurvey.co.uk/xml/codelists/localtype.xml#village,King's Lynn and West Norfolk,http://data.ordnancesurvey.co.uk/id/7000000000007016,http://data.ordnancesurvey.co.uk/ontology/admingeo/District,Norfolk,http://data.ordnancesurvey.co.uk/id/7000000000007238,http://data.ordnancesurvey.co.uk/ontology/admingeo/County,Eastern,http://data.ordnancesurvey.co.uk/id/7000000000041425,England,http://data.ordnancesurvey.co.uk/id/country/england,,,
osgb4000000026933684,http://data.ordnancesurvey.co.uk/id/4000000026933684,Walnut Road,,,,transportNetwork,Named Road,550299,316486,6000,20000,549850,316381,550746,316611,PE14,http://data.ordnancesurvey.co.uk/id/postcodedistrict/PE14,Walpole St Peter,http://data.ordnancesurvey.co.uk/id/4000000074550943,http://www.ordnancesurvey.co.uk/xml/codelists/localtype.xml#village,King's Lynn and West Norfolk,http://data.ordnancesurvey.co.uk/id/7000000000007016,http://data.ordnancesurvey.co.uk/ontology/admingeo/District,Norfolk,http://data.ordnancesurvey.co.uk/id/7000000000007238,http://data.ordnancesurvey.co.uk/ontology/admingeo/County,Eastern,http://data.ordnancesurvey.co.uk/id/7000000000041425,England,http://data.ordnancesurvey.co.uk/id/country/england,,,
osgb5000005232276659,http://data.ordnancesurvey.co.uk/id/5000005232276659,Fenditch Lane,,,,transportNetwork,Named Road,553218,316746,11000,20000,552405,316675,554144,317087,PE34,http://data.ordnancesurvey.co.uk/id/postcodedistrict/PE34,,,,King's Lynn and West Norfolk,http://data.ordnancesurvey.co.uk/id/7000000000007016,http://data.ordnancesurvey.co.uk/ontology/admingeo/District,Norfolk,http://data.ordnancesurvey.co.uk/id/7000000000007238,http://data.ordnancesurvey.co.uk/ontology/admingeo/County,Eastern,http://data.ordnancesurvey.co.uk/id/7000000000041425,England,http://data.ordnancesurvey.co.uk/id/country/england,,,
osgb4000000026937615,http://data.ordnancesurvey.co.uk/id/4000000026937615,Aylmer Drive,,,,transportNetwork,Named Road,554594,313652,1000,20000,554515,313582,554663,313703,PE34,http://data.ordnancesurvey.co.uk/id/postcodedistrict/PE34,Tilney St Lawrence,http://data.ordnancesurvey.co.uk/id/4000000074550579,http://www.ordnancesurvey.co.uk/xml/codelists/localtype.xml#village,King's Lynn and West Norfolk,http://data.ordnancesurvey.co.uk/id/7000000000007016,http://data.ordnancesurvey.co.uk/ontology/admingeo/District,Norfolk,http://data.ordnancesurvey.co.uk/id/7000000000007238,http://data.ordnancesurvey.co.uk/ontology/admingeo/County,Eastern,http://data.ordnancesurvey.co.uk/id/7000000000041425,England,http://data.ordnancesurvey.co.uk/id/country/england,,,
osgb4000000026935223,http://data.ordnancesurvey.co.uk/id/4000000026935223,Bedford Row,,,,transportNetwork,Named Road,546316,317824,2000,20000,546154,317647,546462,317834,PE13,http://data.ordnancesurvey.co.uk/id/postcodedistrict/PE13,Foul Anchor,http://data.ordnancesurvey.co.uk/id/4000000074548408,http://www.ordnancesurvey.co.uk/xml/codelists/localtype.xml#village,Fenland,http://data.ordnancesurvey.co.uk/id/7000000000001357,http://data.ordnancesurvey.co.uk/ontology/admingeo/District,Cambridgeshire,http://data.ordnancesurvey.co.uk/id/7000000000001386,http://data.ordnancesurvey.co.uk/ontology/admingeo/County,Eastern,http://data.ordnancesurvey.co.uk/id/7000000000041425,England,http://data.ordnancesurvey.co.uk/id/country/england,,,
osgb5000005232448764,http://data.ordnancesurvey.co.uk/id/5000005232448764,Tagg's Lane,,,,transportNetwork,Named Road,550791,305201,2000,20000,550655,305149,550944,305220,PE14,http://data.ordnancesurvey.co.uk/id/postcodedistrict/PE14,,,,King's Lynn and West Norfolk,http://data.ordnancesurvey.co.uk/id/7000000000007016,http://data.ordnancesurvey.co.uk/ontology/admingeo/District,Norfolk,http://data.ordnancesurvey.co.uk/id/7000000000007238,http://data.ordnancesurvey.co.uk/ontology/admingeo/County,Eastern,http://data.ordnancesurvey.co.uk/id/7000000000041425,England,http://data.ordnancesurvey.co.uk/id/country/england,,,
osgb4000000026940355,http://data.ordnancesurvey.co.uk/id/4000000026940355,Middle Drove,,,,transportNetwork,Named Road,541493,313431,8000,20000,541370,312822,541635,314108,PE13,http://data.ordnancesurvey.co.uk/id/postcodedistrict/PE13,,,,Fenland,http://data.ordnancesurvey.co.uk/id/7000000000001357,http://data.ordnancesurvey.co.uk/ontology/admingeo/District,Cambridgeshire,http://data.ordnancesurvey.co.uk/id/7000000000001386,http://data.ordnancesurvey.co.uk/ontology/admingeo/County,Eastern,http://data.ordnancesurvey.co.uk/id/7000000000041425,England,http://data.ordnancesurvey.co.uk/id/country/england,,,
osgb4000000026932356,http://data.ordnancesurvey.co.uk/id/4000000026932356,Sutton Road,,,,transportNetwork,Named Road,540562,319650,5000,20000,540146,319197,540977,319862,PE12,http://data.ordnancesurvey.co.uk/id/postcodedistrict/PE12,,,,South Holland,http://data.ordnancesurvey.co.uk/id/7000000000005599,http://data.ordnancesurvey.co.uk/ontology/admingeo/District,Lincolnshire,http://data.ordnancesurvey.co.uk/id/7000000000005942,http://data.ordnancesurvey.co.uk/ontology/admingeo/County,East Midlands,http://data.ordnancesurvey.co.uk/id/7000000000041423,England,http://data.ordnancesurvey.co.uk/id/country/england,,,
ab6a7d19-556d-425b-b063-5da676382ea8,http://data.ordnancesurvey.co.uk/id/ab6a7d19-556d-425b-b063-5da676382ea8,Halfpenny Lane,,,,transportNetwork,Section Of Named Road,546584,308196,1000,25000,546532,308089,546588,308296,PE13,http://data.ordnancesurvey.co.uk/id/postcodedistrict/PE13,Wisbech,http://data.ordnancesurvey.co.uk/id/4000000074551318,http://www.ordnancesurvey.co.uk/xml/codelists/localtype.xml#town,Fenland,http://data.ordnancesurvey.co.uk/id/7000000000001357,http://data.ordnancesurvey.co.uk/ontology/admingeo/District,Cambridgeshire,http://data.ordnancesurvey.co.uk/id/7000000000001386,http://data.ordnancesurvey.co.uk/ontology/admingeo/County,Eastern,http://data.ordnancesurvey.co.uk/id/7000000000041425,England,http://data.ordnancesurvey.co.uk/id/country/england,osgb4000000026935117,,
f7aed9c6-44f1-4490-a0a0-0993e2d87d0a,http://data.ordnancesurvey.co.uk/id/f7aed9c6-44f1-4490-a0a0-0993e2d87d0a,Fridaybridge Road,,,,transportNetwork,Section Of Named Road,546878,305906,8000,25000,546741,305289,547008,306497,PE14,http://data.ordnancesurvey.co.uk/id/postcodedistrict/PE14,Elm,http://data.ordnancesurvey.co.uk/id/4000000074341528,http://www.ordnancesurvey.co.uk/xml/codelists/localtype.xml#village,Fenland,http://data.ordnancesurvey.co.uk/id/7000000000001357,http://data.ordnancesurvey.co.uk/ontology/admingeo/District,Cambridgeshire,http://data.ordnancesurvey.co.uk/id/7000000000001386,http://data.ordnancesurvey.co.uk/ontology/admingeo/County,Eastern,http://data.ordnancesurvey.co.uk/id/7000000000041425,England,http://data.ordnancesurvey.co.uk/id/country/england,osgb4000000026932272,,
osgb4000000026935124,http://data.ordnancesurvey.co.uk/id/4000000026935124,Elm Road,,,,transportNetwork,Named Road,546693,308867,4000,20000,546528,308522,546770,309176,PE13,http://data.ordnancesurvey.co.uk/id/postcodedistrict/PE13,Wisbech,http://data.ordnancesurvey.co.uk/id/4000000074551318,http://www.ordnancesurvey.co.uk/xml/codelists/localtype.xml#town,Fenland,http://data.ordnancesurvey.co.uk/id/7000000000001357,http://data.ordnancesurvey.co.uk/ontology/admingeo/District,Cambridgeshire,http://data.ordnancesurvey.co.uk/id/7000000000001386,http://data.ordnancesurvey.co.uk/ontology/admingeo/County,Eastern,http://data.ordnancesurvey.co.uk/id/7000000000041425,England,http://data.ordnancesurvey.co.uk/id/country/england,,,
osgb4000000026933596,http://data.ordnancesurvey.co.uk/id/4000000026933596,Cross Gate,,,,transportNetwork,Named Road,543326,319259,7000,20000,543241,318739,543499,319757,PE13,http://data.ordnancesurvey.co.uk/id/postcodedistrict/PE13,Tydd St Mary,http://data.ordnancesurvey.co.uk/id/4000000074548410,http://www.ordnancesurvey.co.uk/xml/codelists/localtype.xml#village,South Holland,http://data.ordnancesurvey.co.uk/id/7000000000005599,http://data.ordnancesurvey.co.uk/ontology/admingeo/District,Lincolnshire,http://data.ordnancesurvey.co.uk/id/7000000000005942,http://data.ordnancesurvey.co.uk/ontology/admingeo/County,East Midlands,http://data.ordnancesurvey.co.uk/id/7000000000041423,England,http://data.ordnancesurvey.co.uk/id/country/england,,,
osgb4000000026937609,http://data.ordnancesurvey.co.uk/id/4000000026937609,Hagbech Hall Close,,,,transportNetwork,Named Road,549536,307427,1000,20000,549438,307394,549591,307467,PE14,http://data.ordnancesurvey.co.uk/id/postcodedistrict/PE14,Emneth,http://data.ordnancesurvey.co.uk/id/4000000074550948,http://www.ordnancesurvey.co.uk/xml/codelists/localtype.xml#village,King's Lynn and West Norfolk,http://data.ordnancesurvey.co.uk/id/7000000000007016,http://data.ordnancesurvey.co.uk/ontology/admingeo/District,Norfolk,http://data.ordnancesurvey.co.uk/id/7000000000007238,http://data.ordnancesurvey.co.uk/ontology/admingeo/County,Eastern,http://data.ordnancesurvey.co.uk/id/7000000000041425,England,http://data.ordnancesurvey.co.uk/id/country/england,,,
162a8622-ca7c-42ec-9959-ec0b8fb3df8f,http://data.ordnancesurvey.co.uk/id/162a8622-ca7c-42ec-9959-ec0b8fb3df8f,Lady Drove,,,,transportNetwork,Section Of Named Road,557625,303679,3000,25000,557403,303495,557927,303873,PE38,http://data.ordnancesurvey.co.uk/id/postcodedistrict/PE38,Barroway Drove,http://data.ordnancesurvey.co.uk/id/4000000074327856,http://www.ordnancesurvey.co.uk/xml/codelists/localtype.xml#village,King's Lynn and West Norfolk,http://data.ordnancesurvey.co.uk/id/7000000000007016,http://data.ordnancesurvey.co.uk/ontology/admingeo/District,Norfolk,http://data.ordnancesurvey.co.uk/id/7000000000007238,http://data.ordnancesurvey.co.uk/ontology/admingeo/County,Eastern,http://data.ordnancesurvey.co.uk/id/7000000000041425,England,http://data.ordnancesurvey.co.uk/id/country/england,osgb4000000026932232,,
2e1850e0-6ebd-452e-94db-951dc10fc9c6,http://data.ordnancesurvey.co.uk/id/2e1850e0-6ebd-452e-94db-951dc10fc9c6,The Wroe,,,,transportNetwork,Section Of Named Road,548406,306413,1000,25000,548380,306395,548434,306417,PE14,http://data.ordnancesurvey.co.uk/id/postcodedistrict/PE14,Elm,http://data.ordnancesurvey.co.uk/id/4000000074341528,http://www.ordnancesurvey.co.uk/xml/codelists/localtype.xml#village,King's Lynn and West Norfolk,http://data.ordnancesurvey.co.uk/id/7000000000007016,http://data.ordnancesurvey.co.uk/ontology/admingeo/District,Norfolk,http://data.ordnancesurvey.co.uk/id/7000000000007238,http://data.ordnancesurvey.co.uk/ontology/admingeo/County,Eastern,http://data.ordnancesurvey.co.uk/id/7000000000041425,England,http://data.ordnancesurvey.co.uk/id/country/england,osgb4000000027030220,,
osgb4000000026932285,http://data.ordnancesurvey.co.uk/id/4000000026932285,Cattle Dike,,,,transportNetwork,Named Road,541453,311180,11000,20000,541285,310275,541724,311988,PE13,http://data.ordnancesurvey.co.uk/id/postcodedistrict/PE13,,,,Fenland,http://data.ordnancesurvey.co.uk/id/7000000000001357,http://data.ordnancesurvey.co.uk/ontology/admingeo/District,Cambridgeshire,http://data.ordnancesurvey.co.uk/id/7000000000001386,http://data.ordnancesurvey.co.uk/ontology/admingeo/County,Eastern,http://data.ordnancesurvey.co.uk/id/7000000000041425,England,http://data.ordnancesurvey.co.uk/id/country/england,,,
b1222eb5-2133-4220-b82e-e89b6e15578e,http://data.ordnancesurvey.co.uk/id/b1222eb5-2133-4220-b82e-e89b6e15578e,Black Bear Lane,,,,transportNetwork,Section Of Named Road,547826,310794,5000,25000,547381,310747,548204,310827,PE13,http://data.ordnancesurvey.co.uk/id/postcodedistrict/PE13,Wisbech,http://data.ordnancesurvey.co.uk/id/4000000074551318,http://www.ordnancesurvey.co.uk/xml/codelists/localtype.xml#town,King's Lynn and West Norfolk,http://data.ordnancesurvey.co.uk/id/7000000000007016,http://data.ordnancesurvey.co.uk/ontology/admingeo/District,Norfolk,http://data.ordnancesurvey.co.uk/id/7000000000007238,http://data.ordnancesurvey.co.uk/ontology/admingeo/County,Eastern,http://data.ordnancesurvey.co.uk/id/7000000000041425,England,http://data.ordnancesurvey.co.uk/id/country/england,osgb4000000026932402,,
osgb4000000026931792,http://data.ordnancesurvey.co.uk/id/4000000026931792,Eau Brink Road,,,,transportNetwork,Named Road,558794,315983,19000,20000,558197,314253,559289,317239,PE34,http://data.ordnancesurvey.co.uk/id/postcodedistrict/PE34,,,,King's Lynn and West Norfolk,http://data.ordnancesurvey.co.uk/id/7000000000007016,http://data.ordnancesurvey.co.uk/ontology/admingeo/District,Norfolk,http://data.ordnancesurvey.co.uk/id/7000000000007238,http://data.ordnancesurvey.co.uk/ontology/admingeo/County,Eastern,http://data.ordnancesurvey.co.uk/id/7000000000041425,England,http://data.ordnancesurvey.co.uk/id/country/england,,,
osgb4000000026931731,http://data.ordnancesurvey.co.uk/id/4000000026931731,Roman Bank,,,,transportNetwork,Named Road,544224,312629,15000,20000,544044,311534,544576,313801,PE13,http://data.ordnancesurvey.co.uk/id/postcodedistrict/PE13,,,,Fenland,http://data.ordnancesurvey.co.uk/id/7000000000001357,http://data.ordnancesurvey.co.uk/ontology/admingeo/District,Cambridgeshire,http://data.ordnancesurvey.co.uk/id/7000000000001386,http://data.ordnancesurvey.co.uk/ontology/admingeo/County,Eastern,http://data.ordnancesurvey.co.uk/id/7000000000041425,England,http://data.ordnancesurvey.co.uk/id/country/england,,,
osgb4000000026978725,http://data.ordnancesurvey.co.uk/id/4000000026978725,The Still,,,,transportNetwork,Named Road,544316,310036,10000,20000,544221,309261,544597,310733,PE13,http://data.ordnancesurvey.co.uk/id/postcodedistrict/PE13,,,,Fenland,http://data.ordnancesurvey.co.uk/id/7000000000001357,http://data.ordnancesurvey.co.uk/ontology/admingeo/District,Cambridgeshire,http://data.ordnancesurvey.co.uk/id/7000000000001386,http://data.ordnancesurvey.co.uk/ontology/admingeo/County,Eastern,http://data.ordnancesurvey.co.uk/id/7000000000041425,England,http://data.ordnancesurvey.co.uk/id/country/england,,,
a231afaf-43ad-4af8-a856-5f6562e2c951,http://data.ordnancesurvey.co.uk/id/a231afaf-43ad-4af8-a856-5f6562e2c951,Langhorn's Lane,,,,transportNetwork,Section Of Named Road,552350,304213,5000,25000,552012,303646,552784,304317,PE14,http://data.ordnancesurvey.co.uk/id/postcodedistrict/PE14,Outwell,http://data.ordnancesurvey.co.uk/id/4000000074548389,http://www.ordnancesurvey.co.uk/xml/codelists/localtype.xml#village,King's Lynn and West Norfolk,http://data.ordnancesurvey.co.uk/id/7000000000007016,http://data.ordnancesurvey.co.uk/ontology/admingeo/District,Norfolk,http://data.ordnancesurvey.co.uk/id/7000000000007238,http://data.ordnancesurvey.co.uk/ontology/admingeo/County,Eastern,http://data.ordnancesurvey.co.uk/id/7000000000041425,England,http://data.ordnancesurvey.co.uk/id/country/england,osgb4000000026933452,,
osgb4000000026935054,http://data.ordnancesurvey.co.uk/id/4000000026935054,Rectory Road,,,,transportNetwork,Named Road,551137,303410,3000,20000,550960,303219,551266,303666,PE14,http://data.ordnancesurvey.co.uk/id/postcodedistrict/PE14,Outwell,http://data.ordnancesurvey.co.uk/id/4000000074548389,http://www.ordnancesurvey.co.uk/xml/codelists/localtype.xml#village,King's Lynn and West Norfolk,http://data.ordnancesurvey.co.uk/id/7000000000007016,http://data.ordnancesurvey.co.uk/ontology/admingeo/District,Norfolk,http://data.ordnancesurvey.co.uk/id/7000000000007238,http://data.ordnancesurvey.co.uk/ontology/admingeo/County,Eastern,http://data.ordnancesurvey.co.uk/id/7000000000041425,England,http://data.ordnancesurvey.co.uk/id/country/england,,,
osgb4000000026937419,http://data.ordnancesurvey.co.uk/id/4000000026937419,Limes Avenue,,,,transportNetwork,Named Road,546609,306930,1000,20000,546608,306865,546612,307008,PE14,http://data.ordnancesurvey.co.uk/id/postcodedistrict/PE14,Elm,http://data.ordnancesurvey.co.uk/id/4000000074341528,http://www.ordnancesurvey.co.uk/xml/codelists/localtype.xml#village,Fenland,http://data.ordnancesurvey.co.uk/id/7000000000001357,http://data.ordnancesurvey.co.uk/ontology/admingeo/District,Cambridgeshire,http://data.ordnancesurvey.co.uk/id/7000000000001386,http://data.ordnancesurvey.co.uk/ontology/admingeo/County,Eastern,http://data.ordnancesurvey.co.uk/id/7000000000041425,England,http://data.ordnancesurvey.co.uk/id/country/england,,,
osgb5000005232423661,http://data.ordnancesurvey.co.uk/id/5000005232423661,Greenstock Lane,,,,transportNetwork,Named Road,543200,315126,2000,20000,543178,314968,543223,315280,PE13,http://data.ordnancesurvey.co.uk/id/postcodedistrict/PE13,,,,Fenland,http://data.ordnancesurvey.co.uk/id/7000000000001357,http://data.ordnancesurvey.co.uk/ontology/admingeo/District,Cambridgeshire,http://data.ordnancesurvey.co.uk/id/7000000000001386,http://data.ordnancesurvey.co.uk/ontology/admingeo/County,Eastern,http://data.ordnancesurvey.co.uk/id/7000000000041425,England,http://data.ordnancesurvey.co.uk/id/country/england,,,
osgb4000000026931753,http://data.ordnancesurvey.co.uk/id/4000000026931753,Low Gate,,,,transportNetwork,Named Road,543402,317798,11000,20000,542892,317092,543691,318716,PE13,http://data.ordnancesurvey.co.uk/id/postcodedistrict/PE13,Tydd St Mary,http://data.ordnancesurvey.co.uk/id/4000000074548410,http://www.ordnancesurvey.co.uk/xml/codelists/localtype.xml#village,South Holland,http://data.ordnancesurvey.co.uk/id/7000000000005599,http://data.ordnancesurvey.co.uk/ontology/admingeo/District,Lincolnshire,http://data.ordnancesurvey.co.uk/id/7000000000005942,http://data.ordnancesurvey.co.uk/ontology/admingeo/County,East Midlands,http://data.ordnancesurvey.co.uk/id/7000000000041423,England,http://data.ordnancesurvey.co.uk/id/country/england,,,
osgb4000000026933579,http://data.ordnancesurvey.co.uk/id/4000000026933579,High Broadgate,,,,transportNetwork,Named Road,542127,316431,5000,20000,542072,316002,542176,316708,PE13,http://data.ordnancesurvey.co.uk/id/postcodedistrict/PE13,Tydd St Giles,http://data.ordnancesurvey.co.uk/id/4000000074548770,http://www.ordnancesurvey.co.uk/xml/codelists/localtype.xml#village,Fenland,http://data.ordnancesurvey.co.uk/id/7000000000001357,http://data.ordnancesurvey.co.uk/ontology/admingeo/District,Cambridgeshire,http://data.ordnancesurvey.co.uk/id/7000000000001386,http://data.ordnancesurvey.co.uk/ontology/admingeo/County,Eastern,http://data.ordnancesurvey.co.uk/id/7000000000041425,England,http://data.ordnancesurvey.co.uk/id/country/england,,,
osgb5000005211664419,http://data.ordnancesurvey.co.uk/id/5000005211664419,Lucky Lane,,,,transportNetwork,Named Road,549818,316766,1000,20000,549800,316756,549823,316781,PE14,http://data.ordnancesurvey.co.uk/id/postcodedistrict/PE14,Walpole St Peter,http://data.ordnancesurvey.co.uk/id/4000000074550943,http://www.ordnancesurvey.co.uk/xml/codelists/localtype.xml#village,King's Lynn and West Norfolk,http://data.ordnancesurvey.co.uk/id/7000000000007016,http://data.ordnancesurvey.co.uk/ontology/admingeo/District,Norfolk,http://data.ordnancesurvey.co.uk/id/7000000000007238,http://data.ordnancesurvey.co.uk/ontology/admingeo/County,Eastern,http://data.ordnancesurvey.co.uk/id/7000000000041425,England,http://data.ordnancesurvey.co.uk/id/country/england,,,
osgb4000000027007211,http://data.ordnancesurvey.co.uk/id/4000000027007211,Thorpe Close,,,,transportNetwork,Named Road,543918,318496,1000,20000,543903,318482,543946,318501,PE13,http://data.ordnancesurvey.co.uk/id/postcodedistrict/PE13,Tydd St Mary,http://data.ordnancesurvey.co.uk/id/4000000074548410,http://www.ordnancesurvey.co.uk/xml/codelists/localtype.xml#village,South Holland,http://data.ordnancesurvey.co.uk/id/7000000000005599,http://data.ordnancesurvey.co.uk/ontology/admingeo/District,Lincolnshire,http://data.ordnancesurvey.co.uk/id/7000000000005942,http://data.ordnancesurvey.co.uk/ontology/admingeo/County,East Midlands,http://data.ordnancesurvey.co.uk/id/7000000000041423,England,http://data.ordnancesurvey.co.uk/id/country/england,,,
01d576eb-1d03-4ff6-aa5e-468996eed437,http://data.ordnancesurvey.co.uk/id/01d576eb-1d03-4ff6-aa5e-468996eed437,Bridle Close,,,,transportNetwork,Section Of Named Road,550971,303383,1000,25000,550950,303345,550989,303408,PE14,http://data.ordnancesurvey.co.uk/id/postcodedistrict/PE14,Outwell,http://data.ordnancesurvey.co.uk/id/4000000074548389,http://www.ordnancesurvey.co.uk/xml/codelists/localtype.xml#village,King's Lynn and West Norfolk,http://data.ordnancesurvey.co.uk/id/7000000000007016,http://data.ordnancesurvey.co.uk/ontology/admingeo/District,Norfolk,http://data.ordnancesurvey.co.uk/id/7000000000007238,http://data.ordnancesurvey.co.uk/ontology/admingeo/County,Eastern,http://data.ordnancesurvey.co.uk/id/7000000000041425,England,http://data.ordnancesurvey.co.uk/id/country/england,osgb4000000027007484,,
osgb4000000026948335,http://data.ordnancesurvey.co.uk/id/4000000026948335,Squires Drove,,,,transportNetwork,Named Road,553224,300300,4000,20000,552866,300201,553542,300425,PE38,http://data.ordnancesurvey.co.uk/id/postcodedistrict/PE38,,,,King's Lynn and West Norfolk,http://data.ordnancesurvey.co.uk/id/7000000000007016,http://data.ordnancesurvey.co.uk/ontology/admingeo/District,Norfolk,http://data.ordnancesurvey.co.uk/id/7000000000007238,http://data.ordnancesurvey.co.uk/ontology/admingeo/County,Eastern,http://data.ordnancesurvey.co.uk/id/7000000000041425,England,http://data.ordnancesurvey.co.uk/id/country/england,,,
osgb4000000026935152,http://data.ordnancesurvey.co.uk/id/4000000026935152,Perry Road,,,,transportNetwork,Named Road,544415,311622,2000,20000,544304,311507,544555,311748,PE13,http://data.ordnancesurvey.co.uk/id/postcodedistrict/PE13,Leverington,http://data.ordnancesurvey.co.uk/id/4000000074551313,http://www.ordnancesurvey.co.uk/xml/codelists/localtype.xml#village,Fenland,http://data.ordnancesurvey.co.uk/id/7000000000001357,http://data.ordnancesurvey.co.uk/ontology/admingeo/District,Cambridgeshire,http://data.ordnancesurvey.co.uk/id/7000000000001386,http://data.ordnancesurvey.co.uk/ontology/admingeo/County,Eastern,http://data.ordnancesurvey.co.uk/id/7000000000041425,England,http://data.ordnancesurvey.co.uk/id/country/england,,,
osgb4000000026940518,http://data.ordnancesurvey.co.uk/id/4000000026940518,Raceys Close,,,,transportNetwork,Named Road,549369,307234,1000,20000,549332,307190,549418,307297,PE14,http://data.ordnancesurvey.co.uk/id/postcodedistrict/PE14,Emneth,http://data.ordnancesurvey.co.uk/id/4000000074550948,http://www.ordnancesurvey.co.uk/xml/codelists/localtype.xml#village,King's Lynn and West Norfolk,http://data.ordnancesurvey.co.uk/id/7000000000007016,http://data.ordnancesurvey.co.uk/ontology/admingeo/District,Norfolk,http://data.ordnancesurvey.co.uk/id/7000000000007238,http://data.ordnancesurvey.co.uk/ontology/admingeo/County,Eastern,http://data.ordnancesurvey.co.uk/id/7000000000041425,England,http://data.ordnancesurvey.co.uk/id/country/england,,,
osgb4000000026931768,http://data.ordnancesurvey.co.uk/id/4000000026931768,School Road,,,,transportNetwork,Named Road,548157,313147,13000,20000,547121,313021,549167,313307,PE14,http://data.ordnancesurvey.co.uk/id/postcodedistrict/PE14,West Walton,http://data.ordnancesurvey.co.uk/id/4000000074552041,http://www.ordnancesurvey.co.uk/xml/codelists/localtype.xml#village,King's Lynn and West Norfolk,http://data.ordnancesurvey.co.uk/id/7000000000007016,http://data.ordnancesurvey.co.uk/ontology/admingeo/District,Norfolk,http://data.ordnancesurvey.co.uk/id/7000000000007238,http://data.ordnancesurvey.co.uk/ontology/admingeo/County,Eastern,http://data.ordnancesurvey.co.uk/id/7000000000041425,England,http://data.ordnancesurvey.co.uk/id/country/england,,,
osgb4000000026932451,http://data.ordnancesurvey.co.uk/id/4000000026932451,Moat Road,,,,transportNetwork,Named Road,554895,318555,5000,20000,554673,318179,555033,319016,PE34,http://data.ordnancesurvey.co.uk/id/postcodedistrict/PE34,,,,King's Lynn and West Norfolk,http://data.ordnancesurvey.co.uk/id/7000000000007016,http://data.ordnancesurvey.co.uk/ontology/admingeo/District,Norfolk,http://data.ordnancesurvey.co.uk/id/7000000000007238,http://data.ordnancesurvey.co.uk/ontology/admingeo/County,Eastern,http://data.ordnancesurvey.co.uk/id/7000000000041425,England,http://data.ordnancesurvey.co.uk/id/country/england,,,
osgb4000000026932442,http://data.ordnancesurvey.co.uk/id/4000000026932442,Market Lane,,,,transportNetwork,Named Road,552141,318559,20000,22000,550438,317675,553852,319443,PE14,http://data.ordnancesurvey.co.uk/id/postcodedistrict/PE14,Walpole Cross Keys,http://data.ordnancesurvey.co.uk/id/4000000074548396,http://www.ordnancesurvey.co.uk/xml/codelists/localtype.xml#village,King's Lynn and West Norfolk,http://data.ordnancesurvey.co.uk/id/7000000000007016,http://data.ordnancesurvey.co.uk/ontology/admingeo/District,Norfolk,http://data.ordnancesurvey.co.uk/id/7000000000007238,http://data.ordnancesurvey.co.uk/ontology/admingeo/County,Eastern,http://data.ordnancesurvey.co.uk/id/7000000000041425,England,http://data.ordnancesurvey.co.uk/id/country/england,,,
9860617f-49e4-497c-8246-57e26294d9b5,http://data.ordnancesurvey.co.uk/id/9860617f-49e4-497c-8246-57e26294d9b5,Lady's Drove,,,,transportNetwork,Section Of Named Road,549619,307624,5000,25000,549463,307267,549697,307986,PE14,http://data.ordnancesurvey.co.uk/id/postcodedistrict/PE14,Emneth,http://data.ordnancesurvey.co.uk/id/4000000074550948,http://www.ordnancesurvey.co.uk/xml/codelists/localtype.xml#village,King's Lynn and West Norfolk,http://data.ordnancesurvey.co.uk/id/7000000000007016,http://data.ordnancesurvey.co.uk/ontology/admingeo/District,Norfolk,http://data.ordnancesurvey.co.uk/id/7000000000007238,http://data.ordnancesurvey.co.uk/ontology/admingeo/County,Eastern,http://data.ordnancesurvey.co.uk/id/7000000000041425,England,http://data.ordnancesurvey.co.uk/id/country/england,osgb4000000026933638,,
osgb4000000026935116,http://data.ordnancesurvey.co.uk/id/4000000026935116,Oldfield Lane,,,,transportNetwork,Named Road,545738,309000,2000,20000,545614,308862,545866,309141,PE13,http://data.ordnancesurvey.co.uk/id/postcodedistrict/PE13,Wisbech,http://data.ordnancesurvey.co.uk/id/4000000074551318,http://www.ordnancesurvey.co.uk/xml/codelists/localtype.xml#town,Fenland,http://data.ordnancesurvey.co.uk/id/7000000000001357,http://data.ordnancesurvey.co.uk/ontology/admingeo/District,Cambridgeshire,http://data.ordnancesurvey.co.uk/id/7000000000001386,http://data.ordnancesurvey.co.uk/ontology/admingeo/County,Eastern,http://data.ordnancesurvey.co.uk/id/7000000000041425,England,http://data.ordnancesurvey.co.uk/id/country/england,,,
a2961fe1-afde-4221-8e3d-ad9841367088,http://data.ordnancesurvey.co.uk/id/a2961fe1-afde-4221-8e3d-ad9841367088,Hall Dike,,,,transportNetwork,Section Of Named Road,550983,304795,1000,25000,550940,304741,550983,304795,PE14,http://data.ordnancesurvey.co.uk/id/postcodedistrict/PE14,Outwell,http://data.ordnancesurvey.co.uk/id/4000000074548389,http://www.ordnancesurvey.co.uk/xml/codelists/localtype.xml#village,King's Lynn and West Norfolk,http://data.ordnancesurvey.co.uk/id/7000000000007016,http://data.ordnancesurvey.co.uk/ontology/admingeo/District,Norfolk,http://data.ordnancesurvey.co.uk/id/7000000000007238,http://data.ordnancesurvey.co.uk/ontology/admingeo/County,Eastern,http://data.ordnancesurvey.co.uk/id/7000000000041425,England,http://data.ordnancesurvey.co.uk/id/country/england,osgb4000000026932397,,
05d0ce9a-cf95-4ab0-9b6a-aecda2526ad8,http://data.ordnancesurvey.co.uk/id/05d0ce9a-cf95-4ab0-9b6a-aecda2526ad8,Sandy Lane,,,,transportNetwork,Section Of Named Road,547951,309478,1000,25000,547913,309478,547951,309481,PE14,http://data.ordnancesurvey.co.uk/id/postcodedistrict/PE14,Paradise,http://data.ordnancesurvey.co.uk/id/4000000074541379,http://www.ordnancesurvey.co.uk/xml/codelists/localtype.xml#hamlet,King's Lynn and West Norfolk,http://data.ordnancesurvey.co.uk/id/7000000000007016,http://data.ordnancesurvey.co.uk/ontology/admingeo/District,Norfolk,http://data.ordnancesurvey.co.uk/id/7000000000007238,http://data.ordnancesurvey.co.uk/ontology/admingeo/County,Eastern,http://data.ordnancesurvey.co.uk/id/7000000000041425,England,http://data.ordnancesurvey.co.uk/id/country/england,osgb4000000026935141,,
6c607d46-2179-47b3-9da2-dbb81e3c5777,http://data.ordnancesurvey.co.uk/id/6c607d46-2179-47b3-9da2-dbb81e3c5777,Barroway Drove,,,,transportNetwork,Section Of Named Road,555357,301414,1000,25000,555262,301339,555418,301466,PE38,http://data.ordnancesurvey.co.uk/id/postcodedistrict/PE38,Nordelph,http://data.ordnancesurvey.co.uk/id/4000000074550935,http://www.ordnancesurvey.co.uk/xml/codelists/localtype.xml#village,King's Lynn and West Norfolk,http://data.ordnancesurvey.co.uk/id/7000000000007016,http://data.ordnancesurvey.co.uk/ontology/admingeo/District,Norfolk,http://data.ordnancesurvey.co.uk/id/7000000000007238,http://data.ordnancesurvey.co.uk/ontology/admingeo/County,Eastern,http://data.ordnancesurvey.co.uk/id/7000000000041425,England,http://data.ordnancesurvey.co.uk/id/country/england,osgb4000000026932230,,
osgb4000000026935096,http://data.ordnancesurvey.co.uk/id/4000000026935096,Churchfield Way,,,,transportNetwork,Named Road,541912,308204,2000,20000,541829,308021,542024,308307,PE13,http://data.ordnancesurvey.co.uk/id/postcodedistrict/PE13,Wisbech St Mary,http://data.ordnancesurvey.co.uk/id/4000000074551315,http://www.ordnancesurvey.co.uk/xml/codelists/localtype.xml#village,Fenland,http://data.ordnancesurvey.co.uk/id/7000000000001357,http://data.ordnancesurvey.co.uk/ontology/admingeo/District,Cambridgeshire,http://data.ordnancesurvey.co.uk/id/7000000000001386,http://data.ordnancesurvey.co.uk/ontology/admingeo/County,Eastern,http://data.ordnancesurvey.co.uk/id/7000000000041425,England,http://data.ordnancesurvey.co.uk/id/country/england,,,
osgb4000000026948576,http://data.ordnancesurvey.co.uk/id/4000000026948576,Hunter's Drove,,,,transportNetwork,Named Road,553356,311234,4000,20000,553077,311046,553698,311419,PE14,http://data.ordnancesurvey.co.uk/id/postcodedistrict/PE14,,,,King's Lynn and West Norfolk,http://data.ordnancesurvey.co.uk/id/7000000000007016,http://data.ordnancesurvey.co.uk/ontology/admingeo/District,Norfolk,http://data.ordnancesurvey.co.uk/id/7000000000007238,http://data.ordnancesurvey.co.uk/ontology/admingeo/County,Eastern,http://data.ordnancesurvey.co.uk/id/7000000000041425,England,http://data.ordnancesurvey.co.uk/id/country/england,,,
osgb4000000027022541,http://data.ordnancesurvey.co.uk/id/4000000027022541,Churchgate,,,,transportNetwork,Named Road,541909,308072,1000,20000,541891,308059,541915,308106,PE13,http://data.ordnancesurvey.co.uk/id/postcodedistrict/PE13,Wisbech St Mary,http://data.ordnancesurvey.co.uk/id/4000000074551315,http://www.ordnancesurvey.co.uk/xml/codelists/localtype.xml#village,Fenland,http://data.ordnancesurvey.co.uk/id/7000000000001357,http://data.ordnancesurvey.co.uk/ontology/admingeo/District,Cambridgeshire,http://data.ordnancesurvey.co.uk/id/7000000000001386,http://data.ordnancesurvey.co.uk/ontology/admingeo/County,Eastern,http://data.ordnancesurvey.co.uk/id/7000000000041425,England,http://data.ordnancesurvey.co.uk/id/country/england,,,
osgb4000000026937495,http://data.ordnancesurvey.co.uk/id/4000000026937495,Old Market,,,,transportNetwork,Named Road,546028,309721,1000,20000,546010,309630,546030,309803,PE13,http://data.ordnancesurvey.co.uk/id/postcodedistrict/PE13,Wisbech,http://data.ordnancesurvey.co.uk/id/4000000074551318,http://www.ordnancesurvey.co.uk/xml/codelists/localtype.xml#town,Fenland,http://data.ordnancesurvey.co.uk/id/7000000000001357,http://data.ordnancesurvey.co.uk/ontology/admingeo/District,Cambridgeshire,http://data.ordnancesurvey.co.uk/id/7000000000001386,http://data.ordnancesurvey.co.uk/ontology/admingeo/County,Eastern,http://data.ordnancesurvey.co.uk/id/7000000000041425,England,http://data.ordnancesurvey.co.uk/id/country/england,,,
osgb4000000026933639,http://data.ordnancesurvey.co.uk/id/4000000026933639,Walsoken Road,,,,transportNetwork,Named Road,550253,308250,6000,20000,549789,308026,550735,308461,PE14,http://data.ordnancesurvey.co.uk/id/postcodedistrict/PE14,,,,King's Lynn and West Norfolk,http://data.ordnancesurvey.co.uk/id/7000000000007016,http://data.ordnancesurvey.co.uk/ontology/admingeo/District,Norfolk,http://data.ordnancesurvey.co.uk/id/7000000000007238,http://data.ordnancesurvey.co.uk/ontology/admingeo/County,Eastern,http://data.ordnancesurvey.co.uk/id/7000000000041425,England,http://data.ordnancesurvey.co.uk/id/country/england,,,
271c8ade-fa67-4220-8275-e9da547dc78f,http://data.ordnancesurvey.co.uk/id/271c8ade-fa67-4220-8275-e9da547dc78f,Elm Road,,,,transportNetwork,Section Of Named Road,542071,300000,3000,25000,541996,299641,542119,300122,PE15,http://data.ordnancesurvey.co.uk/id/postcodedistrict/PE15,Chainbridge,http://data.ordnancesurvey.co.uk/id/4000000074550587,http://www.ordnancesurvey.co.uk/xml/codelists/localtype.xml#hamlet,Fenland,http://data.ordnancesurvey.co.uk/id/7000000000001357,http://data.ordnancesurvey.co.uk/ontology/admingeo/District,Cambridgeshire,http://data.ordnancesurvey.co.uk/id/7000000000001386,http://data.ordnancesurvey.co.uk/ontology/admingeo/County,Eastern,http://data.ordnancesurvey.co.uk/id/7000000000041425,England,http://data.ordnancesurvey.co.uk/id/country/england,osgb4000000026933438,,
fbf7c767-c53b-4405-b1b5-9726ca9d3fad,http://data.ordnancesurvey.co.uk/id/fbf7c767-c53b-4405-b1b5-9726ca9d3fad,Salts Road,,,,transportNetwork,Section Of Named Road,548159,313416,11000,25000,547343,313284,548959,313646,PE14,http://data.ordnancesurvey.co.uk/id/postcodedistrict/PE14,West Walton,http://data.ordnancesurvey.co.uk/id/4000000074552041,http://www.ordnancesurvey.co.uk/xml/codelists/localtype.xml#village,King's Lynn and West Norfolk,http://data.ordnancesurvey.co.uk/id/7000000000007016,http://data.ordnancesurvey.co.uk/ontology/admingeo/District,Norfolk,http://data.ordnancesurvey.co.uk/id/7000000000007238,http://data.ordnancesurvey.co.uk/ontology/admingeo/County,Eastern,http://data.ordnancesurvey.co.uk/id/7000000000041425,England,http://data.ordnancesurvey.co.uk/id/country/england,osgb4000000026932406,,
osgb4000000026940375,http://data.ordnancesurvey.co.uk/id/4000000026940375,Russell Street,,,,transportNetwork,Named Road,546147,310114,1000,20000,546107,310097,546193,310129,PE13,http://data.ordnancesurvey.co.uk/id/postcodedistrict/PE13,Wisbech,http://data.ordnancesurvey.co.uk/id/4000000074551318,http://www.ordnancesurvey.co.uk/xml/codelists/localtype.xml#town,Fenland,http://data.ordnancesurvey.co.uk/id/7000000000001357,http://data.ordnancesurvey.co.uk/ontology/admingeo/District,Cambridgeshire,http://data.ordnancesurvey.co.uk/id/7000000000001386,http://data.ordnancesurvey.co.uk/ontology/admingeo/County,Eastern,http://data.ordnancesurvey.co.uk/id/7000000000041425,England,http://data.ordnancesurvey.co.uk/id/country/england,,,
osgb4000000026931725,http://data.ordnancesurvey.co.uk/id/4000000026931725,Garden Lane,,,,transportNetwork,Named Road,541398,308930,13000,20000,540299,308338,542308,309741,PE13,http://data.ordnancesurvey.co.uk/id/postcodedistrict/PE13,,,,Fenland,http://data.ordnancesurvey.co.uk/id/7000000000001357,http://data.ordnancesurvey.co.uk/ontology/admingeo/District,Cambridgeshire,http://data.ordnancesurvey.co.uk/id/7000000000001386,http://data.ordnancesurvey.co.uk/ontology/admingeo/County,Eastern,http://data.ordnancesurvey.co.uk/id/7000000000041425,England,http://data.ordnancesurvey.co.uk/id/country/england,,,
osgb4000000026932289,http://data.ordnancesurvey.co.uk/id/4000000026932289,Fen Road,,,,transportNetwork,Named Road,542003,313665,11000,20000,541995,312844,542886,314525,PE13,http://data.ordnancesurvey.co.uk/id/postcodedistrict/PE13,,,,Fenland,http://data.ordnancesurvey.co.uk/id/7000000000001357,http://data.ordnancesurvey.co.uk/ontology/admingeo/District,Cambridgeshire,http://data.ordnancesurvey.co.uk/id/7000000000001386,http://data.ordnancesurvey.co.uk/ontology/admingeo/County,Eastern,http://data.ordnancesurvey.co.uk/id/7000000000041425,England,http://data.ordnancesurvey.co.uk/id/country/england,,,
fbe62665-4100-437d-a54e-9e9016e08a18,http://data.ordnancesurvey.co.uk/id/fbe62665-4100-437d-a54e-9e9016e08a18,Marwald Lane,,,,transportNetwork,Section Of Named Road,543432,317786,1000,25000,543402,317781,543446,317798,PE13,http://data.ordnancesurvey.co.uk/id/postcodedistrict/PE13,Tydd St Mary,http://data.ordnancesurvey.co.uk/id/4000000074548410,http://www.ordnancesurvey.co.uk/xml/codelists/localtype.xml#village,South Holland,http://data.ordnancesurvey.co.uk/id/7000000000005599,http://data.ordnancesurvey.co.uk/ontology/admingeo/District,Lincolnshire,http://data.ordnancesurvey.co.uk/id/7000000000005942,http://data.ordnancesurvey.co.uk/ontology/admingeo/County,East Midlands,http://data.ordnancesurvey.co.uk/id/7000000000041423,England,http://data.ordnancesurvey.co.uk/id/country/england,osgb4000000027022169,,
osgb4000000026935129,http://data.ordnancesurvey.co.uk/id/4000000026935129,Victoria Road,,,,transportNetwork,Named Road,546270,309070,2000,20000,546127,308950,546438,309176,PE13,http://data.ordnancesurvey.co.uk/id/postcodedistrict/PE13,Wisbech,http://data.ordnancesurvey.co.uk/id/4000000074551318,http://www.ordnancesurvey.co.uk/xml/codelists/localtype.xml#town,Fenland,http://data.ordnancesurvey.co.uk/id/7000000000001357,http://data.ordnancesurvey.co.uk/ontology/admingeo/District,Cambridgeshire,http://data.ordnancesurvey.co.uk/id/7000000000001386,http://data.ordnancesurvey.co.uk/ontology/admingeo/County,Eastern,http://data.ordnancesurvey.co.uk/id/7000000000041425,England,http://data.ordnancesurvey.co.uk/id/country/england,,,
osgb4000000026940395,http://data.ordnancesurvey.co.uk/id/4000000026940395,Sherwood Avenue,,,,transportNetwork,Named Road,546815,310909,1000,20000,546778,310839,546884,310934,PE13,http://data.ordnancesurvey.co.uk/id/postcodedistrict/PE13,Wisbech,http://data.ordnancesurvey.co.uk/id/4000000074551318,http://www.ordnancesurvey.co.uk/xml/codelists/localtype.xml#town,Fenland,http://data.ordnancesurvey.co.uk/id/7000000000001357,http://data.ordnancesurvey.co.uk/ontology/admingeo/District,Cambridgeshire,http://data.ordnancesurvey.co.uk/id/7000000000001386,http://data.ordnancesurvey.co.uk/ontology/admingeo/County,Eastern,http://data.ordnancesurvey.co.uk/id/7000000000041425,England,http://data.ordnancesurvey.co.uk/id/country/england,,,
osgb4000000026933644,http://data.ordnancesurvey.co.uk/id/4000000026933644,Cow Lake Drove,,,,transportNetwork,Named Road,549870,310437,5000,20000,549456,310175,550288,310681,PE14,http://data.ordnancesurvey.co.uk/id/postcodedistrict/PE14,,,,King's Lynn and West Norfolk,http://data.ordnancesurvey.co.uk/id/7000000000007016,http://data.ordnancesurvey.co.uk/ontology/admingeo/District,Norfolk,http://data.ordnancesurvey.co.uk/id/7000000000007238,http://data.ordnancesurvey.co.uk/ontology/admingeo/County,Eastern,http://data.ordnancesurvey.co.uk/id/7000000000041425,England,http://data.ordnancesurvey.co.uk/id/country/england,,,
osgb4000000026997155,http://data.ordnancesurvey.co.uk/id/4000000026997155,Church Grove,,,,transportNetwork,Named Road,547011,307026,1000,20000,546999,306999,547046,307026,PE14,http://data.ordnancesurvey.co.uk/id/postcodedistrict/PE14,Elm,http://data.ordnancesurvey.co.uk/id/4000000074341528,http://www.ordnancesurvey.co.uk/xml/codelists/localtype.xml#village,Fenland,http://data.ordnancesurvey.co.uk/id/7000000000001357,http://data.ordnancesurvey.co.uk/ontology/admingeo/District,Cambridgeshire,http://data.ordnancesurvey.co.uk/id/7000000000001386,http://data.ordnancesurvey.co.uk/ontology/admingeo/County,Eastern,http://data.ordnancesurvey.co.uk/id/7000000000041425,England,http://data.ordnancesurvey.co.uk/id/country/england,,,
67844624-776f-4495-b9d8-7c13967fde35,http://data.ordnancesurvey.co.uk/id/67844624-776f-4495-b9d8-7c13967fde35,Birchfield Road,,,,transportNetwork,Section Of Named Road,556272,300954,3000,25000,556075,300755,556499,300954,PE38,http://data.ordnancesurvey.co.uk/id/postcodedistrict/PE38,Nordelph,http://data.ordnancesurvey.co.uk/id/4000000074550935,http://www.ordnancesurvey.co.uk/xml/codelists/localtype.xml#village,King's Lynn and West Norfolk,http://data.ordnancesurvey.co.uk/id/7000000000007016,http://data.ordnancesurvey.co.uk/ontology/admingeo/District,Norfolk,http://data.ordnancesurvey.co.uk/id/7000000000007238,http://data.ordnancesurvey.co.uk/ontology/admingeo/County,Eastern,http://data.ordnancesurvey.co.uk/id/7000000000041425,England,http://data.ordnancesurvey.co.uk/id/country/england,osgb4000000026933454,,
osgb4000000026933594,http://data.ordnancesurvey.co.uk/id/4000000026933594,East Road,,,,transportNetwork,Named Road,545371,317838,4000,20000,545082,317834,545640,317912,PE13,http://data.ordnancesurvey.co.uk/id/postcodedistrict/PE13,Tydd Gote,http://data.ordnancesurvey.co.uk/id/4000000074548409,http://www.ordnancesurvey.co.uk/xml/codelists/localtype.xml#village,South Holland,http://data.ordnancesurvey.co.uk/id/7000000000005599,http://data.ordnancesurvey.co.uk/ontology/admingeo/District,Lincolnshire,http://data.ordnancesurvey.co.uk/id/7000000000005942,http://data.ordnancesurvey.co.uk/ontology/admingeo/County,East Midlands,http://data.ordnancesurvey.co.uk/id/7000000000041423,England,http://data.ordnancesurvey.co.uk/id/country/england,,,
osgb4000000026935119,http://data.ordnancesurvey.co.uk/id/4000000026935119,Elm High Road,,,,transportNetwork,Named Road,547025,307980,7000,20000,546808,307482,547340,308550,PE14,http://data.ordnancesurvey.co.uk/id/postcodedistrict/PE14,Wisbech,http://data.ordnancesurvey.co.uk/id/4000000074551318,http://www.ordnancesurvey.co.uk/xml/codelists/localtype.xml#town,King's Lynn and West Norfolk,http://data.ordnancesurvey.co.uk/id/7000000000007016,http://data.ordnancesurvey.co.uk/ontology/admingeo/District,Norfolk,http://data.ordnancesurvey.co.uk/id/7000000000007238,http://data.ordnancesurvey.co.uk/ontology/admingeo/County,Eastern,http://data.ordnancesurvey.co.uk/id/7000000000041425,England,http://data.ordnancesurvey.co.uk/id/country/england,,,
c1a939f0-a8d9-4e0e-9fce-8d26d25b4b2b,http://data.ordnancesurvey.co.uk/id/c1a939f0-a8d9-4e0e-9fce-8d26d25b4b2b,Squire's Drove,,,,transportNetwork,Section Of Named Road,550585,300029,1000,25000,550567,300029,550595,300030,PE14,http://data.ordnancesurvey.co.uk/id/postcodedistrict/PE14,Three Holes,http://data.ordnancesurvey.co.uk/id/4000000074550936,http://www.ordnancesurvey.co.uk/xml/codelists/localtype.xml#village,King's Lynn and West Norfolk,http://data.ordnancesurvey.co.uk/id/7000000000007016,http://data.ordnancesurvey.co.uk/ontology/admingeo/District,Norfolk,http://data.ordnancesurvey.co.uk/id/7000000000007238,http://data.ordnancesurvey.co.uk/ontology/admingeo/County,Eastern,http://data.ordnancesurvey.co.uk/id/7000000000041425,England,http://data.ordnancesurvey.co.uk/id/country/england,osgb4000000026931580,,
e7bdb1f6-992f-4e84-a8b2-81e854a9a888,http://data.ordnancesurvey.co.uk/id/e7bdb1f6-992f-4e84-a8b2-81e854a9a888,Market Lane,,,,transportNetwork,Section Of Named Road,553808,319363,1000,25000,553786,319288,553852,319443,PE34,http://data.ordnancesurvey.co.uk/id/postcodedistrict/PE34,Terrington St Clement,http://data.ordnancesurvey.co.uk/id/4000000074548395,http://www.ordnancesurvey.co.uk/xml/codelists/localtype.xml#otherSettlement,King's Lynn and West Norfolk,http://data.ordnancesurvey.co.uk/id/7000000000007016,http://data.ordnancesurvey.co.uk/ontology/admingeo/District,Norfolk,http://data.ordnancesurvey.co.uk/id/7000000000007238,http://data.ordnancesurvey.co.uk/ontology/admingeo/County,Eastern,http://data.ordnancesurvey.co.uk/id/7000000000041425,England,http://data.ordnancesurvey.co.uk/id/country/england,osgb4000000026932442,,
osgb4000000026933492,http://data.ordnancesurvey.co.uk/id/4000000026933492,Nettle Bank,,,,transportNetwork,Named Road,542294,305361,5000,20000,542169,304971,542428,305744,PE14,http://data.ordnancesurvey.co.uk/id/postcodedistrict/PE14,,,,Fenland,http://data.ordnancesurvey.co.uk/id/7000000000001357,http://data.ordnancesurvey.co.uk/ontology/admingeo/District,Cambridgeshire,http://data.ordnancesurvey.co.uk/id/7000000000001386,http://data.ordnancesurvey.co.uk/ontology/admingeo/County,Eastern,http://data.ordnancesurvey.co.uk/id/7000000000041425,England,http://data.ordnancesurvey.co.uk/id/country/england,,,
osgb5000005232449477,http://data.ordnancesurvey.co.uk/id/5000005232449477,Dark Lane,,,,transportNetwork,Named Road,548321,312500,8000,20000,547724,312447,548958,312541,PE14,http://data.ordnancesurvey.co.uk/id/postcodedistrict/PE14,,,,King's Lynn and West Norfolk,http://data.ordnancesurvey.co.uk/id/7000000000007016,http://data.ordnancesurvey.co.uk/ontology/admingeo/District,Norfolk,http://data.ordnancesurvey.co.uk/id/7000000000007238,http://data.ordnancesurvey.co.uk/ontology/admingeo/County,Eastern,http://data.ordnancesurvey.co.uk/id/7000000000041425,England,http://data.ordnancesurvey.co.uk/id/country/england,,,
osgb4000000026933719,http://data.ordnancesurvey.co.uk/id/4000000026933719,Smallholdings Road,,,,transportNetwork,Named Road,558960,319953,5000,20000,558896,319555,559086,320271,PE34,http://data.ordnancesurvey.co.uk/id/postcodedistrict/PE34,Clenchwarton,http://data.ordnancesurvey.co.uk/id/4000000074548398,http://www.ordnancesurvey.co.uk/xml/codelists/localtype.xml#village,King's Lynn and West Norfolk,http://data.ordnancesurvey.co.uk/id/7000000000007016,http://data.ordnancesurvey.co.uk/ontology/admingeo/District,Norfolk,http://data.ordnancesurvey.co.uk/id/7000000000007238,http://data.ordnancesurvey.co.uk/ontology/admingeo/County,Eastern,http://data.ordnancesurvey.co.uk/id/7000000000041425,England,http://data.ordnancesurvey.co.uk/id/country/england,,,
6006b9c5-6db7-4b31-b6a3-3ff9d730b389,http://data.ordnancesurvey.co.uk/id/6006b9c5-6db7-4b31-b6a3-3ff9d730b389,Gote Lane,,,,transportNetwork,Section Of Named Road,541844,312150,2000,25000,541720,311989,542006,312333,PE13,http://data.ordnancesurvey.co.uk/id/postcodedistrict/PE13,Gorefield,http://data.ordnancesurvey.co.uk/id/4000000074551667,http://www.ordnancesurvey.co.uk/xml/codelists/localtype.xml#village,Fenland,http://data.ordnancesurvey.co.uk/id/7000000000001357,http://data.ordnancesurvey.co.uk/ontology/admingeo/District,Cambridgeshire,http://data.ordnancesurvey.co.uk/id/7000000000001386,http://data.ordnancesurvey.co.uk/ontology/admingeo/County,Eastern,http://data.ordnancesurvey.co.uk/id/7000000000041425,England,http://data.ordnancesurvey.co.uk/id/country/england,osgb4000000026933524,,
osgb4000000026937525,http://data.ordnancesurvey.co.uk/id/4000000026937525,Kingsway,,,,transportNetwork,Named Road,547841,310717,1000,20000,547760,310675,547906,310785,PE13,http://data.ordnancesurvey.co.uk/id/postcodedistrict/PE13,Wisbech,http://data.ordnancesurvey.co.uk/id/4000000074551318,http://www.ordnancesurvey.co.uk/xml/codelists/localtype.xml#town,King's Lynn and West Norfolk,http://data.ordnancesurvey.co.uk/id/7000000000007016,http://data.ordnancesurvey.co.uk/ontology/admingeo/District,Norfolk,http://data.ordnancesurvey.co.uk/id/7000000000007238,http://data.ordnancesurvey.co.uk/ontology/admingeo/County,Eastern,http://data.ordnancesurvey.co.uk/id/7000000000041425,England,http://data.ordnancesurvey.co.uk/id/country/england,,,
osgb4000000026935224,http://data.ordnancesurvey.co.uk/id/4000000026935224,The Marsh,,,,transportNetwork,Named Road,548128,317699,3000,20000,547927,317469,548268,317941,PE14,http://data.ordnancesurvey.co.uk/id/postcodedistrict/PE14,Walpole Marsh,http://data.ordnancesurvey.co.uk/id/4000000074548407,http://www.ordnancesurvey.co.uk/xml/codelists/localtype.xml#village,King's Lynn and West Norfolk,http://data.ordnancesurvey.co.uk/id/7000000000007016,http://data.ordnancesurvey.co.uk/ontology/admingeo/District,Norfolk,http://data.ordnancesurvey.co.uk/id/7000000000007238,http://data.ordnancesurvey.co.uk/ontology/admingeo/County,Eastern,http://data.ordnancesurvey.co.uk/id/7000000000041425,England,http://data.ordnancesurvey.co.uk/id/country/england,,,
2fbbe78c-0189-4409-95c7-b633ca3226d5,http://data.ordnancesurvey.co.uk/id/2fbbe78c-0189-4409-95c7-b633ca3226d5,Hotch Lane,,,,transportNetwork,Section Of Named Road,553769,313087,1000,25000,553680,313075,553826,313091,PE14,http://data.ordnancesurvey.co.uk/id/postcodedistrict/PE14,Terrington St John,http://data.ordnancesurvey.co.uk/id/4000000074550941,http://www.ordnancesurvey.co.uk/xml/codelists/localtype.xml#village,King's Lynn and West Norfolk,http://data.ordnancesurvey.co.uk/id/7000000000007016,http://data.ordnancesurvey.co.uk/ontology/admingeo/District,Norfolk,http://data.ordnancesurvey.co.uk/id/7000000000007238,http://data.ordnancesurvey.co.uk/ontology/admingeo/County,Eastern,http://data.ordnancesurvey.co.uk/id/7000000000041425,England,http://data.ordnancesurvey.co.uk/id/country/england,osgb4000000026935263,,
osgb4000000026940547,http://data.ordnancesurvey.co.uk/id/4000000026940547,Orchard Road,,,,transportNetwork,Named Road,559335,314005,1000,20000,559254,313954,559399,314065,PE34,http://data.ordnancesurvey.co.uk/id/postcodedistrict/PE34,Wiggenhall St Germans,http://data.ordnancesurvey.co.uk/id/4000000074550213,http://www.ordnancesurvey.co.uk/xml/codelists/localtype.xml#village,King's Lynn and West Norfolk,http://data.ordnancesurvey.co.uk/id/7000000000007016,http://data.ordnancesurvey.co.uk/ontology/admingeo/District,Norfolk,http://data.ordnancesurvey.co.uk/id/7000000000007238,http://data.ordnancesurvey.co.uk/ontology/admingeo/County,Eastern,http://data.ordnancesurvey.co.uk/id/7000000000041425,England,http://data.ordnancesurvey.co.uk/id/country/england,,,
osgb4000000026935146,http://data.ordnancesurvey.co.uk/id/4000000026935146,Cambridge Drive,,,,transportNetwork,Named Road,545132,310315,1000,20000,545125,310226,545218,310425,PE13,http://data.ordnancesurvey.co.uk/id/postcodedistrict/PE13,Wisbech,http://data.ordnancesurvey.co.uk/id/4000000074551318,http://www.ordnancesurvey.co.uk/xml/codelists/localtype.xml#town,Fenland,http://data.ordnancesurvey.co.uk/id/7000000000001357,http://data.ordnancesurvey.co.uk/ontology/admingeo/District,Cambridgeshire,http://data.ordnancesurvey.co.uk/id/7000000000001386,http://data.ordnancesurvey.co.uk/ontology/admingeo/County,Eastern,http://data.ordnancesurvey.co.uk/id/7000000000041425,England,http://data.ordnancesurvey.co.uk/id/country/england,,,
osgb4000000026933643,http://data.ordnancesurvey.co.uk/id/4000000026933643,Fengate Road,,,,transportNetwork,Named Road,549037,310770,6000,20000,548579,310672,549469,310793,PE14,http://data.ordnancesurvey.co.uk/id/postcodedistrict/PE14,,,,King's Lynn and West Norfolk,http://data.ordnancesurvey.co.uk/id/7000000000007016,http://data.ordnancesurvey.co.uk/ontology/admingeo/District,Norfolk,http://data.ordnancesurvey.co.uk/id/7000000000007238,http://data.ordnancesurvey.co.uk/ontology/admingeo/County,Eastern,http://data.ordnancesurvey.co.uk/id/7000000000041425,England,http://data.ordnancesurvey.co.uk/id/country/england,,,
osgb5000005232593704,http://data.ordnancesurvey.co.uk/id/5000005232593704,Woodcock Lane,,,,transportNetwork,Named Road,559779,312974,3000,20000,559525,312911,559978,313046,PE34,http://data.ordnancesurvey.co.uk/id/postcodedistrict/PE34,,,,King's Lynn and West Norfolk,http://data.ordnancesurvey.co.uk/id/7000000000007016,http://data.ordnancesurvey.co.uk/ontology/admingeo/District,Norfolk,http://data.ordnancesurvey.co.uk/id/7000000000007238,http://data.ordnancesurvey.co.uk/ontology/admingeo/County,Eastern,http://data.ordnancesurvey.co.uk/id/7000000000041425,England,http://data.ordnancesurvey.co.uk/id/country/england,,,
osgb4000000026933688,http://data.ordnancesurvey.co.uk/id/4000000026933688,Mill Lane,,,,transportNetwork,Named Road,554809,315722,4000,20000,554476,315543,555146,315869,PE34,http://data.ordnancesurvey.co.uk/id/postcodedistrict/PE34,,,,King's Lynn and West Norfolk,http://data.ordnancesurvey.co.uk/id/7000000000007016,http://data.ordnancesurvey.co.uk/ontology/admingeo/District,Norfolk,http://data.ordnancesurvey.co.uk/id/7000000000007238,http://data.ordnancesurvey.co.uk/ontology/admingeo/County,Eastern,http://data.ordnancesurvey.co.uk/id/7000000000041425,England,http://data.ordnancesurvey.co.uk/id/country/england,,,
11bc201a-b57b-4d4e-958a-d249539cba9b,http://data.ordnancesurvey.co.uk/id/11bc201a-b57b-4d4e-958a-d249539cba9b,Low Road,,,,transportNetwork,Section Of Named Road,554225,311292,4000,25000,553897,311112,554569,311511,PE14,http://data.ordnancesurvey.co.uk/id/postcodedistrict/PE14,Tilney Fen End,http://data.ordnancesurvey.co.uk/id/4000000074548751,http://www.ordnancesurvey.co.uk/xml/codelists/localtype.xml#hamlet,King's Lynn and West Norfolk,http://data.ordnancesurvey.co.uk/id/7000000000007016,http://data.ordnancesurvey.co.uk/ontology/admingeo/District,Norfolk,http://data.ordnancesurvey.co.uk/id/7000000000007238,http://data.ordnancesurvey.co.uk/ontology/admingeo/County,Eastern,http://data.ordnancesurvey.co.uk/id/7000000000041425,England,http://data.ordnancesurvey.co.uk/id/country/england,osgb4000000026933652,,
osgb4000000026935171,http://data.ordnancesurvey.co.uk/id/4000000026935171,Chapnall Road,,,,transportNetwork,Named Road,547803,310380,3000,20000,547559,310378,548057,310384,PE13,http://data.ordnancesurvey.co.uk/id/postcodedistrict/PE13,Wisbech,http://data.ordnancesurvey.co.uk/id/4000000074551318,http://www.ordnancesurvey.co.uk/xml/codelists/localtype.xml#town,Fenland,http://data.ordnancesurvey.co.uk/id/7000000000001357,http://data.ordnancesurvey.co.uk/ontology/admingeo/District,Cambridgeshire,http://data.ordnancesurvey.co.uk/id/7000000000001386,http://data.ordnancesurvey.co.uk/ontology/admingeo/County,Eastern,http://data.ordnancesurvey.co.uk/id/7000000000041425,England,http://data.ordnancesurvey.co.uk/id/country/england,,,
osgb4000000026935149,http://data.ordnancesurvey.co.uk/id/4000000026935149,The Chase,,,,transportNetwork,Named Road,545353,310632,2000,20000,545324,310495,545455,310735,PE13,http://data.ordnancesurvey.co.uk/id/postcodedistrict/PE13,Wisbech,http://data.ordnancesurvey.co.uk/id/4000000074551318,http://www.ordnancesurvey.co.uk/xml/codelists/localtype.xml#town,Fenland,http://data.ordnancesurvey.co.uk/id/7000000000001357,http://data.ordnancesurvey.co.uk/ontology/admingeo/District,Cambridgeshire,http://data.ordnancesurvey.co.uk/id/7000000000001386,http://data.ordnancesurvey.co.uk/ontology/admingeo/County,Eastern,http://data.ordnancesurvey.co.uk/id/7000000000041425,England,http://data.ordnancesurvey.co.uk/id/country/england,,,
356699a7-4f25-48a5-bb54-261177890fcc,http://data.ordnancesurvey.co.uk/id/356699a7-4f25-48a5-bb54-261177890fcc,Dades Lane,,,,transportNetwork,Section Of Named Road,553678,310883,6000,25000,553312,310233,553855,311209,PE14,http://data.ordnancesurvey.co.uk/id/postcodedistrict/PE14,,,,King's Lynn and West Norfolk,http://data.ordnancesurvey.co.uk/id/7000000000007016,http://data.ordnancesurvey.co.uk/ontology/admingeo/District,Norfolk,http://data.ordnancesurvey.co.uk/id/7000000000007238,http://data.ordnancesurvey.co.uk/ontology/admingeo/County,Eastern,http://data.ordnancesurvey.co.uk/id/7000000000041425,England,http://data.ordnancesurvey.co.uk/id/country/england,osgb4000000026933651,,
osgb4000000026931761,http://data.ordnancesurvey.co.uk/id/4000000026931761,Rustons Road,,,,transportNetwork,Named Road,553200,307578,17000,20000,551795,306264,553449,308901,PE14,http://data.ordnancesurvey.co.uk/id/postcodedistrict/PE14,,,,King's Lynn and West Norfolk,http://data.ordnancesurvey.co.uk/id/7000000000007016,http://data.ordnancesurvey.co.uk/ontology/admingeo/District,Norfolk,http://data.ordnancesurvey.co.uk/id/7000000000007238,http://data.ordnancesurvey.co.uk/ontology/admingeo/County,Eastern,http://data.ordnancesurvey.co.uk/id/7000000000041425,England,http://data.ordnancesurvey.co.uk/id/country/england,,,
osgb4000000026935134,http://data.ordnancesurvey.co.uk/id/4000000026935134,Queen Elizabeth Drive,,,,transportNetwork,Named Road,547069,308681,2000,20000,546880,308679,547252,308705,PE13,http://data.ordnancesurvey.co.uk/id/postcodedistrict/PE13,Wisbech,http://data.ordnancesurvey.co.uk/id/4000000074551318,http://www.ordnancesurvey.co.uk/xml/codelists/localtype.xml#town,Fenland,http://data.ordnancesurvey.co.uk/id/7000000000001357,http://data.ordnancesurvey.co.uk/ontology/admingeo/District,Cambridgeshire,http://data.ordnancesurvey.co.uk/id/7000000000001386,http://data.ordnancesurvey.co.uk/ontology/admingeo/County,Eastern,http://data.ordnancesurvey.co.uk/id/7000000000041425,England,http://data.ordnancesurvey.co.uk/id/country/england,,,
osgb4000000026932433,http://data.ordnancesurvey.co.uk/id/4000000026932433,Fence Bank,,,,transportNetwork,Named Road,552553,315627,20000,56000,552207,311273,552817,319942,PE14,http://data.ordnancesurvey.co.uk/id/postcodedistrict/PE14,,,,King's Lynn and West Norfolk,http://data.ordnancesurvey.co.uk/id/7000000000007016,http://data.ordnancesurvey.co.uk/ontology/admingeo/District,Norfolk,http://data.ordnancesurvey.co.uk/id/7000000000007238,http://data.ordnancesurvey.co.uk/ontology/admingeo/County,Eastern,http://data.ordnancesurvey.co.uk/id/7000000000041425,England,http://data.ordnancesurvey.co.uk/id/country/england,,,
65e1467c-bb83-49ba-bc9e-7efeac2eb130,http://data.ordnancesurvey.co.uk/id/65e1467c-bb83-49ba-bc9e-7efeac2eb130,High Road,,,,transportNetwork,Section Of Named Road,540075,306434,3000,25000,540007,306160,540239,306619,PE13,http://data.ordnancesurvey.co.uk/id/postcodedistrict/PE13,Tholomas Drove,http://data.ordnancesurvey.co.uk/id/4000000074550591,http://www.ordnancesurvey.co.uk/xml/codelists/localtype.xml#village,Fenland,http://data.ordnancesurvey.co.uk/id/7000000000001357,http://data.ordnancesurvey.co.uk/ontology/admingeo/District,Cambridgeshire,http://data.ordnancesurvey.co.uk/id/7000000000001386,http://data.ordnancesurvey.co.uk/ontology/admingeo/County,Eastern,http://data.ordnancesurvey.co.uk/id/7000000000041425,England,http://data.ordnancesurvey.co.uk/id/country/england,osgb4000000026935098,,
osgb4000000026937488,http://data.ordnancesurvey.co.uk/id/4000000026937488,Seafield Road,,,,transportNetwork,Named Road,544424,311680,1000,20000,544362,311644,544494,311702,PE13,http://data.ordnancesurvey.co.uk/id/postcodedistrict/PE13,Leverington,http://data.ordnancesurvey.co.uk/id/4000000074551313,http://www.ordnancesurvey.co.uk/xml/codelists/localtype.xml#village,Fenland,http://data.ordnancesurvey.co.uk/id/7000000000001357,http://data.ordnancesurvey.co.uk/ontology/admingeo/District,Cambridgeshire,http://data.ordnancesurvey.co.uk/id/7000000000001386,http://data.ordnancesurvey.co.uk/ontology/admingeo/County,Eastern,http://data.ordnancesurvey.co.uk/id/7000000000041425,England,http://data.ordnancesurvey.co.uk/id/country/england,,,
osgb4000000026932463,http://data.ordnancesurvey.co.uk/id/4000000026932463,Whitecross Lane,,,,transportNetwork,Named Road,556138,319353,11000,20000,556136,318520,556607,320207,PE34,http://data.ordnancesurvey.co.uk/id/postcodedistrict/PE34,,,,King's Lynn and West Norfolk,http://data.ordnancesurvey.co.uk/id/7000000000007016,http://data.ordnancesurvey.co.uk/ontology/admingeo/District,Norfolk,http://data.ordnancesurvey.co.uk/id/7000000000007238,http://data.ordnancesurvey.co.uk/ontology/admingeo/County,Eastern,http://data.ordnancesurvey.co.uk/id/7000000000041425,England,http://data.ordnancesurvey.co.uk/id/country/england,,,
0c89b8a2-f9df-481c-a82f-9f4a93da10b9,http://data.ordnancesurvey.co.uk/id/0c89b8a2-f9df-481c-a82f-9f4a93da10b9,Dowgate Road,,,,transportNetwork,Section Of Named Road,544917,310688,3000,25000,544644,310594,545156,310790,PE13,http://data.ordnancesurvey.co.uk/id/postcodedistrict/PE13,Wisbech,http://data.ordnancesurvey.co.uk/id/4000000074551318,http://www.ordnancesurvey.co.uk/xml/codelists/localtype.xml#town,Fenland,http://data.ordnancesurvey.co.uk/id/7000000000001357,http://data.ordnancesurvey.co.uk/ontology/admingeo/District,Cambridgeshire,http://data.ordnancesurvey.co.uk/id/7000000000001386,http://data.ordnancesurvey.co.uk/ontology/admingeo/County,Eastern,http://data.ordnancesurvey.co.uk/id/7000000000041425,England,http://data.ordnancesurvey.co.uk/id/country/england,osgb4000000026933526,,
osgb4000000026932282,http://data.ordnancesurvey.co.uk/id/4000000026932282,Decoy Road,,,,transportNetwork,Named Road,540633,312000,6000,20000,540119,311917,540977,312060,PE13,http://data.ordnancesurvey.co.uk/id/postcodedistrict/PE13,,,,Fenland,http://data.ordnancesurvey.co.uk/id/7000000000001357,http://data.ordnancesurvey.co.uk/ontology/admingeo/District,Cambridgeshire,http://data.ordnancesurvey.co.uk/id/7000000000001386,http://data.ordnancesurvey.co.uk/ontology/admingeo/County,Eastern,http://data.ordnancesurvey.co.uk/id/7000000000041425,England,http://data.ordnancesurvey.co.uk/id/country/england,,,
osgb4000000026933451,http://data.ordnancesurvey.co.uk/id/4000000026933451,Mullicourt Road,,,,transportNetwork,Named Road,553167,303481,6000,20000,552981,303018,553320,304009,PE14,http://data.ordnancesurvey.co.uk/id/postcodedistrict/PE14,,,,King's Lynn and West Norfolk,http://data.ordnancesurvey.co.uk/id/7000000000007016,http://data.ordnancesurvey.co.uk/ontology/admingeo/District,Norfolk,http://data.ordnancesurvey.co.uk/id/7000000000007238,http://data.ordnancesurvey.co.uk/ontology/admingeo/County,Eastern,http://data.ordnancesurvey.co.uk/id/7000000000041425,England,http://data.ordnancesurvey.co.uk/id/country/england,,,
osgb4000000026935216,http://data.ordnancesurvey.co.uk/id/4000000026935216,Church Lane,,,,transportNetwork,Named Road,544054,314827,3000,20000,543832,314713,544248,314895,PE13,http://data.ordnancesurvey.co.uk/id/postcodedistrict/PE13,Newton-in-the-Isle,http://data.ordnancesurvey.co.uk/id/4000000074548769,http://www.ordnancesurvey.co.uk/xml/codelists/localtype.xml#village,Fenland,http://data.ordnancesurvey.co.uk/id/7000000000001357,http://data.ordnancesurvey.co.uk/ontology/admingeo/District,Cambridgeshire,http://data.ordnancesurvey.co.uk/id/7000000000001386,http://data.ordnancesurvey.co.uk/ontology/admingeo/County,Eastern,http://data.ordnancesurvey.co.uk/id/7000000000041425,England,http://data.ordnancesurvey.co.uk/id/country/england,,,
osgb5000005232448761,http://data.ordnancesurvey.co.uk/id/5000005232448761,Little Fendike Lane,,,,transportNetwork,Named Road,550302,305848,8000,20000,550119,305223,550626,306516,PE14,http://data.ordnancesurvey.co.uk/id/postcodedistrict/PE14,,,,King's Lynn and West Norfolk,http://data.ordnancesurvey.co.uk/id/7000000000007016,http://data.ordnancesurvey.co.uk/ontology/admingeo/District,Norfolk,http://data.ordnancesurvey.co.uk/id/7000000000007238,http://data.ordnancesurvey.co.uk/ontology/admingeo/County,Eastern,http://data.ordnancesurvey.co.uk/id/7000000000041425,England,http://data.ordnancesurvey.co.uk/id/country/england,,,
osgb4000000026935058,http://data.ordnancesurvey.co.uk/id/4000000026935058,Stow Road,,,,transportNetwork,Named Road,553958,304722,16000,20000,552763,304352,555172,304771,PE14,http://data.ordnancesurvey.co.uk/id/postcodedistrict/PE14,,,,King's Lynn and West Norfolk,http://data.ordnancesurvey.co.uk/id/7000000000007016,http://data.ordnancesurvey.co.uk/ontology/admingeo/District,Norfolk,http://data.ordnancesurvey.co.uk/id/7000000000007238,http://data.ordnancesurvey.co.uk/ontology/admingeo/County,Eastern,http://data.ordnancesurvey.co.uk/id/7000000000041425,England,http://data.ordnancesurvey.co.uk/id/country/england,,,
osgb4000000026935099,http://data.ordnancesurvey.co.uk/id/4000000026935099,Church Road,,,,transportNetwork,Named Road,542042,308139,3000,20000,541804,307957,542301,308281,PE13,http://data.ordnancesurvey.co.uk/id/postcodedistrict/PE13,Wisbech St Mary,http://data.ordnancesurvey.co.uk/id/4000000074551315,http://www.ordnancesurvey.co.uk/xml/codelists/localtype.xml#village,Fenland,http://data.ordnancesurvey.co.uk/id/7000000000001357,http://data.ordnancesurvey.co.uk/ontology/admingeo/District,Cambridgeshire,http://data.ordnancesurvey.co.uk/id/7000000000001386,http://data.ordnancesurvey.co.uk/ontology/admingeo/County,Eastern,http://data.ordnancesurvey.co.uk/id/7000000000041425,England,http://data.ordnancesurvey.co.uk/id/country/england,,,
osgb4000000026942774,http://data.ordnancesurvey.co.uk/id/4000000026942774,Clayton Close,,,,transportNetwork,Named Road,547650,310274,1000,20000,547649,310258,547655,310311,PE13,http://data.ordnancesurvey.co.uk/id/postcodedistrict/PE13,Wisbech,http://data.ordnancesurvey.co.uk/id/4000000074551318,http://www.ordnancesurvey.co.uk/xml/codelists/localtype.xml#town,Fenland,http://data.ordnancesurvey.co.uk/id/7000000000001357,http://data.ordnancesurvey.co.uk/ontology/admingeo/District,Cambridgeshire,http://data.ordnancesurvey.co.uk/id/7000000000001386,http://data.ordnancesurvey.co.uk/ontology/admingeo/County,Eastern,http://data.ordnancesurvey.co.uk/id/7000000000041425,England,http://data.ordnancesurvey.co.uk/id/country/england,,,
osgb4000000026940480,http://data.ordnancesurvey.co.uk/id/4000000026940480,Willows Close,,,,transportNetwork,Named Road,543743,318532,1000,20000,543690,318520,543820,318581,PE13,http://data.ordnancesurvey.co.uk/id/postcodedistrict/PE13,Tydd St Mary,http://data.ordnancesurvey.co.uk/id/4000000074548410,http://www.ordnancesurvey.co.uk/xml/codelists/localtype.xml#village,South Holland,http://data.ordnancesurvey.co.uk/id/7000000000005599,http://data.ordnancesurvey.co.uk/ontology/admingeo/District,Lincolnshire,http://data.ordnancesurvey.co.uk/id/7000000000005942,http://data.ordnancesurvey.co.uk/ontology/admingeo/County,East Midlands,http://data.ordnancesurvey.co.uk/id/7000000000041423,England,http://data.ordnancesurvey.co.uk/id/country/england,,,
42463ba2-42ae-426e-a47f-5ed48606d9de,http://data.ordnancesurvey.co.uk/id/42463ba2-42ae-426e-a47f-5ed48606d9de,Ward's Chase,,,,transportNetwork,Section Of Named Road,559501,306365,1000,25000,559494,306252,559546,306381,PE34,http://data.ordnancesurvey.co.uk/id/postcodedistrict/PE34,Stow Bridge,http://data.ordnancesurvey.co.uk/id/4000000074541371,http://www.ordnancesurvey.co.uk/xml/codelists/localtype.xml#village,King's Lynn and West Norfolk,http://data.ordnancesurvey.co.uk/id/7000000000007016,http://data.ordnancesurvey.co.uk/ontology/admingeo/District,Norfolk,http://data.ordnancesurvey.co.uk/id/7000000000007238,http://data.ordnancesurvey.co.uk/ontology/admingeo/County,Eastern,http://data.ordnancesurvey.co.uk/id/7000000000041425,England,http://data.ordnancesurvey.co.uk/id/country/england,osgb4000000026933657,,
2683703d-c8fb-4410-87bd-9729975119d9,http://data.ordnancesurvey.co.uk/id/2683703d-c8fb-4410-87bd-9729975119d9,Greens Lane,,,,transportNetwork,Section Of Named Road,555444,318257,2000,25000,555414,318102,555497,318426,PE34,http://data.ordnancesurvey.co.uk/id/postcodedistrict/PE34,Shepherds' Gate,http://data.ordnancesurvey.co.uk/id/4000000074543173,http://www.ordnancesurvey.co.uk/xml/codelists/localtype.xml#otherSettlement,King's Lynn and West Norfolk,http://data.ordnancesurvey.co.uk/id/7000000000007016,http://data.ordnancesurvey.co.uk/ontology/admingeo/District,Norfolk,http://data.ordnancesurvey.co.uk/id/7000000000007238,http://data.ordnancesurvey.co.uk/ontology/admingeo/County,Eastern,http://data.ordnancesurvey.co.uk/id/7000000000041425,England,http://data.ordnancesurvey.co.uk/id/country/england,osgb4000000027001609,,
osgb4000000026991773,http://data.ordnancesurvey.co.uk/id/4000000026991773,Maple Road,,,,transportNetwork,Named Road,546911,306664,1000,20000,546896,306646,546927,306688,PE14,http://data.ordnancesurvey.co.uk/id/postcodedistrict/PE14,Elm,http://data.ordnancesurvey.co.uk/id/4000000074341528,http://www.ordnancesurvey.co.uk/xml/codelists/localtype.xml#village,Fenland,http://data.ordnancesurvey.co.uk/id/7000000000001357,http://data.ordnancesurvey.co.uk/ontology/admingeo/District,Cambridgeshire,http://data.ordnancesurvey.co.uk/id/7000000000001386,http://data.ordnancesurvey.co.uk/ontology/admingeo/County,Eastern,http://data.ordnancesurvey.co.uk/id/7000000000041425,England,http://data.ordnancesurvey.co.uk/id/country/england,,,
osgb4000000026942745,http://data.ordnancesurvey.co.uk/id/4000000026942745,Ely Place,,,,transportNetwork,Named Road,546224,309594,1000,20000,546205,309571,546236,309606,PE13,http://data.ordnancesurvey.co.uk/id/postcodedistrict/PE13,Wisbech,http://data.ordnancesurvey.co.uk/id/4000000074551318,http://www.ordnancesurvey.co.uk/xml/codelists/localtype.xml#town,Fenland,http://data.ordnancesurvey.co.uk/id/7000000000001357,http://data.ordnancesurvey.co.uk/ontology/admingeo/District,Cambridgeshire,http://data.ordnancesurvey.co.uk/id/7000000000001386,http://data.ordnancesurvey.co.uk/ontology/admingeo/County,Eastern,http://data.ordnancesurvey.co.uk/id/7000000000041425,England,http://data.ordnancesurvey.co.uk/id/country/england,,,
osgb4000000026932223,http://data.ordnancesurvey.co.uk/id/4000000026932223,Church Drove,,,,transportNetwork,Named Road,551755,302942,8000,20000,551266,302371,552417,303666,PE14,http://data.ordnancesurvey.co.uk/id/postcodedistrict/PE14,Outwell,http://data.ordnancesurvey.co.uk/id/4000000074548389,http://www.ordnancesurvey.co.uk/xml/codelists/localtype.xml#village,King's Lynn and West Norfolk,http://data.ordnancesurvey.co.uk/id/7000000000007016,http://data.ordnancesurvey.co.uk/ontology/admingeo/District,Norfolk,http://data.ordnancesurvey.co.uk/id/7000000000007238,http://data.ordnancesurvey.co.uk/ontology/admingeo/County,Eastern,http://data.ordnancesurvey.co.uk/id/7000000000041425,England,http://data.ordnancesurvey.co.uk/id/country/england,,,
osgb4000000026935120,http://data.ordnancesurvey.co.uk/id/4000000026935120,Elmfield Drive,,,,transportNetwork,Named Road,547331,307658,2000,20000,547270,307482,547413,307769,PE14,http://data.ordnancesurvey.co.uk/id/postcodedistrict/PE14,Elm,http://data.ordnancesurvey.co.uk/id/4000000074341528,http://www.ordnancesurvey.co.uk/xml/codelists/localtype.xml#village,King's Lynn and West Norfolk,http://data.ordnancesurvey.co.uk/id/7000000000007016,http://data.ordnancesurvey.co.uk/ontology/admingeo/District,Norfolk,http://data.ordnancesurvey.co.uk/id/7000000000007238,http://data.ordnancesurvey.co.uk/ontology/admingeo/County,Eastern,http://data.ordnancesurvey.co.uk/id/7000000000041425,England,http://data.ordnancesurvey.co.uk/id/country/england,,,
0d50b589-bbf0-4b08-b1a9-bff2b5616c80,http://data.ordnancesurvey.co.uk/id/0d50b589-bbf0-4b08-b1a9-bff2b5616c80,Gravel Bank,,,,transportNetwork,Section Of Named Road,557093,312393,1000,25000,557092,312392,557129,312449,PE34,http://data.ordnancesurvey.co.uk/id/postcodedistrict/PE34,Tilney cum Islington,http://data.ordnancesurvey.co.uk/id/4000000074550575,http://www.ordnancesurvey.co.uk/xml/codelists/localtype.xml#village,King's Lynn and West Norfolk,http://data.ordnancesurvey.co.uk/id/7000000000007016,http://data.ordnancesurvey.co.uk/ontology/admingeo/District,Norfolk,http://data.ordnancesurvey.co.uk/id/7000000000007238,http://data.ordnancesurvey.co.uk/ontology/admingeo/County,Eastern,http://data.ordnancesurvey.co.uk/id/7000000000041425,England,http://data.ordnancesurvey.co.uk/id/country/england,osgb4000000026931773,,
osgb4000000026937412,http://data.ordnancesurvey.co.uk/id/4000000026937412,Mill Way,,,,transportNetwork,Named Road,547000,305136,1000,20000,546959,305113,547102,305188,PE14,http://data.ordnancesurvey.co.uk/id/postcodedistrict/PE14,Friday Bridge,http://data.ordnancesurvey.co.uk/id/4000000074550225,http://www.ordnancesurvey.co.uk/xml/codelists/localtype.xml#village,Fenland,http://data.ordnancesurvey.co.uk/id/7000000000001357,http://data.ordnancesurvey.co.uk/ontology/admingeo/District,Cambridgeshire,http://data.ordnancesurvey.co.uk/id/7000000000001386,http://data.ordnancesurvey.co.uk/ontology/admingeo/County,Eastern,http://data.ordnancesurvey.co.uk/id/7000000000041425,England,http://data.ordnancesurvey.co.uk/id/country/england,,,
cf701a81-12b3-4956-9097-7d47c5edcea2,http://data.ordnancesurvey.co.uk/id/cf701a81-12b3-4956-9097-7d47c5edcea2,Sluice Road,,,,transportNetwork,Section Of Named Road,558562,313896,2000,25000,558393,313839,558755,313924,PE34,http://data.ordnancesurvey.co.uk/id/postcodedistrict/PE34,Wiggenhall St Mary the Virgin,http://data.ordnancesurvey.co.uk/id/4000000074550574,http://www.ordnancesurvey.co.uk/xml/codelists/localtype.xml#village,King's Lynn and West Norfolk,http://data.ordnancesurvey.co.uk/id/7000000000007016,http://data.ordnancesurvey.co.uk/ontology/admingeo/District,Norfolk,http://data.ordnancesurvey.co.uk/id/7000000000007238,http://data.ordnancesurvey.co.uk/ontology/admingeo/County,Eastern,http://data.ordnancesurvey.co.uk/id/7000000000041425,England,http://data.ordnancesurvey.co.uk/id/country/england,osgb4000000026932427,,
osgb4000000026933692,http://data.ordnancesurvey.co.uk/id/4000000026933692,Station Road,,,,transportNetwork,Named Road,555068,319081,11000,20000,555000,318262,555213,319948,PE34,http://data.ordnancesurvey.co.uk/id/postcodedistrict/PE34,Terrington St Clement,http://data.ordnancesurvey.co.uk/id/4000000074548395,http://www.ordnancesurvey.co.uk/xml/codelists/localtype.xml#otherSettlement,King's Lynn and West Norfolk,http://data.ordnancesurvey.co.uk/id/7000000000007016,http://data.ordnancesurvey.co.uk/ontology/admingeo/District,Norfolk,http://data.ordnancesurvey.co.uk/id/7000000000007238,http://data.ordnancesurvey.co.uk/ontology/admingeo/County,Eastern,http://data.ordnancesurvey.co.uk/id/7000000000041425,England,http://data.ordnancesurvey.co.uk/id/country/england,,,
osgb4000000026948336,http://data.ordnancesurvey.co.uk/id/4000000026948336,Suckling Drove,,,,transportNetwork,Named Road,554224,302527,3000,20000,553870,302397,554405,302905,PE14,http://data.ordnancesurvey.co.uk/id/postcodedistrict/PE14,,,,King's Lynn and West Norfolk,http://data.ordnancesurvey.co.uk/id/7000000000007016,http://data.ordnancesurvey.co.uk/ontology/admingeo/District,Norfolk,http://data.ordnancesurvey.co.uk/id/7000000000007238,http://data.ordnancesurvey.co.uk/ontology/admingeo/County,Eastern,http://data.ordnancesurvey.co.uk/id/7000000000041425,England,http://data.ordnancesurvey.co.uk/id/country/england,,,
6203f7a3-076b-4f91-926d-acea0b8290f8,http://data.ordnancesurvey.co.uk/id/6203f7a3-076b-4f91-926d-acea0b8290f8,Chalk Road,,,,transportNetwork,Section Of Named Road,550430,317651,1000,25000,550422,317635,550439,317675,PE14,http://data.ordnancesurvey.co.uk/id/postcodedistrict/PE14,Walpole St Andrew,http://data.ordnancesurvey.co.uk/id/4000000074550944,http://www.ordnancesurvey.co.uk/xml/codelists/localtype.xml#village,King's Lynn and West Norfolk,http://data.ordnancesurvey.co.uk/id/7000000000007016,http://data.ordnancesurvey.co.uk/ontology/admingeo/District,Norfolk,http://data.ordnancesurvey.co.uk/id/7000000000007238,http://data.ordnancesurvey.co.uk/ontology/admingeo/County,Eastern,http://data.ordnancesurvey.co.uk/id/7000000000041425,England,http://data.ordnancesurvey.co.uk/id/country/england,osgb4000000026932438,,
osgb4000000026932448,http://data.ordnancesurvey.co.uk/id/4000000026932448,Main Road,,,,transportNetwork,Named Road,556812,317191,7000,20000,556283,316902,557356,317196,PE34,http://data.ordnancesurvey.co.uk/id/postcodedistrict/PE34,Tilney High End,http://data.ordnancesurvey.co.uk/id/4000000074550940,http://www.ordnancesurvey.co.uk/xml/codelists/localtype.xml#village,King's Lynn and West Norfolk,http://data.ordnancesurvey.co.uk/id/7000000000007016,http://data.ordnancesurvey.co.uk/ontology/admingeo/District,Norfolk,http://data.ordnancesurvey.co.uk/id/7000000000007238,http://data.ordnancesurvey.co.uk/ontology/admingeo/County,Eastern,http://data.ordnancesurvey.co.uk/id/7000000000041425,England,http://data.ordnancesurvey.co.uk/id/country/england,,,
01b7e0c2-ec5e-40b3-9bf7-66c6a265817d,http://data.ordnancesurvey.co.uk/id/01b7e0c2-ec5e-40b3-9bf7-66c6a265817d,Gorefield Road,,,,transportNetwork,Section Of Named Road,544133,311589,5000,25000,543782,311361,544537,311908,PE13,http://data.ordnancesurvey.co.uk/id/postcodedistrict/PE13,Leverington,http://data.ordnancesurvey.co.uk/id/4000000074551313,http://www.ordnancesurvey.co.uk/xml/codelists/localtype.xml#village,Fenland,http://data.ordnancesurvey.co.uk/id/7000000000001357,http://data.ordnancesurvey.co.uk/ontology/admingeo/District,Cambridgeshire,http://data.ordnancesurvey.co.uk/id/7000000000001386,http://data.ordnancesurvey.co.uk/ontology/admingeo/County,Eastern,http://data.ordnancesurvey.co.uk/id/7000000000041425,England,http://data.ordnancesurvey.co.uk/id/country/england,osgb4000000026932294,,
osgb5000005129735936,http://data.ordnancesurvey.co.uk/id/5000005129735936,West Walton Court,,,,transportNetwork,Named Road,550269,311277,1000,20000,550214,311251,550318,311310,PE14,http://data.ordnancesurvey.co.uk/id/postcodedistrict/PE14,,,,King's Lynn and West Norfolk,http://data.ordnancesurvey.co.uk/id/7000000000007016,http://data.ordnancesurvey.co.uk/ontology/admingeo/District,Norfolk,http://data.ordnancesurvey.co.uk/id/7000000000007238,http://data.ordnancesurvey.co.uk/ontology/admingeo/County,Eastern,http://data.ordnancesurvey.co.uk/id/7000000000041425,England,http://data.ordnancesurvey.co.uk/id/country/england,,,
osgb4000000026933443,http://data.ordnancesurvey.co.uk/id/4000000026933443,Stonehouse Road,,,,transportNetwork,Named Road,550368,302291,4000,20000,550046,302103,550654,302563,PE14,http://data.ordnancesurvey.co.uk/id/postcodedistrict/PE14,Upwell,http://data.ordnancesurvey.co.uk/id/4000000074550938,http://www.ordnancesurvey.co.uk/xml/codelists/localtype.xml#village,King's Lynn and West Norfolk,http://data.ordnancesurvey.co.uk/id/7000000000007016,http://data.ordnancesurvey.co.uk/ontology/admingeo/District,Norfolk,http://data.ordnancesurvey.co.uk/id/7000000000007238,http://data.ordnancesurvey.co.uk/ontology/admingeo/County,Eastern,http://data.ordnancesurvey.co.uk/id/7000000000041425,England,http://data.ordnancesurvey.co.uk/id/country/england,,,
osgb5000005234279018,http://data.ordnancesurvey.co.uk/id/5000005234279018,Long Lots Drove,,,,transportNetwork,Named Road,550884,309476,8000,20000,550298,309035,551550,310192,PE14,http://data.ordnancesurvey.co.uk/id/postcodedistrict/PE14,,,,King's Lynn and West Norfolk,http://data.ordnancesurvey.co.uk/id/7000000000007016,http://data.ordnancesurvey.co.uk/ontology/admingeo/District,Norfolk,http://data.ordnancesurvey.co.uk/id/7000000000007238,http://data.ordnancesurvey.co.uk/ontology/admingeo/County,Eastern,http://data.ordnancesurvey.co.uk/id/7000000000041425,England,http://data.ordnancesurvey.co.uk/id/country/england,,,
osgb4000000026940321,http://data.ordnancesurvey.co.uk/id/4000000026940321,Golding Place,,,,transportNetwork,Named Road,546302,309001,1000,20000,546270,308982,546339,309023,PE13,http://data.ordnancesurvey.co.uk/id/postcodedistrict/PE13,Wisbech,http://data.ordnancesurvey.co.uk/id/4000000074551318,http://www.ordnancesurvey.co.uk/xml/codelists/localtype.xml#town,Fenland,http://data.ordnancesurvey.co.uk/id/7000000000001357,http://data.ordnancesurvey.co.uk/ontology/admingeo/District,Cambridgeshire,http://data.ordnancesurvey.co.uk/id/7000000000001386,http://data.ordnancesurvey.co.uk/ontology/admingeo/County,Eastern,http://data.ordnancesurvey.co.uk/id/7000000000041425,England,http://data.ordnancesurvey.co.uk/id/country/england,,,
osgb4000000026935125,http://data.ordnancesurvey.co.uk/id/4000000026935125,Ramnoth Road,,,,transportNetwork,Named Road,546866,309000,7000,20000,546717,308461,546884,309590,PE13,http://data.ordnancesurvey.co.uk/id/postcodedistrict/PE13,Wisbech,http://data.ordnancesurvey.co.uk/id/4000000074551318,http://www.ordnancesurvey.co.uk/xml/codelists/localtype.xml#town,Fenland,http://data.ordnancesurvey.co.uk/id/7000000000001357,http://data.ordnancesurvey.co.uk/ontology/admingeo/District,Cambridgeshire,http://data.ordnancesurvey.co.uk/id/7000000000001386,http://data.ordnancesurvey.co.uk/ontology/admingeo/County,Eastern,http://data.ordnancesurvey.co.uk/id/7000000000041425,England,http://data.ordnancesurvey.co.uk/id/country/england,,,
7798319d-2564-4568-bd1c-8b240dd21d58,http://data.ordnancesurvey.co.uk/id/7798319d-2564-4568-bd1c-8b240dd21d58,High Side,,,,transportNetwork,Section Of Named Road,540259,308422,1000,25000,540244,308363,540286,308497,PE13,http://data.ordnancesurvey.co.uk/id/postcodedistrict/PE13,Wisbech St Mary,http://data.ordnancesurvey.co.uk/id/4000000074551315,http://www.ordnancesurvey.co.uk/xml/codelists/localtype.xml#village,Fenland,http://data.ordnancesurvey.co.uk/id/7000000000001357,http://data.ordnancesurvey.co.uk/ontology/admingeo/District,Cambridgeshire,http://data.ordnancesurvey.co.uk/id/7000000000001386,http://data.ordnancesurvey.co.uk/ontology/admingeo/County,Eastern,http://data.ordnancesurvey.co.uk/id/7000000000041425,England,http://data.ordnancesurvey.co.uk/id/country/england,osgb4000000026931729,,
osgb4000000026940361,http://data.ordnancesurvey.co.uk/id/4000000026940361,Pedley Lane,,,,transportNetwork,Named Road,545373,310331,1000,20000,545336,310328,545457,310334,PE13,http://data.ordnancesurvey.co.uk/id/postcodedistrict/PE13,Wisbech,http://data.ordnancesurvey.co.uk/id/4000000074551318,http://www.ordnancesurvey.co.uk/xml/codelists/localtype.xml#town,Fenland,http://data.ordnancesurvey.co.uk/id/7000000000001357,http://data.ordnancesurvey.co.uk/ontology/admingeo/District,Cambridgeshire,http://data.ordnancesurvey.co.uk/id/7000000000001386,http://data.ordnancesurvey.co.uk/ontology/admingeo/County,Eastern,http://data.ordnancesurvey.co.uk/id/7000000000041425,England,http://data.ordnancesurvey.co.uk/id/country/england,,,
osgb4000000026940381,http://data.ordnancesurvey.co.uk/id/4000000026940381,Albany Road,,,,transportNetwork,Named Road,546235,310336,1000,20000,546153,310336,546273,310337,PE13,http://data.ordnancesurvey.co.uk/id/postcodedistrict/PE13,Wisbech,http://data.ordnancesurvey.co.uk/id/4000000074551318,http://www.ordnancesurvey.co.uk/xml/codelists/localtype.xml#town,Fenland,http://data.ordnancesurvey.co.uk/id/7000000000001357,http://data.ordnancesurvey.co.uk/ontology/admingeo/District,Cambridgeshire,http://data.ordnancesurvey.co.uk/id/7000000000001386,http://data.ordnancesurvey.co.uk/ontology/admingeo/County,Eastern,http://data.ordnancesurvey.co.uk/id/7000000000041425,England,http://data.ordnancesurvey.co.uk/id/country/england,,,
osgb4000000026935261,http://data.ordnancesurvey.co.uk/id/4000000026935261,Trinity Road,,,,transportNetwork,Named Road,552273,311930,19000,20000,551897,310521,552884,313445,PE14,http://data.ordnancesurvey.co.uk/id/postcodedistrict/PE14,,,,King's Lynn and West Norfolk,http://data.ordnancesurvey.co.uk/id/7000000000007016,http://data.ordnancesurvey.co.uk/ontology/admingeo/District,Norfolk,http://data.ordnancesurvey.co.uk/id/7000000000007238,http://data.ordnancesurvey.co.uk/ontology/admingeo/County,Eastern,http://data.ordnancesurvey.co.uk/id/7000000000041425,England,http://data.ordnancesurvey.co.uk/id/country/england,,,
osgb5000005107207985,http://data.ordnancesurvey.co.uk/id/5000005107207985,Wentworth Drive,,,,transportNetwork,Named Road,543329,316822,3000,20000,543258,316556,543350,317061,PE13,http://data.ordnancesurvey.co.uk/id/postcodedistrict/PE13,,,,Fenland,http://data.ordnancesurvey.co.uk/id/7000000000001357,http://data.ordnancesurvey.co.uk/ontology/admingeo/District,Cambridgeshire,http://data.ordnancesurvey.co.uk/id/7000000000001386,http://data.ordnancesurvey.co.uk/ontology/admingeo/County,Eastern,http://data.ordnancesurvey.co.uk/id/7000000000041425,England,http://data.ordnancesurvey.co.uk/id/country/england,,,
osgb4000000026937454,http://data.ordnancesurvey.co.uk/id/4000000026937454,Third Avenue,,,,transportNetwork,Named Road,547051,309558,1000,20000,546994,309514,547100,309596,PE13,http://data.ordnancesurvey.co.uk/id/postcodedistrict/PE13,Wisbech,http://data.ordnancesurvey.co.uk/id/4000000074551318,http://www.ordnancesurvey.co.uk/xml/codelists/localtype.xml#town,Fenland,http://data.ordnancesurvey.co.uk/id/7000000000001357,http://data.ordnancesurvey.co.uk/ontology/admingeo/District,Cambridgeshire,http://data.ordnancesurvey.co.uk/id/7000000000001386,http://data.ordnancesurvey.co.uk/ontology/admingeo/County,Eastern,http://data.ordnancesurvey.co.uk/id/7000000000041425,England,http://data.ordnancesurvey.co.uk/id/country/england,,,
osgb4000000026937490,http://data.ordnancesurvey.co.uk/id/4000000026937490,Nene Quay,,,,transportNetwork,Named Road,546100,309755,2000,20000,546030,309630,546181,309908,PE13,http://data.ordnancesurvey.co.uk/id/postcodedistrict/PE13,Wisbech,http://data.ordnancesurvey.co.uk/id/4000000074551318,http://www.ordnancesurvey.co.uk/xml/codelists/localtype.xml#town,Fenland,http://data.ordnancesurvey.co.uk/id/7000000000001357,http://data.ordnancesurvey.co.uk/ontology/admingeo/District,Cambridgeshire,http://data.ordnancesurvey.co.uk/id/7000000000001386,http://data.ordnancesurvey.co.uk/ontology/admingeo/County,Eastern,http://data.ordnancesurvey.co.uk/id/7000000000041425,England,http://data.ordnancesurvey.co.uk/id/country/england,,,
osgb5000005232449052,http://data.ordnancesurvey.co.uk/id/5000005232449052,Stockdale Chase,,,,transportNetwork,Named Road,554982,311996,5000,20000,554615,311798,555399,312160,PE34,http://data.ordnancesurvey.co.uk/id/postcodedistrict/PE34,,,,King's Lynn and West Norfolk,http://data.ordnancesurvey.co.uk/id/7000000000007016,http://data.ordnancesurvey.co.uk/ontology/admingeo/District,Norfolk,http://data.ordnancesurvey.co.uk/id/7000000000007238,http://data.ordnancesurvey.co.uk/ontology/admingeo/County,Eastern,http://data.ordnancesurvey.co.uk/id/7000000000041425,England,http://data.ordnancesurvey.co.uk/id/country/england,,,
0bd89a1a-2aeb-42bb-ac1a-bb626ed74b03,http://data.ordnancesurvey.co.uk/id/0bd89a1a-2aeb-42bb-ac1a-bb626ed74b03,Wisbech Road,,,,transportNetwork,Section Of Named Road,547086,311329,1000,25000,547080,311223,547096,311422,PE14,http://data.ordnancesurvey.co.uk/id/postcodedistrict/PE14,Wisbech,http://data.ordnancesurvey.co.uk/id/4000000074551318,http://www.ordnancesurvey.co.uk/xml/codelists/localtype.xml#town,King's Lynn and West Norfolk,http://data.ordnancesurvey.co.uk/id/7000000000007016,http://data.ordnancesurvey.co.uk/ontology/admingeo/District,Norfolk,http://data.ordnancesurvey.co.uk/id/7000000000007238,http://data.ordnancesurvey.co.uk/ontology/admingeo/County,Eastern,http://data.ordnancesurvey.co.uk/id/7000000000041425,England,http://data.ordnancesurvey.co.uk/id/country/england,osgb4000000026932302,,
osgb4000000027035844,http://data.ordnancesurvey.co.uk/id/4000000027035844,Elderberry Place,,,,transportNetwork,Named Road,550734,303148,1000,20000,550724,303135,550762,303168,PE14,http://data.ordnancesurvey.co.uk/id/postcodedistrict/PE14,Upwell,http://data.ordnancesurvey.co.uk/id/4000000074550938,http://www.ordnancesurvey.co.uk/xml/codelists/localtype.xml#village,King's Lynn and West Norfolk,http://data.ordnancesurvey.co.uk/id/7000000000007016,http://data.ordnancesurvey.co.uk/ontology/admingeo/District,Norfolk,http://data.ordnancesurvey.co.uk/id/7000000000007238,http://data.ordnancesurvey.co.uk/ontology/admingeo/County,Eastern,http://data.ordnancesurvey.co.uk/id/7000000000041425,England,http://data.ordnancesurvey.co.uk/id/country/england,,,
osgb4000000026933528,http://data.ordnancesurvey.co.uk/id/4000000026933528,Church Road,,,,transportNetwork,Named Road,544549,311074,4000,20000,544501,310795,544555,311361,PE13,http://data.ordnancesurvey.co.uk/id/postcodedistrict/PE13,Leverington,http://data.ordnancesurvey.co.uk/id/4000000074551313,http://www.ordnancesurvey.co.uk/xml/codelists/localtype.xml#village,Fenland,http://data.ordnancesurvey.co.uk/id/7000000000001357,http://data.ordnancesurvey.co.uk/ontology/admingeo/District,Cambridgeshire,http://data.ordnancesurvey.co.uk/id/7000000000001386,http://data.ordnancesurvey.co.uk/ontology/admingeo/County,Eastern,http://data.ordnancesurvey.co.uk/id/7000000000041425,England,http://data.ordnancesurvey.co.uk/id/country/england,,,
a25807e0-95b5-4456-bf48-80a9f4b458d2,http://data.ordnancesurvey.co.uk/id/a25807e0-95b5-4456-bf48-80a9f4b458d2,Green Lane,,,,transportNetwork,Section Of Named Road,542950,312532,1000,25000,542948,312529,542981,312580,PE13,http://data.ordnancesurvey.co.uk/id/postcodedistrict/PE13,Fitton End,http://data.ordnancesurvey.co.uk/id/4000000074548411,http://www.ordnancesurvey.co.uk/xml/codelists/localtype.xml#hamlet,Fenland,http://data.ordnancesurvey.co.uk/id/7000000000001357,http://data.ordnancesurvey.co.uk/ontology/admingeo/District,Cambridgeshire,http://data.ordnancesurvey.co.uk/id/7000000000001386,http://data.ordnancesurvey.co.uk/ontology/admingeo/County,Eastern,http://data.ordnancesurvey.co.uk/id/7000000000041425,England,http://data.ordnancesurvey.co.uk/id/country/england,osgb4000000026935143,,
osgb5000005166220815,http://data.ordnancesurvey.co.uk/id/5000005166220815,Loring Lane,,,,transportNetwork,Named Road,546102,309453,1000,20000,546102,309453,546132,309473,PE13,http://data.ordnancesurvey.co.uk/id/postcodedistrict/PE13,Wisbech,http://data.ordnancesurvey.co.uk/id/4000000074551318,http://www.ordnancesurvey.co.uk/xml/codelists/localtype.xml#town,Fenland,http://data.ordnancesurvey.co.uk/id/7000000000001357,http://data.ordnancesurvey.co.uk/ontology/admingeo/District,Cambridgeshire,http://data.ordnancesurvey.co.uk/id/7000000000001386,http://data.ordnancesurvey.co.uk/ontology/admingeo/County,Eastern,http://data.ordnancesurvey.co.uk/id/7000000000041425,England,http://data.ordnancesurvey.co.uk/id/country/england,,,
osgb4000000026942761,http://data.ordnancesurvey.co.uk/id/4000000026942761,Cricketers Way,,,,transportNetwork,Named Road,545500,310153,1000,20000,545480,310140,545521,310163,PE13,http://data.ordnancesurvey.co.uk/id/postcodedistrict/PE13,Wisbech,http://data.ordnancesurvey.co.uk/id/4000000074551318,http://www.ordnancesurvey.co.uk/xml/codelists/localtype.xml#town,Fenland,http://data.ordnancesurvey.co.uk/id/7000000000001357,http://data.ordnancesurvey.co.uk/ontology/admingeo/District,Cambridgeshire,http://data.ordnancesurvey.co.uk/id/7000000000001386,http://data.ordnancesurvey.co.uk/ontology/admingeo/County,Eastern,http://data.ordnancesurvey.co.uk/id/7000000000041425,England,http://data.ordnancesurvey.co.uk/id/country/england,,,
44a033e1-6f28-416a-beea-3a3548f2f8f2,http://data.ordnancesurvey.co.uk/id/44a033e1-6f28-416a-beea-3a3548f2f8f2,Sutton Road,,,,transportNetwork,Section Of Named Road,545188,311191,8000,25000,545132,310596,545235,311765,PE13,http://data.ordnancesurvey.co.uk/id/postcodedistrict/PE13,Wisbech,http://data.ordnancesurvey.co.uk/id/4000000074551318,http://www.ordnancesurvey.co.uk/xml/codelists/localtype.xml#town,Fenland,http://data.ordnancesurvey.co.uk/id/7000000000001357,http://data.ordnancesurvey.co.uk/ontology/admingeo/District,Cambridgeshire,http://data.ordnancesurvey.co.uk/id/7000000000001386,http://data.ordnancesurvey.co.uk/ontology/admingeo/County,Eastern,http://data.ordnancesurvey.co.uk/id/7000000000041425,England,http://data.ordnancesurvey.co.uk/id/country/england,osgb4000000026933593,,
osgb4000000026963959,http://data.ordnancesurvey.co.uk/id/4000000026963959,Middle Drove,,,,transportNetwork,Named Road,554921,307871,20000,40000,554572,304869,555589,310985,PE14,http://data.ordnancesurvey.co.uk/id/postcodedistrict/PE14,,,,King's Lynn and West Norfolk,http://data.ordnancesurvey.co.uk/id/7000000000007016,http://data.ordnancesurvey.co.uk/ontology/admingeo/District,Norfolk,http://data.ordnancesurvey.co.uk/id/7000000000007238,http://data.ordnancesurvey.co.uk/ontology/admingeo/County,Eastern,http://data.ordnancesurvey.co.uk/id/7000000000041425,England,http://data.ordnancesurvey.co.uk/id/country/england,,,
osgb4000000026932393,http://data.ordnancesurvey.co.uk/id/4000000026932393,Kirkham's Lane,,,,transportNetwork,Named Road,548512,305752,8000,20000,548311,305147,548725,306372,PE14,http://data.ordnancesurvey.co.uk/id/postcodedistrict/PE14,,,,Fenland,http://data.ordnancesurvey.co.uk/id/7000000000001357,http://data.ordnancesurvey.co.uk/ontology/admingeo/District,Cambridgeshire,http://data.ordnancesurvey.co.uk/id/7000000000001386,http://data.ordnancesurvey.co.uk/ontology/admingeo/County,Eastern,http://data.ordnancesurvey.co.uk/id/7000000000041425,England,http://data.ordnancesurvey.co.uk/id/country/england,,,
osgb4000000026942764,http://data.ordnancesurvey.co.uk/id/4000000026942764,Octagon Drive,,,,transportNetwork,Named Road,545298,310422,1000,20000,545283,310363,545299,310432,PE13,http://data.ordnancesurvey.co.uk/id/postcodedistrict/PE13,Wisbech,http://data.ordnancesurvey.co.uk/id/4000000074551318,http://www.ordnancesurvey.co.uk/xml/codelists/localtype.xml#town,Fenland,http://data.ordnancesurvey.co.uk/id/7000000000001357,http://data.ordnancesurvey.co.uk/ontology/admingeo/District,Cambridgeshire,http://data.ordnancesurvey.co.uk/id/7000000000001386,http://data.ordnancesurvey.co.uk/ontology/admingeo/County,Eastern,http://data.ordnancesurvey.co.uk/id/7000000000041425,England,http://data.ordnancesurvey.co.uk/id/country/england,,,
a774c0bb-99a0-4e61-8a2b-5b69b3812221,http://data.ordnancesurvey.co.uk/id/a774c0bb-99a0-4e61-8a2b-5b69b3812221,Trinity Road,,,,transportNetwork,Section Of Named Road,552711,310749,3000,25000,552558,310521,552884,310953,PE14,http://data.ordnancesurvey.co.uk/id/postcodedistrict/PE14,St John's Fen End,http://data.ordnancesurvey.co.uk/id/4000000074548752,http://www.ordnancesurvey.co.uk/xml/codelists/localtype.xml#village,King's Lynn and West Norfolk,http://data.ordnancesurvey.co.uk/id/7000000000007016,http://data.ordnancesurvey.co.uk/ontology/admingeo/District,Norfolk,http://data.ordnancesurvey.co.uk/id/7000000000007238,http://data.ordnancesurvey.co.uk/ontology/admingeo/County,Eastern,http://data.ordnancesurvey.co.uk/id/7000000000041425,England,http://data.ordnancesurvey.co.uk/id/country/england,osgb4000000026935261,,
osgb4000000026932275,http://data.ordnancesurvey.co.uk/id/4000000026932275,Cromwell Road,,,,transportNetwork,Named Road,545062,307956,14000,20000,544283,307031,545683,309238,PE14,http://data.ordnancesurvey.co.uk/id/postcodedistrict/PE14,Wisbech,http://data.ordnancesurvey.co.uk/id/4000000074551318,http://www.ordnancesurvey.co.uk/xml/codelists/localtype.xml#town,Fenland,http://data.ordnancesurvey.co.uk/id/7000000000001357,http://data.ordnancesurvey.co.uk/ontology/admingeo/District,Cambridgeshire,http://data.ordnancesurvey.co.uk/id/7000000000001386,http://data.ordnancesurvey.co.uk/ontology/admingeo/County,Eastern,http://data.ordnancesurvey.co.uk/id/7000000000041425,England,http://data.ordnancesurvey.co.uk/id/country/england,,,
557656d2-508b-48f1-a10e-83eafd7e0a98,http://data.ordnancesurvey.co.uk/id/557656d2-508b-48f1-a10e-83eafd7e0a98,Station Road,,,,transportNetwork,Section Of Named Road,559935,311372,3000,25000,559710,311286,560201,311388,PE34,http://data.ordnancesurvey.co.uk/id/postcodedistrict/PE34,Wiggenhall St Mary Magdalen,http://data.ordnancesurvey.co.uk/id/4000000074548392,http://www.ordnancesurvey.co.uk/xml/codelists/localtype.xml#village,King's Lynn and West Norfolk,http://data.ordnancesurvey.co.uk/id/7000000000007016,http://data.ordnancesurvey.co.uk/ontology/admingeo/District,Norfolk,http://data.ordnancesurvey.co.uk/id/7000000000007238,http://data.ordnancesurvey.co.uk/ontology/admingeo/County,Eastern,http://data.ordnancesurvey.co.uk/id/7000000000041425,England,http://data.ordnancesurvey.co.uk/id/country/england,osgb4000000026932424,,
osgb4000000026935103,http://data.ordnancesurvey.co.uk/id/4000000026935103,Main Road,,,,transportNetwork,Named Road,546657,304999,3000,20000,546582,304748,546734,305257,PE14,http://data.ordnancesurvey.co.uk/id/postcodedistrict/PE14,Friday Bridge,http://data.ordnancesurvey.co.uk/id/4000000074550225,http://www.ordnancesurvey.co.uk/xml/codelists/localtype.xml#village,Fenland,http://data.ordnancesurvey.co.uk/id/7000000000001357,http://data.ordnancesurvey.co.uk/ontology/admingeo/District,Cambridgeshire,http://data.ordnancesurvey.co.uk/id/7000000000001386,http://data.ordnancesurvey.co.uk/ontology/admingeo/County,Eastern,http://data.ordnancesurvey.co.uk/id/7000000000041425,England,http://data.ordnancesurvey.co.uk/id/country/england,,,
osgb4000000026940303,http://data.ordnancesurvey.co.uk/id/4000000026940303,Mayfair Gardens,,,,transportNetwork,Named Road,542069,308227,1000,20000,542034,308175,542098,308258,PE13,http://data.ordnancesurvey.co.uk/id/postcodedistrict/PE13,Wisbech St Mary,http://data.ordnancesurvey.co.uk/id/4000000074551315,http://www.ordnancesurvey.co.uk/xml/codelists/localtype.xml#village,Fenland,http://data.ordnancesurvey.co.uk/id/7000000000001357,http://data.ordnancesurvey.co.uk/ontology/admingeo/District,Cambridgeshire,http://data.ordnancesurvey.co.uk/id/7000000000001386,http://data.ordnancesurvey.co.uk/ontology/admingeo/County,Eastern,http://data.ordnancesurvey.co.uk/id/7000000000041425,England,http://data.ordnancesurvey.co.uk/id/country/england,,,
osgb5000005232423881,http://data.ordnancesurvey.co.uk/id/5000005232423881,Narrow Drove,,,,transportNetwork,Named Road,544592,306380,4000,20000,544377,306069,544793,306731,PE14,http://data.ordnancesurvey.co.uk/id/postcodedistrict/PE14,,,,Fenland,http://data.ordnancesurvey.co.uk/id/7000000000001357,http://data.ordnancesurvey.co.uk/ontology/admingeo/District,Cambridgeshire,http://data.ordnancesurvey.co.uk/id/7000000000001386,http://data.ordnancesurvey.co.uk/ontology/admingeo/County,Eastern,http://data.ordnancesurvey.co.uk/id/7000000000041425,England,http://data.ordnancesurvey.co.uk/id/country/england,,,
osgb4000000026942772,http://data.ordnancesurvey.co.uk/id/4000000026942772,Storbeck Road,,,,transportNetwork,Named Road,546602,310644,1000,20000,546574,310596,546621,310645,PE13,http://data.ordnancesurvey.co.uk/id/postcodedistrict/PE13,Wisbech,http://data.ordnancesurvey.co.uk/id/4000000074551318,http://www.ordnancesurvey.co.uk/xml/codelists/localtype.xml#town,Fenland,http://data.ordnancesurvey.co.uk/id/7000000000001357,http://data.ordnancesurvey.co.uk/ontology/admingeo/District,Cambridgeshire,http://data.ordnancesurvey.co.uk/id/7000000000001386,http://data.ordnancesurvey.co.uk/ontology/admingeo/County,Eastern,http://data.ordnancesurvey.co.uk/id/7000000000041425,England,http://data.ordnancesurvey.co.uk/id/country/england,,,
osgb4000000026932272,http://data.ordnancesurvey.co.uk/id/4000000026932272,Fridaybridge Road,,,,transportNetwork,Named Road,546878,305906,8000,20000,546734,305257,547008,306497,PE14,http://data.ordnancesurvey.co.uk/id/postcodedistrict/PE14,Elm,http://data.ordnancesurvey.co.uk/id/4000000074341528,http://www.ordnancesurvey.co.uk/xml/codelists/localtype.xml#village,Fenland,http://data.ordnancesurvey.co.uk/id/7000000000001357,http://data.ordnancesurvey.co.uk/ontology/admingeo/District,Cambridgeshire,http://data.ordnancesurvey.co.uk/id/7000000000001386,http://data.ordnancesurvey.co.uk/ontology/admingeo/County,Eastern,http://data.ordnancesurvey.co.uk/id/7000000000041425,England,http://data.ordnancesurvey.co.uk/id/country/england,,,
osgb4000000026940344,http://data.ordnancesurvey.co.uk/id/4000000026940344,John F Kennedy Court,,,,transportNetwork,Named Road,546579,309256,1000,20000,546554,309223,546633,309295,PE13,http://data.ordnancesurvey.co.uk/id/postcodedistrict/PE13,Wisbech,http://data.ordnancesurvey.co.uk/id/4000000074551318,http://www.ordnancesurvey.co.uk/xml/codelists/localtype.xml#town,Fenland,http://data.ordnancesurvey.co.uk/id/7000000000001357,http://data.ordnancesurvey.co.uk/ontology/admingeo/District,Cambridgeshire,http://data.ordnancesurvey.co.uk/id/7000000000001386,http://data.ordnancesurvey.co.uk/ontology/admingeo/County,Eastern,http://data.ordnancesurvey.co.uk/id/7000000000041425,England,http://data.ordnancesurvey.co.uk/id/country/england,,,
osgb4000000026949536,http://data.ordnancesurvey.co.uk/id/4000000026949536,Orchard Drive,,,,transportNetwork,Named Road,549040,313226,1000,20000,548978,313160,549069,313296,PE14,http://data.ordnancesurvey.co.uk/id/postcodedistrict/PE14,Walton Highway,http://data.ordnancesurvey.co.uk/id/4000000074552040,http://www.ordnancesurvey.co.uk/xml/codelists/localtype.xml#village,King's Lynn and West Norfolk,http://data.ordnancesurvey.co.uk/id/7000000000007016,http://data.ordnancesurvey.co.uk/ontology/admingeo/District,Norfolk,http://data.ordnancesurvey.co.uk/id/7000000000007238,http://data.ordnancesurvey.co.uk/ontology/admingeo/County,Eastern,http://data.ordnancesurvey.co.uk/id/7000000000041425,England,http://data.ordnancesurvey.co.uk/id/country/england,,,
osgb4000000026935128,http://data.ordnancesurvey.co.uk/id/4000000026935128,Alexandra Road,,,,transportNetwork,Named Road,546132,309473,2000,20000,546015,309341,546225,309622,PE13,http://data.ordnancesurvey.co.uk/id/postcodedistrict/PE13,Wisbech,http://data.ordnancesurvey.co.uk/id/4000000074551318,http://www.ordnancesurvey.co.uk/xml/codelists/localtype.xml#town,Fenland,http://data.ordnancesurvey.co.uk/id/7000000000001357,http://data.ordnancesurvey.co.uk/ontology/admingeo/District,Cambridgeshire,http://data.ordnancesurvey.co.uk/id/7000000000001386,http://data.ordnancesurvey.co.uk/ontology/admingeo/County,Eastern,http://data.ordnancesurvey.co.uk/id/7000000000041425,England,http://data.ordnancesurvey.co.uk/id/country/england,,,
osgb4000000027034563,http://data.ordnancesurvey.co.uk/id/4000000027034563,Long Drove,,,,transportNetwork,Named Road,540562,302399,10000,20000,539762,301815,541370,302914,PE13,http://data.ordnancesurvey.co.uk/id/postcodedistrict/PE13,,,,Fenland,http://data.ordnancesurvey.co.uk/id/7000000000001357,http://data.ordnancesurvey.co.uk/ontology/admingeo/District,Cambridgeshire,http://data.ordnancesurvey.co.uk/id/7000000000001386,http://data.ordnancesurvey.co.uk/ontology/admingeo/County,Eastern,http://data.ordnancesurvey.co.uk/id/7000000000041425,England,http://data.ordnancesurvey.co.uk/id/country/england,,,
osgb4000000026940313,http://data.ordnancesurvey.co.uk/id/4000000026940313,Purbeck Close,,,,transportNetwork,Named Road,545273,309179,1000,20000,545245,309168,545310,309188,PE13,http://data.ordnancesurvey.co.uk/id/postcodedistrict/PE13,Wisbech,http://data.ordnancesurvey.co.uk/id/4000000074551318,http://www.ordnancesurvey.co.uk/xml/codelists/localtype.xml#town,Fenland,http://data.ordnancesurvey.co.uk/id/7000000000001357,http://data.ordnancesurvey.co.uk/ontology/admingeo/District,Cambridgeshire,http://data.ordnancesurvey.co.uk/id/7000000000001386,http://data.ordnancesurvey.co.uk/ontology/admingeo/County,Eastern,http://data.ordnancesurvey.co.uk/id/7000000000041425,England,http://data.ordnancesurvey.co.uk/id/country/england,,,
osgb4000000026931773,http://data.ordnancesurvey.co.uk/id/4000000026931773,Gravel Bank,,,,transportNetwork,Named Road,555947,311524,17000,20000,554558,311069,557129,312449,PE14,http://data.ordnancesurvey.co.uk/id/postcodedistrict/PE14,,,,King's Lynn and West Norfolk,http://data.ordnancesurvey.co.uk/id/7000000000007016,http://data.ordnancesurvey.co.uk/ontology/admingeo/District,Norfolk,http://data.ordnancesurvey.co.uk/id/7000000000007238,http://data.ordnancesurvey.co.uk/ontology/admingeo/County,Eastern,http://data.ordnancesurvey.co.uk/id/7000000000041425,England,http://data.ordnancesurvey.co.uk/id/country/england,,,
osgb4000000026932402,http://data.ordnancesurvey.co.uk/id/4000000026932402,Black Bear Lane,,,,transportNetwork,Named Road,547991,310777,8000,20000,547381,310732,548559,310827,PE13,http://data.ordnancesurvey.co.uk/id/postcodedistrict/PE13,Wisbech,http://data.ordnancesurvey.co.uk/id/4000000074551318,http://www.ordnancesurvey.co.uk/xml/codelists/localtype.xml#town,King's Lynn and West Norfolk,http://data.ordnancesurvey.co.uk/id/7000000000007016,http://data.ordnancesurvey.co.uk/ontology/admingeo/District,Norfolk,http://data.ordnancesurvey.co.uk/id/7000000000007238,http://data.ordnancesurvey.co.uk/ontology/admingeo/County,Eastern,http://data.ordnancesurvey.co.uk/id/7000000000041425,England,http://data.ordnancesurvey.co.uk/id/country/england,,,
osgb4000000026997146,http://data.ordnancesurvey.co.uk/id/4000000026997146,Flint Way,,,,transportNetwork,Named Road,546818,305097,1000,20000,546781,305061,546867,305102,PE14,http://data.ordnancesurvey.co.uk/id/postcodedistrict/PE14,Friday Bridge,http://data.ordnancesurvey.co.uk/id/4000000074550225,http://www.ordnancesurvey.co.uk/xml/codelists/localtype.xml#village,Fenland,http://data.ordnancesurvey.co.uk/id/7000000000001357,http://data.ordnancesurvey.co.uk/ontology/admingeo/District,Cambridgeshire,http://data.ordnancesurvey.co.uk/id/7000000000001386,http://data.ordnancesurvey.co.uk/ontology/admingeo/County,Eastern,http://data.ordnancesurvey.co.uk/id/7000000000041425,England,http://data.ordnancesurvey.co.uk/id/country/england,,,
osgb5000005232421290,http://data.ordnancesurvey.co.uk/id/5000005232421290,Hallcroft Lane,,,,transportNetwork,Named Road,544112,316489,3000,20000,544013,316243,544184,316733,PE13,http://data.ordnancesurvey.co.uk/id/postcodedistrict/PE13,,,,Fenland,http://data.ordnancesurvey.co.uk/id/7000000000001357,http://data.ordnancesurvey.co.uk/ontology/admingeo/District,Cambridgeshire,http://data.ordnancesurvey.co.uk/id/7000000000001386,http://data.ordnancesurvey.co.uk/ontology/admingeo/County,Eastern,http://data.ordnancesurvey.co.uk/id/7000000000041425,England,http://data.ordnancesurvey.co.uk/id/country/england,,,
osgb4000000026933683,http://data.ordnancesurvey.co.uk/id/4000000026933683,Church Road,,,,transportNetwork,Named Road,550382,316933,5000,20000,549985,316596,550689,316949,PE14,http://data.ordnancesurvey.co.uk/id/postcodedistrict/PE14,Walpole St Peter,http://data.ordnancesurvey.co.uk/id/4000000074550943,http://www.ordnancesurvey.co.uk/xml/codelists/localtype.xml#village,King's Lynn and West Norfolk,http://data.ordnancesurvey.co.uk/id/7000000000007016,http://data.ordnancesurvey.co.uk/ontology/admingeo/District,Norfolk,http://data.ordnancesurvey.co.uk/id/7000000000007238,http://data.ordnancesurvey.co.uk/ontology/admingeo/County,Eastern,http://data.ordnancesurvey.co.uk/id/7000000000041425,England,http://data.ordnancesurvey.co.uk/id/country/england,,,
osgb4000000026932398,http://data.ordnancesurvey.co.uk/id/4000000026932398,Mill Road,,,,transportNetwork,Named Road,548984,308062,10000,20000,548787,307353,549194,308832,PE14,http://data.ordnancesurvey.co.uk/id/postcodedistrict/PE14,,,,King's Lynn and West Norfolk,http://data.ordnancesurvey.co.uk/id/7000000000007016,http://data.ordnancesurvey.co.uk/ontology/admingeo/District,Norfolk,http://data.ordnancesurvey.co.uk/id/7000000000007238,http://data.ordnancesurvey.co.uk/ontology/admingeo/County,Eastern,http://data.ordnancesurvey.co.uk/id/7000000000041425,England,http://data.ordnancesurvey.co.uk/id/country/england,,,
osgb5000005107207983,http://data.ordnancesurvey.co.uk/id/5000005107207983,Carnoustie Court,,,,transportNetwork,Named Road,543259,316686,1000,20000,543188,316670,543330,316758,PE13,http://data.ordnancesurvey.co.uk/id/postcodedistrict/PE13,Tydd St Giles,http://data.ordnancesurvey.co.uk/id/4000000074548770,http://www.ordnancesurvey.co.uk/xml/codelists/localtype.xml#village,Fenland,http://data.ordnancesurvey.co.uk/id/7000000000001357,http://data.ordnancesurvey.co.uk/ontology/admingeo/District,Cambridgeshire,http://data.ordnancesurvey.co.uk/id/7000000000001386,http://data.ordnancesurvey.co.uk/ontology/admingeo/County,Eastern,http://data.ordnancesurvey.co.uk/id/7000000000041425,England,http://data.ordnancesurvey.co.uk/id/country/england,,,
9246253b-12a3-4484-9ac2-13a12b50a4c9,http://data.ordnancesurvey.co.uk/id/9246253b-12a3-4484-9ac2-13a12b50a4c9,Magdalen High Road,,,,transportNetwork,Section Of Named Road,559153,311441,7000,25000,558495,311376,559596,311702,PE34,http://data.ordnancesurvey.co.uk/id/postcodedistrict/PE34,Wiggenhall St Mary Magdalen,http://data.ordnancesurvey.co.uk/id/4000000074548392,http://www.ordnancesurvey.co.uk/xml/codelists/localtype.xml#village,King's Lynn and West Norfolk,http://data.ordnancesurvey.co.uk/id/7000000000007016,http://data.ordnancesurvey.co.uk/ontology/admingeo/District,Norfolk,http://data.ordnancesurvey.co.uk/id/7000000000007238,http://data.ordnancesurvey.co.uk/ontology/admingeo/County,Eastern,http://data.ordnancesurvey.co.uk/id/7000000000041425,England,http://data.ordnancesurvey.co.uk/id/country/england,osgb4000000026932421,,
7c1e4a2f-e57b-42eb-b3a1-265d6a7484db,http://data.ordnancesurvey.co.uk/id/7c1e4a2f-e57b-42eb-b3a1-265d6a7484db,Dades Lane,,,,transportNetwork,Section Of Named Road,553994,311437,1000,25000,553975,311406,554003,311452,PE14,http://data.ordnancesurvey.co.uk/id/postcodedistrict/PE14,Tilney Fen End,http://data.ordnancesurvey.co.uk/id/4000000074548751,http://www.ordnancesurvey.co.uk/xml/codelists/localtype.xml#hamlet,King's Lynn and West Norfolk,http://data.ordnancesurvey.co.uk/id/7000000000007016,http://data.ordnancesurvey.co.uk/ontology/admingeo/District,Norfolk,http://data.ordnancesurvey.co.uk/id/7000000000007238,http://data.ordnancesurvey.co.uk/ontology/admingeo/County,Eastern,http://data.ordnancesurvey.co.uk/id/7000000000041425,England,http://data.ordnancesurvey.co.uk/id/country/england,osgb4000000026933651,,
osgb4000000027037429,http://data.ordnancesurvey.co.uk/id/4000000027037429,Oxfield Drive,,,,transportNetwork,Named Road,542060,311982,1000,20000,541954,311915,542158,312084,PE13,http://data.ordnancesurvey.co.uk/id/postcodedistrict/PE13,Gorefield,http://data.ordnancesurvey.co.uk/id/4000000074551667,http://www.ordnancesurvey.co.uk/xml/codelists/localtype.xml#village,Fenland,http://data.ordnancesurvey.co.uk/id/7000000000001357,http://data.ordnancesurvey.co.uk/ontology/admingeo/District,Cambridgeshire,http://data.ordnancesurvey.co.uk/id/7000000000001386,http://data.ordnancesurvey.co.uk/ontology/admingeo/County,Eastern,http://data.ordnancesurvey.co.uk/id/7000000000041425,England,http://data.ordnancesurvey.co.uk/id/country/england,,,
99fc633b-9366-49ac-b9fb-3fc3fdfc82dc,http://data.ordnancesurvey.co.uk/id/99fc633b-9366-49ac-b9fb-3fc3fdfc82dc,Magazine Lane,,,,transportNetwork,Section Of Named Road,545041,309105,5000,25000,544728,309013,545455,309139,PE13,http://data.ordnancesurvey.co.uk/id/postcodedistrict/PE13,Wisbech,http://data.ordnancesurvey.co.uk/id/4000000074551318,http://www.ordnancesurvey.co.uk/xml/codelists/localtype.xml#town,Fenland,http://data.ordnancesurvey.co.uk/id/7000000000001357,http://data.ordnancesurvey.co.uk/ontology/admingeo/District,Cambridgeshire,http://data.ordnancesurvey.co.uk/id/7000000000001386,http://data.ordnancesurvey.co.uk/ontology/admingeo/County,Eastern,http://data.ordnancesurvey.co.uk/id/7000000000041425,England,http://data.ordnancesurvey.co.uk/id/country/england,osgb4000000026933506,,
osgb4000000026942752,http://data.ordnancesurvey.co.uk/id/4000000026942752,King's Walk,,,,transportNetwork,Named Road,546358,309456,1000,20000,546324,309421,546368,309483,PE13,http://data.ordnancesurvey.co.uk/id/postcodedistrict/PE13,Wisbech,http://data.ordnancesurvey.co.uk/id/4000000074551318,http://www.ordnancesurvey.co.uk/xml/codelists/localtype.xml#town,Fenland,http://data.ordnancesurvey.co.uk/id/7000000000001357,http://data.ordnancesurvey.co.uk/ontology/admingeo/District,Cambridgeshire,http://data.ordnancesurvey.co.uk/id/7000000000001386,http://data.ordnancesurvey.co.uk/ontology/admingeo/County,Eastern,http://data.ordnancesurvey.co.uk/id/7000000000041425,England,http://data.ordnancesurvey.co.uk/id/country/england,,,
osgb4000000026940310,http://data.ordnancesurvey.co.uk/id/4000000026940310,Magazine Close,,,,transportNetwork,Named Road,545043,309090,1000,20000,545040,308995,545048,309105,PE13,http://data.ordnancesurvey.co.uk/id/postcodedistrict/PE13,Wisbech,http://data.ordnancesurvey.co.uk/id/4000000074551318,http://www.ordnancesurvey.co.uk/xml/codelists/localtype.xml#town,Fenland,http://data.ordnancesurvey.co.uk/id/7000000000001357,http://data.ordnancesurvey.co.uk/ontology/admingeo/District,Cambridgeshire,http://data.ordnancesurvey.co.uk/id/7000000000001386,http://data.ordnancesurvey.co.uk/ontology/admingeo/County,Eastern,http://data.ordnancesurvey.co.uk/id/7000000000041425,England,http://data.ordnancesurvey.co.uk/id/country/england,,,
osgb5000005105230502,http://data.ordnancesurvey.co.uk/id/5000005105230502,Abraham Drive,,,,transportNetwork,Named Road,545402,308706,1000,20000,545351,308656,545449,308764,PE14,http://data.ordnancesurvey.co.uk/id/postcodedistrict/PE14,Wisbech,http://data.ordnancesurvey.co.uk/id/4000000074551318,http://www.ordnancesurvey.co.uk/xml/codelists/localtype.xml#town,Fenland,http://data.ordnancesurvey.co.uk/id/7000000000001357,http://data.ordnancesurvey.co.uk/ontology/admingeo/District,Cambridgeshire,http://data.ordnancesurvey.co.uk/id/7000000000001386,http://data.ordnancesurvey.co.uk/ontology/admingeo/County,Eastern,http://data.ordnancesurvey.co.uk/id/7000000000041425,England,http://data.ordnancesurvey.co.uk/id/country/england,,,
57a0419d-ade9-40e7-925a-c2bb91413059,http://data.ordnancesurvey.co.uk/id/57a0419d-ade9-40e7-925a-c2bb91413059,Outwell Road,,,,transportNetwork,Section Of Named Road,557411,305641,1000,25000,557404,305637,557514,305714,PE34,http://data.ordnancesurvey.co.uk/id/postcodedistrict/PE34,West Head,http://data.ordnancesurvey.co.uk/id/4000000074550934,http://www.ordnancesurvey.co.uk/xml/codelists/localtype.xml#hamlet,King's Lynn and West Norfolk,http://data.ordnancesurvey.co.uk/id/7000000000007016,http://data.ordnancesurvey.co.uk/ontology/admingeo/District,Norfolk,http://data.ordnancesurvey.co.uk/id/7000000000007238,http://data.ordnancesurvey.co.uk/ontology/admingeo/County,Eastern,http://data.ordnancesurvey.co.uk/id/7000000000041425,England,http://data.ordnancesurvey.co.uk/id/country/england,osgb4000000026931765,,
osgb4000000027007208,http://data.ordnancesurvey.co.uk/id/4000000027007208,Fieldside View,,,,transportNetwork,Named Road,542316,316198,1000,20000,542304,316152,542349,316201,PE13,http://data.ordnancesurvey.co.uk/id/postcodedistrict/PE13,Tydd St Giles,http://data.ordnancesurvey.co.uk/id/4000000074548770,http://www.ordnancesurvey.co.uk/xml/codelists/localtype.xml#village,Fenland,http://data.ordnancesurvey.co.uk/id/7000000000001357,http://data.ordnancesurvey.co.uk/ontology/admingeo/District,Cambridgeshire,http://data.ordnancesurvey.co.uk/id/7000000000001386,http://data.ordnancesurvey.co.uk/ontology/admingeo/County,Eastern,http://data.ordnancesurvey.co.uk/id/7000000000041425,England,http://data.ordnancesurvey.co.uk/id/country/england,,,
osgb4000000026932212,http://data.ordnancesurvey.co.uk/id/4000000026932212,Coldham Bank,,,,transportNetwork,Named Road,544602,301585,20000,26000,543414,299619,545783,303642,PE14,http://data.ordnancesurvey.co.uk/id/postcodedistrict/PE14,,,,Fenland,http://data.ordnancesurvey.co.uk/id/7000000000001357,http://data.ordnancesurvey.co.uk/ontology/admingeo/District,Cambridgeshire,http://data.ordnancesurvey.co.uk/id/7000000000001386,http://data.ordnancesurvey.co.uk/ontology/admingeo/County,Eastern,http://data.ordnancesurvey.co.uk/id/7000000000041425,England,http://data.ordnancesurvey.co.uk/id/country/england,,,
464dbbc2-e422-47d8-9583-32656e020c38,http://data.ordnancesurvey.co.uk/id/464dbbc2-e422-47d8-9583-32656e020c38,Scarfield Lane,,,,transportNetwork,Section Of Named Road,548109,307325,1000,25000,548102,307321,548113,307327,PE14,http://data.ordnancesurvey.co.uk/id/postcodedistrict/PE14,Emneth,http://data.ordnancesurvey.co.uk/id/4000000074550948,http://www.ordnancesurvey.co.uk/xml/codelists/localtype.xml#village,King's Lynn and West Norfolk,http://data.ordnancesurvey.co.uk/id/7000000000007016,http://data.ordnancesurvey.co.uk/ontology/admingeo/District,Norfolk,http://data.ordnancesurvey.co.uk/id/7000000000007238,http://data.ordnancesurvey.co.uk/ontology/admingeo/County,Eastern,http://data.ordnancesurvey.co.uk/id/7000000000041425,England,http://data.ordnancesurvey.co.uk/id/country/england,osgb4000000026937433,,
osgb4000000027007207,http://data.ordnancesurvey.co.uk/id/4000000027007207,Kiln Drive,,,,transportNetwork,Named Road,543853,318618,2000,20000,543762,318432,543926,318724,PE13,http://data.ordnancesurvey.co.uk/id/postcodedistrict/PE13,Tydd St Mary,http://data.ordnancesurvey.co.uk/id/4000000074548410,http://www.ordnancesurvey.co.uk/xml/codelists/localtype.xml#village,South Holland,http://data.ordnancesurvey.co.uk/id/7000000000005599,http://data.ordnancesurvey.co.uk/ontology/admingeo/District,Lincolnshire,http://data.ordnancesurvey.co.uk/id/7000000000005942,http://data.ordnancesurvey.co.uk/ontology/admingeo/County,East Midlands,http://data.ordnancesurvey.co.uk/id/7000000000041423,England,http://data.ordnancesurvey.co.uk/id/country/england,,,
e739a0ea-f965-420c-b393-1b286df6e285,http://data.ordnancesurvey.co.uk/id/e739a0ea-f965-420c-b393-1b286df6e285,Mill Road,,,,transportNetwork,Section Of Named Road,549087,307464,2000,25000,549062,307353,549115,307593,PE14,http://data.ordnancesurvey.co.uk/id/postcodedistrict/PE14,Emneth,http://data.ordnancesurvey.co.uk/id/4000000074550948,http://www.ordnancesurvey.co.uk/xml/codelists/localtype.xml#village,King's Lynn and West Norfolk,http://data.ordnancesurvey.co.uk/id/7000000000007016,http://data.ordnancesurvey.co.uk/ontology/admingeo/District,Norfolk,http://data.ordnancesurvey.co.uk/id/7000000000007238,http://data.ordnancesurvey.co.uk/ontology/admingeo/County,Eastern,http://data.ordnancesurvey.co.uk/id/7000000000041425,England,http://data.ordnancesurvey.co.uk/id/country/england,osgb4000000026932398,,
osgb4000000026932422,http://data.ordnancesurvey.co.uk/id/4000000026932422,Stow Road,,,,transportNetwork,Named Road,559684,310605,9000,20000,559611,309899,559799,311286,PE34,http://data.ordnancesurvey.co.uk/id/postcodedistrict/PE34,Wiggenhall St Mary Magdalen,http://data.ordnancesurvey.co.uk/id/4000000074548392,http://www.ordnancesurvey.co.uk/xml/codelists/localtype.xml#village,King's Lynn and West Norfolk,http://data.ordnancesurvey.co.uk/id/7000000000007016,http://data.ordnancesurvey.co.uk/ontology/admingeo/District,Norfolk,http://data.ordnancesurvey.co.uk/id/7000000000007238,http://data.ordnancesurvey.co.uk/ontology/admingeo/County,Eastern,http://data.ordnancesurvey.co.uk/id/7000000000041425,England,http://data.ordnancesurvey.co.uk/id/country/england,,,
osgb4000000026937480,http://data.ordnancesurvey.co.uk/id/4000000026937480,Church End,,,,transportNetwork,Named Road,544558,311497,2000,20000,544537,311361,544616,311622,PE13,http://data.ordnancesurvey.co.uk/id/postcodedistrict/PE13,Leverington,http://data.ordnancesurvey.co.uk/id/4000000074551313,http://www.ordnancesurvey.co.uk/xml/codelists/localtype.xml#village,Fenland,http://data.ordnancesurvey.co.uk/id/7000000000001357,http://data.ordnancesurvey.co.uk/ontology/admingeo/District,Cambridgeshire,http://data.ordnancesurvey.co.uk/id/7000000000001386,http://data.ordnancesurvey.co.uk/ontology/admingeo/County,Eastern,http://data.ordnancesurvey.co.uk/id/7000000000041425,England,http://data.ordnancesurvey.co.uk/id/country/england,,,
osgb4000000026961878,http://data.ordnancesurvey.co.uk/id/4000000026961878,Old Church Road,,,,transportNetwork,Named Road,553775,314660,3000,20000,553730,314394,553807,314905,PE14,http://data.ordnancesurvey.co.uk/id/postcodedistrict/PE14,Terrington St John,http://data.ordnancesurvey.co.uk/id/4000000074550941,http://www.ordnancesurvey.co.uk/xml/codelists/localtype.xml#village,King's Lynn and West Norfolk,http://data.ordnancesurvey.co.uk/id/7000000000007016,http://data.ordnancesurvey.co.uk/ontology/admingeo/District,Norfolk,http://data.ordnancesurvey.co.uk/id/7000000000007238,http://data.ordnancesurvey.co.uk/ontology/admingeo/County,Eastern,http://data.ordnancesurvey.co.uk/id/7000000000041425,England,http://data.ordnancesurvey.co.uk/id/country/england,,,
4db7bfaa-0042-4e2d-879c-75260aae8fda,http://data.ordnancesurvey.co.uk/id/4db7bfaa-0042-4e2d-879c-75260aae8fda,Burrettgate Road,,,,transportNetwork,Section Of Named Road,548131,309901,4000,25000,547989,309567,548173,310202,PE14,http://data.ordnancesurvey.co.uk/id/postcodedistrict/PE14,Wisbech,http://data.ordnancesurvey.co.uk/id/4000000074551318,http://www.ordnancesurvey.co.uk/xml/codelists/localtype.xml#town,King's Lynn and West Norfolk,http://data.ordnancesurvey.co.uk/id/7000000000007016,http://data.ordnancesurvey.co.uk/ontology/admingeo/District,Norfolk,http://data.ordnancesurvey.co.uk/id/7000000000007238,http://data.ordnancesurvey.co.uk/ontology/admingeo/County,Eastern,http://data.ordnancesurvey.co.uk/id/7000000000041425,England,http://data.ordnancesurvey.co.uk/id/country/england,osgb4000000026933533,,
osgb4000000026937413,http://data.ordnancesurvey.co.uk/id/4000000026937413,Queen's Drive,,,,transportNetwork,Named Road,546753,304786,1000,20000,546688,304733,546803,304828,PE14,http://data.ordnancesurvey.co.uk/id/postcodedistrict/PE14,Friday Bridge,http://data.ordnancesurvey.co.uk/id/4000000074550225,http://www.ordnancesurvey.co.uk/xml/codelists/localtype.xml#village,Fenland,http://data.ordnancesurvey.co.uk/id/7000000000001357,http://data.ordnancesurvey.co.uk/ontology/admingeo/District,Cambridgeshire,http://data.ordnancesurvey.co.uk/id/7000000000001386,http://data.ordnancesurvey.co.uk/ontology/admingeo/County,Eastern,http://data.ordnancesurvey.co.uk/id/7000000000041425,England,http://data.ordnancesurvey.co.uk/id/country/england,,,
osgb4000000026932349,http://data.ordnancesurvey.co.uk/id/4000000026932349,Middle Broad Drove,,,,transportNetwork,Named Road,540349,315001,11000,20000,539740,314618,541421,315627,PE13,http://data.ordnancesurvey.co.uk/id/postcodedistrict/PE13,,,,Fenland,http://data.ordnancesurvey.co.uk/id/7000000000001357,http://data.ordnancesurvey.co.uk/ontology/admingeo/District,Cambridgeshire,http://data.ordnancesurvey.co.uk/id/7000000000001386,http://data.ordnancesurvey.co.uk/ontology/admingeo/County,Eastern,http://data.ordnancesurvey.co.uk/id/7000000000041425,England,http://data.ordnancesurvey.co.uk/id/country/england,,,
osgb4000000026975548,http://data.ordnancesurvey.co.uk/id/4000000026975548,Cottons Head,,,,transportNetwork,Named Road,550402,304116,1000,20000,550279,304098,550503,304117,PE14,http://data.ordnancesurvey.co.uk/id/postcodedistrict/PE14,,,,King's Lynn and West Norfolk,http://data.ordnancesurvey.co.uk/id/7000000000007016,http://data.ordnancesurvey.co.uk/ontology/admingeo/District,Norfolk,http://data.ordnancesurvey.co.uk/id/7000000000007238,http://data.ordnancesurvey.co.uk/ontology/admingeo/County,Eastern,http://data.ordnancesurvey.co.uk/id/7000000000041425,England,http://data.ordnancesurvey.co.uk/id/country/england,,,
osgb4000000026940369,http://data.ordnancesurvey.co.uk/id/4000000026940369,Walton Road,,,,transportNetwork,Named Road,544400,311588,1000,20000,544343,311581,544428,311599,PE13,http://data.ordnancesurvey.co.uk/id/postcodedistrict/PE13,Leverington,http://data.ordnancesurvey.co.uk/id/4000000074551313,http://www.ordnancesurvey.co.uk/xml/codelists/localtype.xml#village,Fenland,http://data.ordnancesurvey.co.uk/id/7000000000001357,http://data.ordnancesurvey.co.uk/ontology/admingeo/District,Cambridgeshire,http://data.ordnancesurvey.co.uk/id/7000000000001386,http://data.ordnancesurvey.co.uk/ontology/admingeo/County,Eastern,http://data.ordnancesurvey.co.uk/id/7000000000041425,England,http://data.ordnancesurvey.co.uk/id/country/england,,,
osgb4000000026940300,http://data.ordnancesurvey.co.uk/id/4000000026940300,School Close,,,,transportNetwork,Named Road,541810,308163,1000,20000,541792,308135,541838,308201,PE13,http://data.ordnancesurvey.co.uk/id/postcodedistrict/PE13,Wisbech St Mary,http://data.ordnancesurvey.co.uk/id/4000000074551315,http://www.ordnancesurvey.co.uk/xml/codelists/localtype.xml#village,Fenland,http://data.ordnancesurvey.co.uk/id/7000000000001357,http://data.ordnancesurvey.co.uk/ontology/admingeo/District,Cambridgeshire,http://data.ordnancesurvey.co.uk/id/7000000000001386,http://data.ordnancesurvey.co.uk/ontology/admingeo/County,Eastern,http://data.ordnancesurvey.co.uk/id/7000000000041425,England,http://data.ordnancesurvey.co.uk/id/country/england,,,
osgb4000000026935179,http://data.ordnancesurvey.co.uk/id/4000000026935179,Walton Road,,,,transportNetwork,Named Road,547108,310967,3000,20000,547096,310730,547174,311223,PE13,http://data.ordnancesurvey.co.uk/id/postcodedistrict/PE13,Wisbech,http://data.ordnancesurvey.co.uk/id/4000000074551318,http://www.ordnancesurvey.co.uk/xml/codelists/localtype.xml#town,Fenland,http://data.ordnancesurvey.co.uk/id/7000000000001357,http://data.ordnancesurvey.co.uk/ontology/admingeo/District,Cambridgeshire,http://data.ordnancesurvey.co.uk/id/7000000000001386,http://data.ordnancesurvey.co.uk/ontology/admingeo/County,Eastern,http://data.ordnancesurvey.co.uk/id/7000000000041425,England,http://data.ordnancesurvey.co.uk/id/country/england,,,
osgb4000000026935155,http://data.ordnancesurvey.co.uk/id/4000000026935155,Chapel Road,,,,transportNetwork,Named Road,545842,309721,2000,20000,545698,309553,546021,309803,PE13,http://data.ordnancesurvey.co.uk/id/postcodedistrict/PE13,Wisbech,http://data.ordnancesurvey.co.uk/id/4000000074551318,http://www.ordnancesurvey.co.uk/xml/codelists/localtype.xml#town,Fenland,http://data.ordnancesurvey.co.uk/id/7000000000001357,http://data.ordnancesurvey.co.uk/ontology/admingeo/District,Cambridgeshire,http://data.ordnancesurvey.co.uk/id/7000000000001386,http://data.ordnancesurvey.co.uk/ontology/admingeo/County,Eastern,http://data.ordnancesurvey.co.uk/id/7000000000041425,England,http://data.ordnancesurvey.co.uk/id/country/england,,,
osgb4000000026937654,http://data.ordnancesurvey.co.uk/id/4000000026937654,Holt Court,,,,transportNetwork,Named Road,550706,316947,1000,20000,550689,316883,550773,317012,PE14,http://data.ordnancesurvey.co.uk/id/postcodedistrict/PE14,Walpole St Peter,http://data.ordnancesurvey.co.uk/id/4000000074550943,http://www.ordnancesurvey.co.uk/xml/codelists/localtype.xml#village,King's Lynn and West Norfolk,http://data.ordnancesurvey.co.uk/id/7000000000007016,http://data.ordnancesurvey.co.uk/ontology/admingeo/District,Norfolk,http://data.ordnancesurvey.co.uk/id/7000000000007238,http://data.ordnancesurvey.co.uk/ontology/admingeo/County,Eastern,http://data.ordnancesurvey.co.uk/id/7000000000041425,England,http://data.ordnancesurvey.co.uk/id/country/england,,,
44c45d39-c3ff-4192-a866-ad2c910e502e,http://data.ordnancesurvey.co.uk/id/44c45d39-c3ff-4192-a866-ad2c910e502e,March Riverside,,,,transportNetwork,Section Of Named Road,549585,301756,6000,25000,549316,301343,549763,302223,PE14,http://data.ordnancesurvey.co.uk/id/postcodedistrict/PE14,Upwell,http://data.ordnancesurvey.co.uk/id/4000000074550938,http://www.ordnancesurvey.co.uk/xml/codelists/localtype.xml#village,King's Lynn and West Norfolk,http://data.ordnancesurvey.co.uk/id/7000000000007016,http://data.ordnancesurvey.co.uk/ontology/admingeo/District,Norfolk,http://data.ordnancesurvey.co.uk/id/7000000000007238,http://data.ordnancesurvey.co.uk/ontology/admingeo/County,Eastern,http://data.ordnancesurvey.co.uk/id/7000000000041425,England,http://data.ordnancesurvey.co.uk/id/country/england,osgb4000000026962904,,
osgb4000000026943751,http://data.ordnancesurvey.co.uk/id/4000000026943751,Station Road,,,,transportNetwork,Named Road,557329,319364,12000,20000,556607,318505,558024,320301,PE34,http://data.ordnancesurvey.co.uk/id/postcodedistrict/PE34,,,,King's Lynn and West Norfolk,http://data.ordnancesurvey.co.uk/id/7000000000007016,http://data.ordnancesurvey.co.uk/ontology/admingeo/District,Norfolk,http://data.ordnancesurvey.co.uk/id/7000000000007238,http://data.ordnancesurvey.co.uk/ontology/admingeo/County,Eastern,http://data.ordnancesurvey.co.uk/id/7000000000041425,England,http://data.ordnancesurvey.co.uk/id/country/england,,,
osgb4000000026940330,http://data.ordnancesurvey.co.uk/id/4000000026940330,Artillery Street,,,,transportNetwork,Named Road,546305,309146,1000,20000,546278,309108,546335,309183,PE13,http://data.ordnancesurvey.co.uk/id/postcodedistrict/PE13,Wisbech,http://data.ordnancesurvey.co.uk/id/4000000074551318,http://www.ordnancesurvey.co.uk/xml/codelists/localtype.xml#town,Fenland,http://data.ordnancesurvey.co.uk/id/7000000000001357,http://data.ordnancesurvey.co.uk/ontology/admingeo/District,Cambridgeshire,http://data.ordnancesurvey.co.uk/id/7000000000001386,http://data.ordnancesurvey.co.uk/ontology/admingeo/County,Eastern,http://data.ordnancesurvey.co.uk/id/7000000000041425,England,http://data.ordnancesurvey.co.uk/id/country/england,,,
a404534e-027b-45c7-8f1e-a1908f9bf0a8,http://data.ordnancesurvey.co.uk/id/a404534e-027b-45c7-8f1e-a1908f9bf0a8,Croft Road,,,,transportNetwork,Section Of Named Road,550219,300402,3000,25000,550007,300385,550445,300537,PE14,http://data.ordnancesurvey.co.uk/id/postcodedistrict/PE14,Three Holes,http://data.ordnancesurvey.co.uk/id/4000000074550936,http://www.ordnancesurvey.co.uk/xml/codelists/localtype.xml#village,King's Lynn and West Norfolk,http://data.ordnancesurvey.co.uk/id/7000000000007016,http://data.ordnancesurvey.co.uk/ontology/admingeo/District,Norfolk,http://data.ordnancesurvey.co.uk/id/7000000000007238,http://data.ordnancesurvey.co.uk/ontology/admingeo/County,Eastern,http://data.ordnancesurvey.co.uk/id/7000000000041425,England,http://data.ordnancesurvey.co.uk/id/country/england,osgb4000000026932216,,
018a39ae-d7a2-4703-a69c-654b36fc498d,http://data.ordnancesurvey.co.uk/id/018a39ae-d7a2-4703-a69c-654b36fc498d,Broad Drove,,,,transportNetwork,Section Of Named Road,549981,301576,1000,25000,549873,301510,550063,301613,PE14,http://data.ordnancesurvey.co.uk/id/postcodedistrict/PE14,Upwell,http://data.ordnancesurvey.co.uk/id/4000000074550938,http://www.ordnancesurvey.co.uk/xml/codelists/localtype.xml#village,King's Lynn and West Norfolk,http://data.ordnancesurvey.co.uk/id/7000000000007016,http://data.ordnancesurvey.co.uk/ontology/admingeo/District,Norfolk,http://data.ordnancesurvey.co.uk/id/7000000000007238,http://data.ordnancesurvey.co.uk/ontology/admingeo/County,Eastern,http://data.ordnancesurvey.co.uk/id/7000000000041425,England,http://data.ordnancesurvey.co.uk/id/country/england,osgb4000000026935045,,
c74463b2-0069-4c53-8371-96b429117912,http://data.ordnancesurvey.co.uk/id/c74463b2-0069-4c53-8371-96b429117912,World's End Road,,,,transportNetwork,Section Of Named Road,543958,318129,2000,25000,543860,317965,543984,318282,PE13,http://data.ordnancesurvey.co.uk/id/postcodedistrict/PE13,Tydd St Mary,http://data.ordnancesurvey.co.uk/id/4000000074548410,http://www.ordnancesurvey.co.uk/xml/codelists/localtype.xml#village,South Holland,http://data.ordnancesurvey.co.uk/id/7000000000005599,http://data.ordnancesurvey.co.uk/ontology/admingeo/District,Lincolnshire,http://data.ordnancesurvey.co.uk/id/7000000000005942,http://data.ordnancesurvey.co.uk/ontology/admingeo/County,East Midlands,http://data.ordnancesurvey.co.uk/id/7000000000041423,England,http://data.ordnancesurvey.co.uk/id/country/england,osgb4000000027022170,,
osgb5000005234285606,http://data.ordnancesurvey.co.uk/id/5000005234285606,Light Lane,,,,transportNetwork,Named Road,549519,311813,3000,20000,549322,311555,549747,312034,PE14,http://data.ordnancesurvey.co.uk/id/postcodedistrict/PE14,,,,King's Lynn and West Norfolk,http://data.ordnancesurvey.co.uk/id/7000000000007016,http://data.ordnancesurvey.co.uk/ontology/admingeo/District,Norfolk,http://data.ordnancesurvey.co.uk/id/7000000000007238,http://data.ordnancesurvey.co.uk/ontology/admingeo/County,Eastern,http://data.ordnancesurvey.co.uk/id/7000000000041425,England,http://data.ordnancesurvey.co.uk/id/country/england,,,
osgb4000000027007222,http://data.ordnancesurvey.co.uk/id/4000000027007222,Grove Park,,,,transportNetwork,Named Road,544985,309188,1000,20000,544952,309097,545007,309258,PE13,http://data.ordnancesurvey.co.uk/id/postcodedistrict/PE13,Wisbech,http://data.ordnancesurvey.co.uk/id/4000000074551318,http://www.ordnancesurvey.co.uk/xml/codelists/localtype.xml#town,Fenland,http://data.ordnancesurvey.co.uk/id/7000000000001357,http://data.ordnancesurvey.co.uk/ontology/admingeo/District,Cambridgeshire,http://data.ordnancesurvey.co.uk/id/7000000000001386,http://data.ordnancesurvey.co.uk/ontology/admingeo/County,Eastern,http://data.ordnancesurvey.co.uk/id/7000000000041425,England,http://data.ordnancesurvey.co.uk/id/country/england,,,
8c84d03f-0a45-44d2-867c-3bb20550f650,http://data.ordnancesurvey.co.uk/id/8c84d03f-0a45-44d2-867c-3bb20550f650,School Road,,,,transportNetwork,Section Of Named Road,553821,313253,15000,25000,553698,312135,553840,314394,PE14,http://data.ordnancesurvey.co.uk/id/postcodedistrict/PE14,Terrington St John,http://data.ordnancesurvey.co.uk/id/4000000074550941,http://www.ordnancesurvey.co.uk/xml/codelists/localtype.xml#village,King's Lynn and West Norfolk,http://data.ordnancesurvey.co.uk/id/7000000000007016,http://data.ordnancesurvey.co.uk/ontology/admingeo/District,Norfolk,http://data.ordnancesurvey.co.uk/id/7000000000007238,http://data.ordnancesurvey.co.uk/ontology/admingeo/County,Eastern,http://data.ordnancesurvey.co.uk/id/7000000000041425,England,http://data.ordnancesurvey.co.uk/id/country/england,osgb4000000026931774,,
osgb4000000026937634,http://data.ordnancesurvey.co.uk/id/4000000026937634,Prophets Alley,,,,transportNetwork,Named Road,559815,311143,1000,20000,559757,311111,559886,311176,PE34,http://data.ordnancesurvey.co.uk/id/postcodedistrict/PE34,Wiggenhall St Mary Magdalen,http://data.ordnancesurvey.co.uk/id/4000000074548392,http://www.ordnancesurvey.co.uk/xml/codelists/localtype.xml#village,King's Lynn and West Norfolk,http://data.ordnancesurvey.co.uk/id/7000000000007016,http://data.ordnancesurvey.co.uk/ontology/admingeo/District,Norfolk,http://data.ordnancesurvey.co.uk/id/7000000000007238,http://data.ordnancesurvey.co.uk/ontology/admingeo/County,Eastern,http://data.ordnancesurvey.co.uk/id/7000000000041425,England,http://data.ordnancesurvey.co.uk/id/country/england,,,
osgb4000000026935066,http://data.ordnancesurvey.co.uk/id/4000000026935066,Bridge Road,,,,transportNetwork,Named Road,559886,303070,2000,20000,559756,302900,560017,303260,PE38,http://data.ordnancesurvey.co.uk/id/postcodedistrict/PE38,Downham Market,http://data.ordnancesurvey.co.uk/id/4000000074550572,http://www.ordnancesurvey.co.uk/xml/codelists/localtype.xml#town,King's Lynn and West Norfolk,http://data.ordnancesurvey.co.uk/id/7000000000007016,http://data.ordnancesurvey.co.uk/ontology/admingeo/District,Norfolk,http://data.ordnancesurvey.co.uk/id/7000000000007238,http://data.ordnancesurvey.co.uk/ontology/admingeo/County,Eastern,http://data.ordnancesurvey.co.uk/id/7000000000041425,England,http://data.ordnancesurvey.co.uk/id/country/england,,,
osgb4000000026932271,http://data.ordnancesurvey.co.uk/id/4000000026932271,Bar Drove,,,,transportNetwork,Named Road,547477,305759,7000,20000,547323,305171,547643,306319,PE14,http://data.ordnancesurvey.co.uk/id/postcodedistrict/PE14,,,,Fenland,http://data.ordnancesurvey.co.uk/id/7000000000001357,http://data.ordnancesurvey.co.uk/ontology/admingeo/District,Cambridgeshire,http://data.ordnancesurvey.co.uk/id/7000000000001386,http://data.ordnancesurvey.co.uk/ontology/admingeo/County,Eastern,http://data.ordnancesurvey.co.uk/id/7000000000041425,England,http://data.ordnancesurvey.co.uk/id/country/england,,,
osgb4000000026935220,http://data.ordnancesurvey.co.uk/id/4000000026935220,Church Lane,,,,transportNetwork,Named Road,544588,318563,1000,20000,544464,318504,544635,318612,PE13,http://data.ordnancesurvey.co.uk/id/postcodedistrict/PE13,Tydd St Mary,http://data.ordnancesurvey.co.uk/id/4000000074548410,http://www.ordnancesurvey.co.uk/xml/codelists/localtype.xml#village,South Holland,http://data.ordnancesurvey.co.uk/id/7000000000005599,http://data.ordnancesurvey.co.uk/ontology/admingeo/District,Lincolnshire,http://data.ordnancesurvey.co.uk/id/7000000000005942,http://data.ordnancesurvey.co.uk/ontology/admingeo/County,East Midlands,http://data.ordnancesurvey.co.uk/id/7000000000041423,England,http://data.ordnancesurvey.co.uk/id/country/england,,,
osgb5000005232593706,http://data.ordnancesurvey.co.uk/id/5000005232593706,Short Fen Drove,,,,transportNetwork,Named Road,557638,311429,8000,20000,557551,310827,557869,312044,PE34,http://data.ordnancesurvey.co.uk/id/postcodedistrict/PE34,,,,King's Lynn and West Norfolk,http://data.ordnancesurvey.co.uk/id/7000000000007016,http://data.ordnancesurvey.co.uk/ontology/admingeo/District,Norfolk,http://data.ordnancesurvey.co.uk/id/7000000000007238,http://data.ordnancesurvey.co.uk/ontology/admingeo/County,Eastern,http://data.ordnancesurvey.co.uk/id/7000000000041425,England,http://data.ordnancesurvey.co.uk/id/country/england,,,
osgb4000000026935097,http://data.ordnancesurvey.co.uk/id/4000000026935097,Station Drive,,,,transportNetwork,Named Road,542168,308412,2000,20000,542081,308206,542266,308459,PE13,http://data.ordnancesurvey.co.uk/id/postcodedistrict/PE13,Wisbech St Mary,http://data.ordnancesurvey.co.uk/id/4000000074551315,http://www.ordnancesurvey.co.uk/xml/codelists/localtype.xml#village,Fenland,http://data.ordnancesurvey.co.uk/id/7000000000001357,http://data.ordnancesurvey.co.uk/ontology/admingeo/District,Cambridgeshire,http://data.ordnancesurvey.co.uk/id/7000000000001386,http://data.ordnancesurvey.co.uk/ontology/admingeo/County,Eastern,http://data.ordnancesurvey.co.uk/id/7000000000041425,England,http://data.ordnancesurvey.co.uk/id/country/england,,,
osgb4000000026940393,http://data.ordnancesurvey.co.uk/id/4000000026940393,Eastfield Way,,,,transportNetwork,Named Road,546301,310473,1000,20000,546294,310417,546311,310511,PE13,http://data.ordnancesurvey.co.uk/id/postcodedistrict/PE13,Wisbech,http://data.ordnancesurvey.co.uk/id/4000000074551318,http://www.ordnancesurvey.co.uk/xml/codelists/localtype.xml#town,Fenland,http://data.ordnancesurvey.co.uk/id/7000000000001357,http://data.ordnancesurvey.co.uk/ontology/admingeo/District,Cambridgeshire,http://data.ordnancesurvey.co.uk/id/7000000000001386,http://data.ordnancesurvey.co.uk/ontology/admingeo/County,Eastern,http://data.ordnancesurvey.co.uk/id/7000000000041425,England,http://data.ordnancesurvey.co.uk/id/country/england,,,
osgb4000000027007210,http://data.ordnancesurvey.co.uk/id/4000000027007210,Marley Close,,,,transportNetwork,Named Road,543933,318594,1000,20000,543917,318578,543969,318594,PE13,http://data.ordnancesurvey.co.uk/id/postcodedistrict/PE13,Tydd St Mary,http://data.ordnancesurvey.co.uk/id/4000000074548410,http://www.ordnancesurvey.co.uk/xml/codelists/localtype.xml#village,South Holland,http://data.ordnancesurvey.co.uk/id/7000000000005599,http://data.ordnancesurvey.co.uk/ontology/admingeo/District,Lincolnshire,http://data.ordnancesurvey.co.uk/id/7000000000005942,http://data.ordnancesurvey.co.uk/ontology/admingeo/County,East Midlands,http://data.ordnancesurvey.co.uk/id/7000000000041423,England,http://data.ordnancesurvey.co.uk/id/country/england,,,
osgb4000000026937428,http://data.ordnancesurvey.co.uk/id/4000000026937428,Harrys Way,,,,transportNetwork,Named Road,546423,308152,1000,20000,546348,308093,546450,308217,PE13,http://data.ordnancesurvey.co.uk/id/postcodedistrict/PE13,Wisbech,http://data.ordnancesurvey.co.uk/id/4000000074551318,http://www.ordnancesurvey.co.uk/xml/codelists/localtype.xml#town,Fenland,http://data.ordnancesurvey.co.uk/id/7000000000001357,http://data.ordnancesurvey.co.uk/ontology/admingeo/District,Cambridgeshire,http://data.ordnancesurvey.co.uk/id/7000000000001386,http://data.ordnancesurvey.co.uk/ontology/admingeo/County,Eastern,http://data.ordnancesurvey.co.uk/id/7000000000041425,England,http://data.ordnancesurvey.co.uk/id/country/england,,,
osgb4000000026937660,http://data.ordnancesurvey.co.uk/id/4000000026937660,Glebe Estate,,,,transportNetwork,Named Road,556841,318150,1000,20000,556781,318128,556979,318195,PE34,http://data.ordnancesurvey.co.uk/id/postcodedistrict/PE34,Tilney All Saints,http://data.ordnancesurvey.co.uk/id/4000000074550578,http://www.ordnancesurvey.co.uk/xml/codelists/localtype.xml#village,King's Lynn and West Norfolk,http://data.ordnancesurvey.co.uk/id/7000000000007016,http://data.ordnancesurvey.co.uk/ontology/admingeo/District,Norfolk,http://data.ordnancesurvey.co.uk/id/7000000000007238,http://data.ordnancesurvey.co.uk/ontology/admingeo/County,Eastern,http://data.ordnancesurvey.co.uk/id/7000000000041425,England,http://data.ordnancesurvey.co.uk/id/country/england,,,
osgb4000000026935260,http://data.ordnancesurvey.co.uk/id/4000000026935260,Lynn Road,,,,transportNetwork,Named Road,548280,311856,20000,28000,546186,309935,550558,313546,PE14,http://data.ordnancesurvey.co.uk/id/postcodedistrict/PE14,,,,King's Lynn and West Norfolk,http://data.ordnancesurvey.co.uk/id/7000000000007016,http://data.ordnancesurvey.co.uk/ontology/admingeo/District,Norfolk,http://data.ordnancesurvey.co.uk/id/7000000000007238,http://data.ordnancesurvey.co.uk/ontology/admingeo/County,Eastern,http://data.ordnancesurvey.co.uk/id/7000000000041425,England,http://data.ordnancesurvey.co.uk/id/country/england,,,
osgb4000000026932222,http://data.ordnancesurvey.co.uk/id/4000000026932222,Chalk Road,,,,transportNetwork,Named Road,552488,302540,6000,20000,552309,302123,552960,303028,PE14,http://data.ordnancesurvey.co.uk/id/postcodedistrict/PE14,,,,King's Lynn and West Norfolk,http://data.ordnancesurvey.co.uk/id/7000000000007016,http://data.ordnancesurvey.co.uk/ontology/admingeo/District,Norfolk,http://data.ordnancesurvey.co.uk/id/7000000000007238,http://data.ordnancesurvey.co.uk/ontology/admingeo/County,Eastern,http://data.ordnancesurvey.co.uk/id/7000000000041425,England,http://data.ordnancesurvey.co.uk/id/country/england,,,
osgb4000000026937528,http://data.ordnancesurvey.co.uk/id/4000000026937528,Osborne Park,,,,transportNetwork,Named Road,546003,311300,1000,20000,545920,311265,546091,311330,PE13,http://data.ordnancesurvey.co.uk/id/postcodedistrict/PE13,Wisbech,http://data.ordnancesurvey.co.uk/id/4000000074551318,http://www.ordnancesurvey.co.uk/xml/codelists/localtype.xml#town,Fenland,http://data.ordnancesurvey.co.uk/id/7000000000001357,http://data.ordnancesurvey.co.uk/ontology/admingeo/District,Cambridgeshire,http://data.ordnancesurvey.co.uk/id/7000000000001386,http://data.ordnancesurvey.co.uk/ontology/admingeo/County,Eastern,http://data.ordnancesurvey.co.uk/id/7000000000041425,England,http://data.ordnancesurvey.co.uk/id/country/england,,,
a7a99b97-00ec-4ad4-9901-a2ae431a3821,http://data.ordnancesurvey.co.uk/id/a7a99b97-00ec-4ad4-9901-a2ae431a3821,West Drove (North),,,,transportNetwork,Section Of Named Road,549837,316202,6000,25000,549679,315690,549873,316655,PE14,http://data.ordnancesurvey.co.uk/id/postcodedistrict/PE14,Walpole St Peter,http://data.ordnancesurvey.co.uk/id/4000000074550943,http://www.ordnancesurvey.co.uk/xml/codelists/localtype.xml#village,King's Lynn and West Norfolk,http://data.ordnancesurvey.co.uk/id/7000000000007016,http://data.ordnancesurvey.co.uk/ontology/admingeo/District,Norfolk,http://data.ordnancesurvey.co.uk/id/7000000000007238,http://data.ordnancesurvey.co.uk/ontology/admingeo/County,Eastern,http://data.ordnancesurvey.co.uk/id/7000000000041425,England,http://data.ordnancesurvey.co.uk/id/country/england,osgb4000000026942813,,
osgb4000000026937422,http://data.ordnancesurvey.co.uk/id/4000000026937422,Malt Drive,,,,transportNetwork,Named Road,545566,308939,2000,20000,545430,308792,545634,309085,PE14,http://data.ordnancesurvey.co.uk/id/postcodedistrict/PE14,Wisbech,http://data.ordnancesurvey.co.uk/id/4000000074551318,http://www.ordnancesurvey.co.uk/xml/codelists/localtype.xml#town,Fenland,http://data.ordnancesurvey.co.uk/id/7000000000001357,http://data.ordnancesurvey.co.uk/ontology/admingeo/District,Cambridgeshire,http://data.ordnancesurvey.co.uk/id/7000000000001386,http://data.ordnancesurvey.co.uk/ontology/admingeo/County,Eastern,http://data.ordnancesurvey.co.uk/id/7000000000041425,England,http://data.ordnancesurvey.co.uk/id/country/england,,,
c86256c3-2ef8-4372-b23c-57a3f2c93340,http://data.ordnancesurvey.co.uk/id/c86256c3-2ef8-4372-b23c-57a3f2c93340,Tagg's Lane,,,,transportNetwork,Section Of Named Road,550662,305153,1000,25000,550655,305149,550674,305158,PE14,http://data.ordnancesurvey.co.uk/id/postcodedistrict/PE14,Outwell,http://data.ordnancesurvey.co.uk/id/4000000074548389,http://www.ordnancesurvey.co.uk/xml/codelists/localtype.xml#village,King's Lynn and West Norfolk,http://data.ordnancesurvey.co.uk/id/7000000000007016,http://data.ordnancesurvey.co.uk/ontology/admingeo/District,Norfolk,http://data.ordnancesurvey.co.uk/id/7000000000007238,http://data.ordnancesurvey.co.uk/ontology/admingeo/County,Eastern,http://data.ordnancesurvey.co.uk/id/7000000000041425,England,http://data.ordnancesurvey.co.uk/id/country/england,osgb5000005232448764,,
osgb4000000026942778,http://data.ordnancesurvey.co.uk/id/4000000026942778,Lebanon Drive,,,,transportNetwork,Named Road,547668,310926,1000,20000,547660,310916,547721,310927,PE13,http://data.ordnancesurvey.co.uk/id/postcodedistrict/PE13,Wisbech,http://data.ordnancesurvey.co.uk/id/4000000074551318,http://www.ordnancesurvey.co.uk/xml/codelists/localtype.xml#town,Fenland,http://data.ordnancesurvey.co.uk/id/7000000000001357,http://data.ordnancesurvey.co.uk/ontology/admingeo/District,Cambridgeshire,http://data.ordnancesurvey.co.uk/id/7000000000001386,http://data.ordnancesurvey.co.uk/ontology/admingeo/County,Eastern,http://data.ordnancesurvey.co.uk/id/7000000000041425,England,http://data.ordnancesurvey.co.uk/id/country/england,,,
osgb4000000026932231,http://data.ordnancesurvey.co.uk/id/4000000026932231,Middle Drove,,,,transportNetwork,Named Road,559450,301204,6000,20000,559438,300736,559463,301689,PE38,http://data.ordnancesurvey.co.uk/id/postcodedistrict/PE38,,,,King's Lynn and West Norfolk,http://data.ordnancesurvey.co.uk/id/7000000000007016,http://data.ordnancesurvey.co.uk/ontology/admingeo/District,Norfolk,http://data.ordnancesurvey.co.uk/id/7000000000007238,http://data.ordnancesurvey.co.uk/ontology/admingeo/County,Eastern,http://data.ordnancesurvey.co.uk/id/7000000000041425,England,http://data.ordnancesurvey.co.uk/id/country/england,,,
osgb4000000027024712,http://data.ordnancesurvey.co.uk/id/4000000027024712,Coblands,,,,transportNetwork,Named Road,546632,310585,1000,20000,546613,310556,546632,310596,PE13,http://data.ordnancesurvey.co.uk/id/postcodedistrict/PE13,Wisbech,http://data.ordnancesurvey.co.uk/id/4000000074551318,http://www.ordnancesurvey.co.uk/xml/codelists/localtype.xml#town,Fenland,http://data.ordnancesurvey.co.uk/id/7000000000001357,http://data.ordnancesurvey.co.uk/ontology/admingeo/District,Cambridgeshire,http://data.ordnancesurvey.co.uk/id/7000000000001386,http://data.ordnancesurvey.co.uk/ontology/admingeo/County,Eastern,http://data.ordnancesurvey.co.uk/id/7000000000041425,England,http://data.ordnancesurvey.co.uk/id/country/england,,,
osgb4000000026940323,http://data.ordnancesurvey.co.uk/id/4000000026940323,Borough Close,,,,transportNetwork,Named Road,546664,308549,1000,20000,546628,308547,546701,308588,PE13,http://data.ordnancesurvey.co.uk/id/postcodedistrict/PE13,Wisbech,http://data.ordnancesurvey.co.uk/id/4000000074551318,http://www.ordnancesurvey.co.uk/xml/codelists/localtype.xml#town,Fenland,http://data.ordnancesurvey.co.uk/id/7000000000001357,http://data.ordnancesurvey.co.uk/ontology/admingeo/District,Cambridgeshire,http://data.ordnancesurvey.co.uk/id/7000000000001386,http://data.ordnancesurvey.co.uk/ontology/admingeo/County,Eastern,http://data.ordnancesurvey.co.uk/id/7000000000041425,England,http://data.ordnancesurvey.co.uk/id/country/england,,,
osgb4000000026932440,http://data.ordnancesurvey.co.uk/id/4000000026932440,Eastlands Bank,,,,transportNetwork,Named Road,550626,318530,13000,20000,550113,317626,550953,319668,PE14,http://data.ordnancesurvey.co.uk/id/postcodedistrict/PE14,,,,King's Lynn and West Norfolk,http://data.ordnancesurvey.co.uk/id/7000000000007016,http://data.ordnancesurvey.co.uk/ontology/admingeo/District,Norfolk,http://data.ordnancesurvey.co.uk/id/7000000000007238,http://data.ordnancesurvey.co.uk/ontology/admingeo/County,Eastern,http://data.ordnancesurvey.co.uk/id/7000000000041425,England,http://data.ordnancesurvey.co.uk/id/country/england,,,
2724d759-c811-43b9-8f78-c57326fd2db1,http://data.ordnancesurvey.co.uk/id/2724d759-c811-43b9-8f78-c57326fd2db1,Station Road,,,,transportNetwork,Section Of Named Road,555038,319492,6000,25000,555000,319012,555077,319948,PE34,http://data.ordnancesurvey.co.uk/id/postcodedistrict/PE34,Terrington St Clement,http://data.ordnancesurvey.co.uk/id/4000000074548395,http://www.ordnancesurvey.co.uk/xml/codelists/localtype.xml#otherSettlement,King's Lynn and West Norfolk,http://data.ordnancesurvey.co.uk/id/7000000000007016,http://data.ordnancesurvey.co.uk/ontology/admingeo/District,Norfolk,http://data.ordnancesurvey.co.uk/id/7000000000007238,http://data.ordnancesurvey.co.uk/ontology/admingeo/County,Eastern,http://data.ordnancesurvey.co.uk/id/7000000000041425,England,http://data.ordnancesurvey.co.uk/id/country/england,osgb4000000026933692,,
osgb4000000026942757,http://data.ordnancesurvey.co.uk/id/4000000026942757,Rochford Walk,,,,transportNetwork,Named Road,547387,309679,1000,20000,547367,309677,547426,309680,PE13,http://data.ordnancesurvey.co.uk/id/postcodedistrict/PE13,Wisbech,http://data.ordnancesurvey.co.uk/id/4000000074551318,http://www.ordnancesurvey.co.uk/xml/codelists/localtype.xml#town,Fenland,http://data.ordnancesurvey.co.uk/id/7000000000001357,http://data.ordnancesurvey.co.uk/ontology/admingeo/District,Cambridgeshire,http://data.ordnancesurvey.co.uk/id/7000000000001386,http://data.ordnancesurvey.co.uk/ontology/admingeo/County,Eastern,http://data.ordnancesurvey.co.uk/id/7000000000041425,England,http://data.ordnancesurvey.co.uk/id/country/england,,,
6b99dcb0-5ab8-429f-95c1-5fd58f5a83c4,http://data.ordnancesurvey.co.uk/id/6b99dcb0-5ab8-429f-95c1-5fd58f5a83c4,Marsh Road,,,,transportNetwork,Section Of Named Road,548448,317841,2000,25000,548268,317749,548603,317941,PE14,http://data.ordnancesurvey.co.uk/id/postcodedistrict/PE14,Walpole Marsh,http://data.ordnancesurvey.co.uk/id/4000000074548407,http://www.ordnancesurvey.co.uk/xml/codelists/localtype.xml#village,King's Lynn and West Norfolk,http://data.ordnancesurvey.co.uk/id/7000000000007016,http://data.ordnancesurvey.co.uk/ontology/admingeo/District,Norfolk,http://data.ordnancesurvey.co.uk/id/7000000000007238,http://data.ordnancesurvey.co.uk/ontology/admingeo/County,Eastern,http://data.ordnancesurvey.co.uk/id/7000000000041425,England,http://data.ordnancesurvey.co.uk/id/country/england,osgb4000000026932437,,
osgb4000000026931760,http://data.ordnancesurvey.co.uk/id/4000000026931760,Hungate Road,,,,transportNetwork,Named Road,550509,307300,13000,20000,549567,307212,551503,307428,PE14,http://data.ordnancesurvey.co.uk/id/postcodedistrict/PE14,,,,King's Lynn and West Norfolk,http://data.ordnancesurvey.co.uk/id/7000000000007016,http://data.ordnancesurvey.co.uk/ontology/admingeo/District,Norfolk,http://data.ordnancesurvey.co.uk/id/7000000000007238,http://data.ordnancesurvey.co.uk/ontology/admingeo/County,Eastern,http://data.ordnancesurvey.co.uk/id/7000000000041425,England,http://data.ordnancesurvey.co.uk/id/country/england,,,
osgb4000000026933651,http://data.ordnancesurvey.co.uk/id/4000000026933651,Dades Lane,,,,transportNetwork,Named Road,553668,310861,8000,20000,553312,310233,554003,311452,PE14,http://data.ordnancesurvey.co.uk/id/postcodedistrict/PE14,,,,King's Lynn and West Norfolk,http://data.ordnancesurvey.co.uk/id/7000000000007016,http://data.ordnancesurvey.co.uk/ontology/admingeo/District,Norfolk,http://data.ordnancesurvey.co.uk/id/7000000000007238,http://data.ordnancesurvey.co.uk/ontology/admingeo/County,Eastern,http://data.ordnancesurvey.co.uk/id/7000000000041425,England,http://data.ordnancesurvey.co.uk/id/country/england,,,
osgb4000000026935284,http://data.ordnancesurvey.co.uk/id/4000000026935284,Lynn Road,,,,transportNetwork,Named Road,559681,314130,3000,20000,559463,313996,559857,314302,PE34,http://data.ordnancesurvey.co.uk/id/postcodedistrict/PE34,Wiggenhall St Germans,http://data.ordnancesurvey.co.uk/id/4000000074550213,http://www.ordnancesurvey.co.uk/xml/codelists/localtype.xml#village,King's Lynn and West Norfolk,http://data.ordnancesurvey.co.uk/id/7000000000007016,http://data.ordnancesurvey.co.uk/ontology/admingeo/District,Norfolk,http://data.ordnancesurvey.co.uk/id/7000000000007238,http://data.ordnancesurvey.co.uk/ontology/admingeo/County,Eastern,http://data.ordnancesurvey.co.uk/id/7000000000041425,England,http://data.ordnancesurvey.co.uk/id/country/england,,,
osgb5000005100379795,http://data.ordnancesurvey.co.uk/id/5000005100379795,Rummers Lane,,,,transportNetwork,Named Road,541725,306917,11000,20000,541069,306290,542816,307609,PE13,http://data.ordnancesurvey.co.uk/id/postcodedistrict/PE13,,,,Fenland,http://data.ordnancesurvey.co.uk/id/7000000000001357,http://data.ordnancesurvey.co.uk/ontology/admingeo/District,Cambridgeshire,http://data.ordnancesurvey.co.uk/id/7000000000001386,http://data.ordnancesurvey.co.uk/ontology/admingeo/County,Eastern,http://data.ordnancesurvey.co.uk/id/7000000000041425,England,http://data.ordnancesurvey.co.uk/id/country/england,,,
osgb4000000026932302,http://data.ordnancesurvey.co.uk/id/4000000026932302,Wisbech Road,,,,transportNetwork,Named Road,547102,312244,13000,20000,547037,311223,547123,313298,PE14,http://data.ordnancesurvey.co.uk/id/postcodedistrict/PE14,,,,King's Lynn and West Norfolk,http://data.ordnancesurvey.co.uk/id/7000000000007016,http://data.ordnancesurvey.co.uk/ontology/admingeo/District,Norfolk,http://data.ordnancesurvey.co.uk/id/7000000000007238,http://data.ordnancesurvey.co.uk/ontology/admingeo/County,Eastern,http://data.ordnancesurvey.co.uk/id/7000000000041425,England,http://data.ordnancesurvey.co.uk/id/country/england,,,
osgb4000000026933586,http://data.ordnancesurvey.co.uk/id/4000000026933586,Mayner's Dike,,,,transportNetwork,Named Road,542443,317110,6000,20000,541960,316783,542897,317506,PE13,http://data.ordnancesurvey.co.uk/id/postcodedistrict/PE13,,,,South Holland,http://data.ordnancesurvey.co.uk/id/7000000000005599,http://data.ordnancesurvey.co.uk/ontology/admingeo/District,Lincolnshire,http://data.ordnancesurvey.co.uk/id/7000000000005942,http://data.ordnancesurvey.co.uk/ontology/admingeo/County,East Midlands,http://data.ordnancesurvey.co.uk/id/7000000000041423,England,http://data.ordnancesurvey.co.uk/id/country/england,,,
1853065b-b6c5-48ac-b909-594d476c451f,http://data.ordnancesurvey.co.uk/id/1853065b-b6c5-48ac-b909-594d476c451f,Main Road,,,,transportNetwork,Section Of Named Road,551528,313840,5000,25000,551131,313654,551936,314038,PE14,http://data.ordnancesurvey.co.uk/id/postcodedistrict/PE14,Walpole Highway,http://data.ordnancesurvey.co.uk/id/4000000074550945,http://www.ordnancesurvey.co.uk/xml/codelists/localtype.xml#village,King's Lynn and West Norfolk,http://data.ordnancesurvey.co.uk/id/7000000000007016,http://data.ordnancesurvey.co.uk/ontology/admingeo/District,Norfolk,http://data.ordnancesurvey.co.uk/id/7000000000007238,http://data.ordnancesurvey.co.uk/ontology/admingeo/County,Eastern,http://data.ordnancesurvey.co.uk/id/7000000000041425,England,http://data.ordnancesurvey.co.uk/id/country/england,osgb4000000026931771,,
osgb4000000026997148,http://data.ordnancesurvey.co.uk/id/4000000026997148,The Oaks,,,,transportNetwork,Named Road,546750,306802,1000,20000,546716,306789,546786,306803,PE14,http://data.ordnancesurvey.co.uk/id/postcodedistrict/PE14,Elm,http://data.ordnancesurvey.co.uk/id/4000000074341528,http://www.ordnancesurvey.co.uk/xml/codelists/localtype.xml#village,Fenland,http://data.ordnancesurvey.co.uk/id/7000000000001357,http://data.ordnancesurvey.co.uk/ontology/admingeo/District,Cambridgeshire,http://data.ordnancesurvey.co.uk/id/7000000000001386,http://data.ordnancesurvey.co.uk/ontology/admingeo/County,Eastern,http://data.ordnancesurvey.co.uk/id/7000000000041425,England,http://data.ordnancesurvey.co.uk/id/country/england,,,
b0da97ba-2caa-4894-b972-9beb7db4906f,http://data.ordnancesurvey.co.uk/id/b0da97ba-2caa-4894-b972-9beb7db4906f,Black Dyke,,,,transportNetwork,Section Of Named Road,542368,312845,1000,25000,542365,312790,542370,312882,PE13,http://data.ordnancesurvey.co.uk/id/postcodedistrict/PE13,Fitton End,http://data.ordnancesurvey.co.uk/id/4000000074548411,http://www.ordnancesurvey.co.uk/xml/codelists/localtype.xml#hamlet,Fenland,http://data.ordnancesurvey.co.uk/id/7000000000001357,http://data.ordnancesurvey.co.uk/ontology/admingeo/District,Cambridgeshire,http://data.ordnancesurvey.co.uk/id/7000000000001386,http://data.ordnancesurvey.co.uk/ontology/admingeo/County,Eastern,http://data.ordnancesurvey.co.uk/id/7000000000041425,England,http://data.ordnancesurvey.co.uk/id/country/england,osgb4000000026935144,,
76c092e0-38b4-475f-9b84-00a9b5f14886,http://data.ordnancesurvey.co.uk/id/76c092e0-38b4-475f-9b84-00a9b5f14886,Smeeth Road,,,,transportNetwork,Section Of Named Road,551484,307532,1000,25000,551465,307467,551507,307583,PE14,http://data.ordnancesurvey.co.uk/id/postcodedistrict/PE14,Emneth Hungate,http://data.ordnancesurvey.co.uk/id/4000000074548394,http://www.ordnancesurvey.co.uk/xml/codelists/localtype.xml#hamlet,King's Lynn and West Norfolk,http://data.ordnancesurvey.co.uk/id/7000000000007016,http://data.ordnancesurvey.co.uk/ontology/admingeo/District,Norfolk,http://data.ordnancesurvey.co.uk/id/7000000000007238,http://data.ordnancesurvey.co.uk/ontology/admingeo/County,Eastern,http://data.ordnancesurvey.co.uk/id/7000000000041425,England,http://data.ordnancesurvey.co.uk/id/country/england,osgb4000000026931772,,
osgb4000000026933495,http://data.ordnancesurvey.co.uk/id/4000000026933495,Station Road,,,,transportNetwork,Named Road,542144,308712,6000,20000,541760,308173,542354,309152,PE13,http://data.ordnancesurvey.co.uk/id/postcodedistrict/PE13,Wisbech St Mary,http://data.ordnancesurvey.co.uk/id/4000000074551315,http://www.ordnancesurvey.co.uk/xml/codelists/localtype.xml#village,Fenland,http://data.ordnancesurvey.co.uk/id/7000000000001357,http://data.ordnancesurvey.co.uk/ontology/admingeo/District,Cambridgeshire,http://data.ordnancesurvey.co.uk/id/7000000000001386,http://data.ordnancesurvey.co.uk/ontology/admingeo/County,Eastern,http://data.ordnancesurvey.co.uk/id/7000000000041425,England,http://data.ordnancesurvey.co.uk/id/country/england,,,
osgb5000005232644234,http://data.ordnancesurvey.co.uk/id/5000005232644234,Smeeth Bank,,,,transportNetwork,Named Road,551685,310100,20000,23000,550735,308026,553794,311613,PE14,http://data.ordnancesurvey.co.uk/id/postcodedistrict/PE14,,,,King's Lynn and West Norfolk,http://data.ordnancesurvey.co.uk/id/7000000000007016,http://data.ordnancesurvey.co.uk/ontology/admingeo/District,Norfolk,http://data.ordnancesurvey.co.uk/id/7000000000007238,http://data.ordnancesurvey.co.uk/ontology/admingeo/County,Eastern,http://data.ordnancesurvey.co.uk/id/7000000000041425,England,http://data.ordnancesurvey.co.uk/id/country/england,,,
5c83617f-d739-424a-aeb0-51e213c1f643,http://data.ordnancesurvey.co.uk/id/5c83617f-d739-424a-aeb0-51e213c1f643,Low Side,,,,transportNetwork,Section Of Named Road,550860,303107,3000,25000,550803,302856,551067,303267,PE14,http://data.ordnancesurvey.co.uk/id/postcodedistrict/PE14,Upwell,http://data.ordnancesurvey.co.uk/id/4000000074550938,http://www.ordnancesurvey.co.uk/xml/codelists/localtype.xml#village,King's Lynn and West Norfolk,http://data.ordnancesurvey.co.uk/id/7000000000007016,http://data.ordnancesurvey.co.uk/ontology/admingeo/District,Norfolk,http://data.ordnancesurvey.co.uk/id/7000000000007238,http://data.ordnancesurvey.co.uk/ontology/admingeo/County,Eastern,http://data.ordnancesurvey.co.uk/id/7000000000041425,England,http://data.ordnancesurvey.co.uk/id/country/england,osgb4000000026933448,,
osgb5000005233829088,http://data.ordnancesurvey.co.uk/id/5000005233829088,Dovecot Lane,,,,transportNetwork,Named Road,550094,313688,3000,20000,549992,313418,550226,313893,PE14,http://data.ordnancesurvey.co.uk/id/postcodedistrict/PE14,,,,King's Lynn and West Norfolk,http://data.ordnancesurvey.co.uk/id/7000000000007016,http://data.ordnancesurvey.co.uk/ontology/admingeo/District,Norfolk,http://data.ordnancesurvey.co.uk/id/7000000000007238,http://data.ordnancesurvey.co.uk/ontology/admingeo/County,Eastern,http://data.ordnancesurvey.co.uk/id/7000000000041425,England,http://data.ordnancesurvey.co.uk/id/country/england,,,
osgb5000005216837616,http://data.ordnancesurvey.co.uk/id/5000005216837616,Blunt's Orchard Drive,,,,transportNetwork,Named Road,550198,302621,1000,20000,550179,302556,550220,302682,PE14,http://data.ordnancesurvey.co.uk/id/postcodedistrict/PE14,Upwell,http://data.ordnancesurvey.co.uk/id/4000000074550938,http://www.ordnancesurvey.co.uk/xml/codelists/localtype.xml#village,King's Lynn and West Norfolk,http://data.ordnancesurvey.co.uk/id/7000000000007016,http://data.ordnancesurvey.co.uk/ontology/admingeo/District,Norfolk,http://data.ordnancesurvey.co.uk/id/7000000000007238,http://data.ordnancesurvey.co.uk/ontology/admingeo/County,Eastern,http://data.ordnancesurvey.co.uk/id/7000000000041425,England,http://data.ordnancesurvey.co.uk/id/country/england,,,
osgb4000000026932361,http://data.ordnancesurvey.co.uk/id/4000000026932361,Catling's Lane,,,,transportNetwork,Named Road,545566,316044,8000,20000,544994,316025,546169,316084,PE13,http://data.ordnancesurvey.co.uk/id/postcodedistrict/PE13,,,,Fenland,http://data.ordnancesurvey.co.uk/id/7000000000001357,http://data.ordnancesurvey.co.uk/ontology/admingeo/District,Cambridgeshire,http://data.ordnancesurvey.co.uk/id/7000000000001386,http://data.ordnancesurvey.co.uk/ontology/admingeo/County,Eastern,http://data.ordnancesurvey.co.uk/id/7000000000041425,England,http://data.ordnancesurvey.co.uk/id/country/england,,,
osgb4000000026940371,http://data.ordnancesurvey.co.uk/id/4000000026940371,Ivesdyke Close,,,,transportNetwork,Named Road,544139,311750,1000,20000,544109,311736,544188,311766,PE13,http://data.ordnancesurvey.co.uk/id/postcodedistrict/PE13,Leverington,http://data.ordnancesurvey.co.uk/id/4000000074551313,http://www.ordnancesurvey.co.uk/xml/codelists/localtype.xml#village,Fenland,http://data.ordnancesurvey.co.uk/id/7000000000001357,http://data.ordnancesurvey.co.uk/ontology/admingeo/District,Cambridgeshire,http://data.ordnancesurvey.co.uk/id/7000000000001386,http://data.ordnancesurvey.co.uk/ontology/admingeo/County,Eastern,http://data.ordnancesurvey.co.uk/id/7000000000041425,England,http://data.ordnancesurvey.co.uk/id/country/england,,,
osgb4000000026933527,http://data.ordnancesurvey.co.uk/id/4000000026933527,Leverington Road,,,,transportNetwork,Named Road,545560,310456,5000,20000,545156,310309,545912,310596,PE13,http://data.ordnancesurvey.co.uk/id/postcodedistrict/PE13,Wisbech,http://data.ordnancesurvey.co.uk/id/4000000074551318,http://www.ordnancesurvey.co.uk/xml/codelists/localtype.xml#town,Fenland,http://data.ordnancesurvey.co.uk/id/7000000000001357,http://data.ordnancesurvey.co.uk/ontology/admingeo/District,Cambridgeshire,http://data.ordnancesurvey.co.uk/id/7000000000001386,http://data.ordnancesurvey.co.uk/ontology/admingeo/County,Eastern,http://data.ordnancesurvey.co.uk/id/7000000000041425,England,http://data.ordnancesurvey.co.uk/id/country/england,,,
osgb4000000026940516,http://data.ordnancesurvey.co.uk/id/4000000026940516,Coates Court,,,,transportNetwork,Named Road,549405,307163,1000,20000,549372,307124,549413,307190,PE14,http://data.ordnancesurvey.co.uk/id/postcodedistrict/PE14,Emneth,http://data.ordnancesurvey.co.uk/id/4000000074550948,http://www.ordnancesurvey.co.uk/xml/codelists/localtype.xml#village,King's Lynn and West Norfolk,http://data.ordnancesurvey.co.uk/id/7000000000007016,http://data.ordnancesurvey.co.uk/ontology/admingeo/District,Norfolk,http://data.ordnancesurvey.co.uk/id/7000000000007238,http://data.ordnancesurvey.co.uk/ontology/admingeo/County,Eastern,http://data.ordnancesurvey.co.uk/id/7000000000041425,England,http://data.ordnancesurvey.co.uk/id/country/england,,,
osgb4000000026933693,http://data.ordnancesurvey.co.uk/id/4000000026933693,Church Lane,,,,transportNetwork,Named Road,556761,317452,3000,20000,556652,317196,556870,317710,PE34,http://data.ordnancesurvey.co.uk/id/postcodedistrict/PE34,,,,King's Lynn and West Norfolk,http://data.ordnancesurvey.co.uk/id/7000000000007016,http://data.ordnancesurvey.co.uk/ontology/admingeo/District,Norfolk,http://data.ordnancesurvey.co.uk/id/7000000000007238,http://data.ordnancesurvey.co.uk/ontology/admingeo/County,Eastern,http://data.ordnancesurvey.co.uk/id/7000000000041425,England,http://data.ordnancesurvey.co.uk/id/country/england,,,
8cd4ce3d-994d-4d0b-bf04-27e0f766ba65,http://data.ordnancesurvey.co.uk/id/8cd4ce3d-994d-4d0b-bf04-27e0f766ba65,Downham Road,,,,transportNetwork,Section Of Named Road,551790,303604,5000,25000,551423,303587,552143,303665,PE14,http://data.ordnancesurvey.co.uk/id/postcodedistrict/PE14,Outwell,http://data.ordnancesurvey.co.uk/id/4000000074548389,http://www.ordnancesurvey.co.uk/xml/codelists/localtype.xml#village,King's Lynn and West Norfolk,http://data.ordnancesurvey.co.uk/id/7000000000007016,http://data.ordnancesurvey.co.uk/ontology/admingeo/District,Norfolk,http://data.ordnancesurvey.co.uk/id/7000000000007238,http://data.ordnancesurvey.co.uk/ontology/admingeo/County,Eastern,http://data.ordnancesurvey.co.uk/id/7000000000041425,England,http://data.ordnancesurvey.co.uk/id/country/england,osgb4000000026975545,,
osgb4000000026932294,http://data.ordnancesurvey.co.uk/id/4000000026932294,Gorefield Road,,,,transportNetwork,Named Road,543627,311930,12000,20000,542688,311361,544537,311957,PE13,http://data.ordnancesurvey.co.uk/id/postcodedistrict/PE13,,,,Fenland,http://data.ordnancesurvey.co.uk/id/7000000000001357,http://data.ordnancesurvey.co.uk/ontology/admingeo/District,Cambridgeshire,http://data.ordnancesurvey.co.uk/id/7000000000001386,http://data.ordnancesurvey.co.uk/ontology/admingeo/County,Eastern,http://data.ordnancesurvey.co.uk/id/7000000000041425,England,http://data.ordnancesurvey.co.uk/id/country/england,,,
ad5f4401-7c3a-4fbc-88e9-75f88a01bdf9,http://data.ordnancesurvey.co.uk/id/ad5f4401-7c3a-4fbc-88e9-75f88a01bdf9,Black Dyke,,,,transportNetwork,Section Of Named Road,542379,314027,3000,25000,542378,313840,542397,314243,PE13,http://data.ordnancesurvey.co.uk/id/postcodedistrict/PE13,Newton-in-the-Isle,http://data.ordnancesurvey.co.uk/id/4000000074548769,http://www.ordnancesurvey.co.uk/xml/codelists/localtype.xml#village,Fenland,http://data.ordnancesurvey.co.uk/id/7000000000001357,http://data.ordnancesurvey.co.uk/ontology/admingeo/District,Cambridgeshire,http://data.ordnancesurvey.co.uk/id/7000000000001386,http://data.ordnancesurvey.co.uk/ontology/admingeo/County,Eastern,http://data.ordnancesurvey.co.uk/id/7000000000041425,England,http://data.ordnancesurvey.co.uk/id/country/england,osgb4000000026935144,,
5c86aa8b-8e4b-4abf-94ca-d86d3e9467b9,http://data.ordnancesurvey.co.uk/id/5c86aa8b-8e4b-4abf-94ca-d86d3e9467b9,Market Lane,,,,transportNetwork,Section Of Named Road,550543,317696,2000,25000,550438,317675,550672,317749,PE14,http://data.ordnancesurvey.co.uk/id/postcodedistrict/PE14,Walpole St Andrew,http://data.ordnancesurvey.co.uk/id/4000000074550944,http://www.ordnancesurvey.co.uk/xml/codelists/localtype.xml#village,King's Lynn and West Norfolk,http://data.ordnancesurvey.co.uk/id/7000000000007016,http://data.ordnancesurvey.co.uk/ontology/admingeo/District,Norfolk,http://data.ordnancesurvey.co.uk/id/7000000000007238,http://data.ordnancesurvey.co.uk/ontology/admingeo/County,Eastern,http://data.ordnancesurvey.co.uk/id/7000000000041425,England,http://data.ordnancesurvey.co.uk/id/country/england,osgb4000000026932442,,
osgb4000000026940336,http://data.ordnancesurvey.co.uk/id/4000000026940336,St Peter's Road,,,,transportNetwork,Named Road,546357,309346,1000,20000,546302,309320,546400,309368,PE13,http://data.ordnancesurvey.co.uk/id/postcodedistrict/PE13,Wisbech,http://data.ordnancesurvey.co.uk/id/4000000074551318,http://www.ordnancesurvey.co.uk/xml/codelists/localtype.xml#town,Fenland,http://data.ordnancesurvey.co.uk/id/7000000000001357,http://data.ordnancesurvey.co.uk/ontology/admingeo/District,Cambridgeshire,http://data.ordnancesurvey.co.uk/id/7000000000001386,http://data.ordnancesurvey.co.uk/ontology/admingeo/County,Eastern,http://data.ordnancesurvey.co.uk/id/7000000000041425,England,http://data.ordnancesurvey.co.uk/id/country/england,,,
osgb4000000026942741,http://data.ordnancesurvey.co.uk/id/4000000026942741,Mayflower Road,,,,transportNetwork,Named Road,547088,309000,1000,20000,547085,308981,547090,309038,PE13,http://data.ordnancesurvey.co.uk/id/postcodedistrict/PE13,Wisbech,http://data.ordnancesurvey.co.uk/id/4000000074551318,http://www.ordnancesurvey.co.uk/xml/codelists/localtype.xml#town,Fenland,http://data.ordnancesurvey.co.uk/id/7000000000001357,http://data.ordnancesurvey.co.uk/ontology/admingeo/District,Cambridgeshire,http://data.ordnancesurvey.co.uk/id/7000000000001386,http://data.ordnancesurvey.co.uk/ontology/admingeo/County,Eastern,http://data.ordnancesurvey.co.uk/id/7000000000041425,England,http://data.ordnancesurvey.co.uk/id/country/england,,,
osgb4000000026940244,http://data.ordnancesurvey.co.uk/id/4000000026940244,Waverley Close,,,,transportNetwork,Named Road,540196,304047,1000,20000,540143,304019,540250,304075,PE13,http://data.ordnancesurvey.co.uk/id/postcodedistrict/PE13,Guyhirn,http://data.ordnancesurvey.co.uk/id/4000000074550590,http://www.ordnancesurvey.co.uk/xml/codelists/localtype.xml#village,Fenland,http://data.ordnancesurvey.co.uk/id/7000000000001357,http://data.ordnancesurvey.co.uk/ontology/admingeo/District,Cambridgeshire,http://data.ordnancesurvey.co.uk/id/7000000000001386,http://data.ordnancesurvey.co.uk/ontology/admingeo/County,Eastern,http://data.ordnancesurvey.co.uk/id/7000000000041425,England,http://data.ordnancesurvey.co.uk/id/country/england,,,
26aef185-ee62-46ed-8b1e-8817598dea4b,http://data.ordnancesurvey.co.uk/id/26aef185-ee62-46ed-8b1e-8817598dea4b,St Peters Road,,,,transportNetwork,Section Of Named Road,559937,314083,2000,25000,559850,313963,560011,314217,PE34,http://data.ordnancesurvey.co.uk/id/postcodedistrict/PE34,Wiggenhall St Germans,http://data.ordnancesurvey.co.uk/id/4000000074550213,http://www.ordnancesurvey.co.uk/xml/codelists/localtype.xml#village,King's Lynn and West Norfolk,http://data.ordnancesurvey.co.uk/id/7000000000007016,http://data.ordnancesurvey.co.uk/ontology/admingeo/District,Norfolk,http://data.ordnancesurvey.co.uk/id/7000000000007238,http://data.ordnancesurvey.co.uk/ontology/admingeo/County,Eastern,http://data.ordnancesurvey.co.uk/id/7000000000041425,England,http://data.ordnancesurvey.co.uk/id/country/england,osgb4000000026932429,,
osgb5000005232644222,http://data.ordnancesurvey.co.uk/id/5000005232644222,Green Lane,,,,transportNetwork,Named Road,551786,316031,10000,20000,551573,315279,552017,316807,PE14,http://data.ordnancesurvey.co.uk/id/postcodedistrict/PE14,,,,King's Lynn and West Norfolk,http://data.ordnancesurvey.co.uk/id/7000000000007016,http://data.ordnancesurvey.co.uk/ontology/admingeo/District,Norfolk,http://data.ordnancesurvey.co.uk/id/7000000000007238,http://data.ordnancesurvey.co.uk/ontology/admingeo/County,Eastern,http://data.ordnancesurvey.co.uk/id/7000000000041425,England,http://data.ordnancesurvey.co.uk/id/country/england,,,
osgb4000000026932292,http://data.ordnancesurvey.co.uk/id/4000000026932292,Harecroft Road,,,,transportNetwork,Named Road,545538,310116,5000,20000,545340,309688,545798,310481,PE13,http://data.ordnancesurvey.co.uk/id/postcodedistrict/PE13,Wisbech,http://data.ordnancesurvey.co.uk/id/4000000074551318,http://www.ordnancesurvey.co.uk/xml/codelists/localtype.xml#town,Fenland,http://data.ordnancesurvey.co.uk/id/7000000000001357,http://data.ordnancesurvey.co.uk/ontology/admingeo/District,Cambridgeshire,http://data.ordnancesurvey.co.uk/id/7000000000001386,http://data.ordnancesurvey.co.uk/ontology/admingeo/County,Eastern,http://data.ordnancesurvey.co.uk/id/7000000000041425,England,http://data.ordnancesurvey.co.uk/id/country/england,,,
osgb5000005232276657,http://data.ordnancesurvey.co.uk/id/5000005232276657,Brokencross Lane,,,,transportNetwork,Named Road,552973,317404,6000,20000,552845,316928,553142,317884,PE34,http://data.ordnancesurvey.co.uk/id/postcodedistrict/PE34,,,,King's Lynn and West Norfolk,http://data.ordnancesurvey.co.uk/id/7000000000007016,http://data.ordnancesurvey.co.uk/ontology/admingeo/District,Norfolk,http://data.ordnancesurvey.co.uk/id/7000000000007238,http://data.ordnancesurvey.co.uk/ontology/admingeo/County,Eastern,http://data.ordnancesurvey.co.uk/id/7000000000041425,England,http://data.ordnancesurvey.co.uk/id/country/england,,,
5df3dce0-f62d-45cc-bdfc-36c0feb40751,http://data.ordnancesurvey.co.uk/id/5df3dce0-f62d-45cc-bdfc-36c0feb40751,Basin Road,,,,transportNetwork,Section Of Named Road,550786,304731,3000,25000,550572,304531,551074,304760,PE14,http://data.ordnancesurvey.co.uk/id/postcodedistrict/PE14,Outwell,http://data.ordnancesurvey.co.uk/id/4000000074548389,http://www.ordnancesurvey.co.uk/xml/codelists/localtype.xml#village,King's Lynn and West Norfolk,http://data.ordnancesurvey.co.uk/id/7000000000007016,http://data.ordnancesurvey.co.uk/ontology/admingeo/District,Norfolk,http://data.ordnancesurvey.co.uk/id/7000000000007238,http://data.ordnancesurvey.co.uk/ontology/admingeo/County,Eastern,http://data.ordnancesurvey.co.uk/id/7000000000041425,England,http://data.ordnancesurvey.co.uk/id/country/england,osgb4000000026975549,,
osgb5000005232276631,http://data.ordnancesurvey.co.uk/id/5000005232276631,St John's West Gates,,,,transportNetwork,Named Road,552731,316375,8000,20000,552684,315775,552839,316931,PE14,http://data.ordnancesurvey.co.uk/id/postcodedistrict/PE14,,,,King's Lynn and West Norfolk,http://data.ordnancesurvey.co.uk/id/7000000000007016,http://data.ordnancesurvey.co.uk/ontology/admingeo/District,Norfolk,http://data.ordnancesurvey.co.uk/id/7000000000007238,http://data.ordnancesurvey.co.uk/ontology/admingeo/County,Eastern,http://data.ordnancesurvey.co.uk/id/7000000000041425,England,http://data.ordnancesurvey.co.uk/id/country/england,,,
04de6c66-8f7f-4b45-81c0-d0e88a96782e,http://data.ordnancesurvey.co.uk/id/04de6c66-8f7f-4b45-81c0-d0e88a96782e,Carnoustie Court,,,,transportNetwork,Section Of Named Road,543259,316686,1000,25000,543188,316670,543330,316752,PE13,http://data.ordnancesurvey.co.uk/id/postcodedistrict/PE13,Tydd St Giles,http://data.ordnancesurvey.co.uk/id/4000000074548770,http://www.ordnancesurvey.co.uk/xml/codelists/localtype.xml#village,Fenland,http://data.ordnancesurvey.co.uk/id/7000000000001357,http://data.ordnancesurvey.co.uk/ontology/admingeo/District,Cambridgeshire,http://data.ordnancesurvey.co.uk/id/7000000000001386,http://data.ordnancesurvey.co.uk/ontology/admingeo/County,Eastern,http://data.ordnancesurvey.co.uk/id/7000000000041425,England,http://data.ordnancesurvey.co.uk/id/country/england,osgb5000005107207983,,
131c3464-d047-4735-94be-27cfc26d9197,http://data.ordnancesurvey.co.uk/id/131c3464-d047-4735-94be-27cfc26d9197,Outwell Road,,,,transportNetwork,Section Of Named Road,548187,306810,8000,25000,547862,306253,548542,307490,PE14,http://data.ordnancesurvey.co.uk/id/postcodedistrict/PE14,Elm,http://data.ordnancesurvey.co.uk/id/4000000074341528,http://www.ordnancesurvey.co.uk/xml/codelists/localtype.xml#village,King's Lynn and West Norfolk,http://data.ordnancesurvey.co.uk/id/7000000000007016,http://data.ordnancesurvey.co.uk/ontology/admingeo/District,Norfolk,http://data.ordnancesurvey.co.uk/id/7000000000007238,http://data.ordnancesurvey.co.uk/ontology/admingeo/County,Eastern,http://data.ordnancesurvey.co.uk/id/7000000000041425,England,http://data.ordnancesurvey.co.uk/id/country/england,osgb4000000026935250,,
d53b77b8-a988-4523-b3d5-00cb1c567a5d,http://data.ordnancesurvey.co.uk/id/d53b77b8-a988-4523-b3d5-00cb1c567a5d,Broad End Road,,,,transportNetwork,Section Of Named Road,548443,309231,7000,25000,547883,308991,548992,309478,PE14,http://data.ordnancesurvey.co.uk/id/postcodedistrict/PE14,Paradise,http://data.ordnancesurvey.co.uk/id/4000000074541379,http://www.ordnancesurvey.co.uk/xml/codelists/localtype.xml#hamlet,King's Lynn and West Norfolk,http://data.ordnancesurvey.co.uk/id/7000000000007016,http://data.ordnancesurvey.co.uk/ontology/admingeo/District,Norfolk,http://data.ordnancesurvey.co.uk/id/7000000000007238,http://data.ordnancesurvey.co.uk/ontology/admingeo/County,Eastern,http://data.ordnancesurvey.co.uk/id/7000000000041425,England,http://data.ordnancesurvey.co.uk/id/country/england,osgb4000000026933640,,
1a36bc22-61b4-4af3-ba3e-c7d230c3de55,http://data.ordnancesurvey.co.uk/id/1a36bc22-61b4-4af3-ba3e-c7d230c3de55,Church Lane,,,,transportNetwork,Section Of Named Road,542629,316113,6000,25000,542581,315655,542684,316549,PE13,http://data.ordnancesurvey.co.uk/id/postcodedistrict/PE13,Tydd St Giles,http://data.ordnancesurvey.co.uk/id/4000000074548770,http://www.ordnancesurvey.co.uk/xml/codelists/localtype.xml#village,Fenland,http://data.ordnancesurvey.co.uk/id/7000000000001357,http://data.ordnancesurvey.co.uk/ontology/admingeo/District,Cambridgeshire,http://data.ordnancesurvey.co.uk/id/7000000000001386,http://data.ordnancesurvey.co.uk/ontology/admingeo/County,Eastern,http://data.ordnancesurvey.co.uk/id/7000000000041425,England,http://data.ordnancesurvey.co.uk/id/country/england,osgb4000000026933580,,
acb5309c-628d-4f38-913e-0be866188142,http://data.ordnancesurvey.co.uk/id/acb5309c-628d-4f38-913e-0be866188142,Mill Drove,,,,transportNetwork,Section Of Named Road,549282,302382,1000,25000,549268,302353,549322,302392,PE14,http://data.ordnancesurvey.co.uk/id/postcodedistrict/PE14,Upwell,http://data.ordnancesurvey.co.uk/id/4000000074550938,http://www.ordnancesurvey.co.uk/xml/codelists/localtype.xml#village,King's Lynn and West Norfolk,http://data.ordnancesurvey.co.uk/id/7000000000007016,http://data.ordnancesurvey.co.uk/ontology/admingeo/District,Norfolk,http://data.ordnancesurvey.co.uk/id/7000000000007238,http://data.ordnancesurvey.co.uk/ontology/admingeo/County,Eastern,http://data.ordnancesurvey.co.uk/id/7000000000041425,England,http://data.ordnancesurvey.co.uk/id/country/england,osgb5000005232421380,,
e920957f-73e7-46e1-97e8-2db6f1933722,http://data.ordnancesurvey.co.uk/id/e920957f-73e7-46e1-97e8-2db6f1933722,Hall Bank,,,,transportNetwork,Section Of Named Road,542115,316762,1000,25000,542055,316708,542176,316763,PE13,http://data.ordnancesurvey.co.uk/id/postcodedistrict/PE13,Tydd St Giles,http://data.ordnancesurvey.co.uk/id/4000000074548770,http://www.ordnancesurvey.co.uk/xml/codelists/localtype.xml#village,Fenland,http://data.ordnancesurvey.co.uk/id/7000000000001357,http://data.ordnancesurvey.co.uk/ontology/admingeo/District,Cambridgeshire,http://data.ordnancesurvey.co.uk/id/7000000000001386,http://data.ordnancesurvey.co.uk/ontology/admingeo/County,Eastern,http://data.ordnancesurvey.co.uk/id/7000000000041425,England,http://data.ordnancesurvey.co.uk/id/country/england,osgb4000000026933578,,
osgb4000000026937410,http://data.ordnancesurvey.co.uk/id/4000000026937410,Kirk's Lane,,,,transportNetwork,Named Road,544239,306942,1000,20000,544196,306887,544263,307011,PE14,http://data.ordnancesurvey.co.uk/id/postcodedistrict/PE14,,,,Fenland,http://data.ordnancesurvey.co.uk/id/7000000000001357,http://data.ordnancesurvey.co.uk/ontology/admingeo/District,Cambridgeshire,http://data.ordnancesurvey.co.uk/id/7000000000001386,http://data.ordnancesurvey.co.uk/ontology/admingeo/County,Eastern,http://data.ordnancesurvey.co.uk/id/7000000000041425,England,http://data.ordnancesurvey.co.uk/id/country/england,,,
osgb4000000026935217,http://data.ordnancesurvey.co.uk/id/4000000026935217,Hix's Lane,,,,transportNetwork,Named Road,543794,318319,2000,20000,543648,318282,543970,318354,PE13,http://data.ordnancesurvey.co.uk/id/postcodedistrict/PE13,Tydd St Mary,http://data.ordnancesurvey.co.uk/id/4000000074548410,http://www.ordnancesurvey.co.uk/xml/codelists/localtype.xml#village,South Holland,http://data.ordnancesurvey.co.uk/id/7000000000005599,http://data.ordnancesurvey.co.uk/ontology/admingeo/District,Lincolnshire,http://data.ordnancesurvey.co.uk/id/7000000000005942,http://data.ordnancesurvey.co.uk/ontology/admingeo/County,East Midlands,http://data.ordnancesurvey.co.uk/id/7000000000041423,England,http://data.ordnancesurvey.co.uk/id/country/england,,,
osgb4000000026935254,http://data.ordnancesurvey.co.uk/id/4000000026935254,Hollycroft Close,,,,transportNetwork,Named Road,549763,306908,2000,20000,549635,306886,549875,306919,PE14,http://data.ordnancesurvey.co.uk/id/postcodedistrict/PE14,Emneth,http://data.ordnancesurvey.co.uk/id/4000000074550948,http://www.ordnancesurvey.co.uk/xml/codelists/localtype.xml#village,King's Lynn and West Norfolk,http://data.ordnancesurvey.co.uk/id/7000000000007016,http://data.ordnancesurvey.co.uk/ontology/admingeo/District,Norfolk,http://data.ordnancesurvey.co.uk/id/7000000000007238,http://data.ordnancesurvey.co.uk/ontology/admingeo/County,Eastern,http://data.ordnancesurvey.co.uk/id/7000000000041425,England,http://data.ordnancesurvey.co.uk/id/country/england,,,
osgb4000000026933649,http://data.ordnancesurvey.co.uk/id/4000000026933649,Hall Road,,,,transportNetwork,Named Road,551963,313694,3000,20000,551832,313445,552039,313969,PE14,http://data.ordnancesurvey.co.uk/id/postcodedistrict/PE14,Walpole Highway,http://data.ordnancesurvey.co.uk/id/4000000074550945,http://www.ordnancesurvey.co.uk/xml/codelists/localtype.xml#village,King's Lynn and West Norfolk,http://data.ordnancesurvey.co.uk/id/7000000000007016,http://data.ordnancesurvey.co.uk/ontology/admingeo/District,Norfolk,http://data.ordnancesurvey.co.uk/id/7000000000007238,http://data.ordnancesurvey.co.uk/ontology/admingeo/County,Eastern,http://data.ordnancesurvey.co.uk/id/7000000000041425,England,http://data.ordnancesurvey.co.uk/id/country/england,,,
osgb4000000026935215,http://data.ordnancesurvey.co.uk/id/4000000026935215,Hogens Lane,,,,transportNetwork,Named Road,543441,314766,3000,20000,543421,314584,543481,314975,PE13,http://data.ordnancesurvey.co.uk/id/postcodedistrict/PE13,,,,Fenland,http://data.ordnancesurvey.co.uk/id/7000000000001357,http://data.ordnancesurvey.co.uk/ontology/admingeo/District,Cambridgeshire,http://data.ordnancesurvey.co.uk/id/7000000000001386,http://data.ordnancesurvey.co.uk/ontology/admingeo/County,Eastern,http://data.ordnancesurvey.co.uk/id/7000000000041425,England,http://data.ordnancesurvey.co.uk/id/country/england,,,
b0269cab-ca39-43c6-a785-177776eb8a3a,http://data.ordnancesurvey.co.uk/id/b0269cab-ca39-43c6-a785-177776eb8a3a,Main Road,,,,transportNetwork,Section Of Named Road,544843,318668,1000,25000,544829,318636,544854,318714,PE13,http://data.ordnancesurvey.co.uk/id/postcodedistrict/PE13,Tydd St Mary,http://data.ordnancesurvey.co.uk/id/4000000074548410,http://www.ordnancesurvey.co.uk/xml/codelists/localtype.xml#village,South Holland,http://data.ordnancesurvey.co.uk/id/7000000000005599,http://data.ordnancesurvey.co.uk/ontology/admingeo/District,Lincolnshire,http://data.ordnancesurvey.co.uk/id/7000000000005942,http://data.ordnancesurvey.co.uk/ontology/admingeo/County,East Midlands,http://data.ordnancesurvey.co.uk/id/7000000000041423,England,http://data.ordnancesurvey.co.uk/id/country/england,osgb4000000026932364,,
osgb4000000026935148,http://data.ordnancesurvey.co.uk/id/4000000026935148,Pickards Way,,,,transportNetwork,Named Road,545263,310433,3000,20000,545065,310391,545454,310604,PE13,http://data.ordnancesurvey.co.uk/id/postcodedistrict/PE13,Wisbech,http://data.ordnancesurvey.co.uk/id/4000000074551318,http://www.ordnancesurvey.co.uk/xml/codelists/localtype.xml#town,Fenland,http://data.ordnancesurvey.co.uk/id/7000000000001357,http://data.ordnancesurvey.co.uk/ontology/admingeo/District,Cambridgeshire,http://data.ordnancesurvey.co.uk/id/7000000000001386,http://data.ordnancesurvey.co.uk/ontology/admingeo/County,Eastern,http://data.ordnancesurvey.co.uk/id/7000000000041425,England,http://data.ordnancesurvey.co.uk/id/country/england,,,
osgb4000000026932410,http://data.ordnancesurvey.co.uk/id/4000000026932410,School Road,,,,transportNetwork,Named Road,554596,312457,18000,20000,554558,311078,554717,313810,PE34,http://data.ordnancesurvey.co.uk/id/postcodedistrict/PE34,Tilney St Lawrence,http://data.ordnancesurvey.co.uk/id/4000000074550579,http://www.ordnancesurvey.co.uk/xml/codelists/localtype.xml#village,King's Lynn and West Norfolk,http://data.ordnancesurvey.co.uk/id/7000000000007016,http://data.ordnancesurvey.co.uk/ontology/admingeo/District,Norfolk,http://data.ordnancesurvey.co.uk/id/7000000000007238,http://data.ordnancesurvey.co.uk/ontology/admingeo/County,Eastern,http://data.ordnancesurvey.co.uk/id/7000000000041425,England,http://data.ordnancesurvey.co.uk/id/country/england,,,
osgb4000000026942783,http://data.ordnancesurvey.co.uk/id/4000000026942783,Hedgelands,,,,transportNetwork,Named Road,546372,311281,1000,20000,546325,311252,546410,311296,PE13,http://data.ordnancesurvey.co.uk/id/postcodedistrict/PE13,Wisbech,http://data.ordnancesurvey.co.uk/id/4000000074551318,http://www.ordnancesurvey.co.uk/xml/codelists/localtype.xml#town,Fenland,http://data.ordnancesurvey.co.uk/id/7000000000001357,http://data.ordnancesurvey.co.uk/ontology/admingeo/District,Cambridgeshire,http://data.ordnancesurvey.co.uk/id/7000000000001386,http://data.ordnancesurvey.co.uk/ontology/admingeo/County,Eastern,http://data.ordnancesurvey.co.uk/id/7000000000041425,England,http://data.ordnancesurvey.co.uk/id/country/england,,,
osgb5000005233839120,http://data.ordnancesurvey.co.uk/id/5000005233839120,Low Lane,,,,transportNetwork,Named Road,547898,314688,5000,20000,547470,314309,548294,315026,PE14,http://data.ordnancesurvey.co.uk/id/postcodedistrict/PE14,,,,King's Lynn and West Norfolk,http://data.ordnancesurvey.co.uk/id/7000000000007016,http://data.ordnancesurvey.co.uk/ontology/admingeo/District,Norfolk,http://data.ordnancesurvey.co.uk/id/7000000000007238,http://data.ordnancesurvey.co.uk/ontology/admingeo/County,Eastern,http://data.ordnancesurvey.co.uk/id/7000000000041425,England,http://data.ordnancesurvey.co.uk/id/country/england,,,
4115280e-49a1-4c6e-af42-04271071fb99,http://data.ordnancesurvey.co.uk/id/4115280e-49a1-4c6e-af42-04271071fb99,Back Road,,,,transportNetwork,Section Of Named Road,546750,305814,4000,25000,546680,305629,546831,306207,PE14,http://data.ordnancesurvey.co.uk/id/postcodedistrict/PE14,Elm,http://data.ordnancesurvey.co.uk/id/4000000074341528,http://www.ordnancesurvey.co.uk/xml/codelists/localtype.xml#village,Fenland,http://data.ordnancesurvey.co.uk/id/7000000000001357,http://data.ordnancesurvey.co.uk/ontology/admingeo/District,Cambridgeshire,http://data.ordnancesurvey.co.uk/id/7000000000001386,http://data.ordnancesurvey.co.uk/ontology/admingeo/County,Eastern,http://data.ordnancesurvey.co.uk/id/7000000000041425,England,http://data.ordnancesurvey.co.uk/id/country/england,osgb4000000026935105,,
osgb4000000026937415,http://data.ordnancesurvey.co.uk/id/4000000026937415,Peartree Way,,,,transportNetwork,Named Road,546791,306317,1000,20000,546713,306311,546865,306351,PE14,http://data.ordnancesurvey.co.uk/id/postcodedistrict/PE14,Elm,http://data.ordnancesurvey.co.uk/id/4000000074341528,http://www.ordnancesurvey.co.uk/xml/codelists/localtype.xml#village,Fenland,http://data.ordnancesurvey.co.uk/id/7000000000001357,http://data.ordnancesurvey.co.uk/ontology/admingeo/District,Cambridgeshire,http://data.ordnancesurvey.co.uk/id/7000000000001386,http://data.ordnancesurvey.co.uk/ontology/admingeo/County,Eastern,http://data.ordnancesurvey.co.uk/id/7000000000041425,England,http://data.ordnancesurvey.co.uk/id/country/england,,,
osgb4000000026932437,http://data.ordnancesurvey.co.uk/id/4000000026932437,Marsh Road,,,,transportNetwork,Named Road,548845,317608,8000,20000,548268,317266,549448,317941,PE14,http://data.ordnancesurvey.co.uk/id/postcodedistrict/PE14,,,,King's Lynn and West Norfolk,http://data.ordnancesurvey.co.uk/id/7000000000007016,http://data.ordnancesurvey.co.uk/ontology/admingeo/District,Norfolk,http://data.ordnancesurvey.co.uk/id/7000000000007238,http://data.ordnancesurvey.co.uk/ontology/admingeo/County,Eastern,http://data.ordnancesurvey.co.uk/id/7000000000041425,England,http://data.ordnancesurvey.co.uk/id/country/england,,,
osgb4000000026942728,http://data.ordnancesurvey.co.uk/id/4000000026942728,St Giles Grove,,,,transportNetwork,Named Road,547106,306475,1000,20000,547096,306451,547124,306486,PE14,http://data.ordnancesurvey.co.uk/id/postcodedistrict/PE14,Elm,http://data.ordnancesurvey.co.uk/id/4000000074341528,http://www.ordnancesurvey.co.uk/xml/codelists/localtype.xml#village,Fenland,http://data.ordnancesurvey.co.uk/id/7000000000001357,http://data.ordnancesurvey.co.uk/ontology/admingeo/District,Cambridgeshire,http://data.ordnancesurvey.co.uk/id/7000000000001386,http://data.ordnancesurvey.co.uk/ontology/admingeo/County,Eastern,http://data.ordnancesurvey.co.uk/id/7000000000041425,England,http://data.ordnancesurvey.co.uk/id/country/england,,,
osgb4000000026933589,http://data.ordnancesurvey.co.uk/id/4000000026933589,Parsonage Lane,,,,transportNetwork,Named Road,543001,318395,3000,20000,542953,318220,543035,318657,PE12,http://data.ordnancesurvey.co.uk/id/postcodedistrict/PE12,,,,South Holland,http://data.ordnancesurvey.co.uk/id/7000000000005599,http://data.ordnancesurvey.co.uk/ontology/admingeo/District,Lincolnshire,http://data.ordnancesurvey.co.uk/id/7000000000005942,http://data.ordnancesurvey.co.uk/ontology/admingeo/County,East Midlands,http://data.ordnancesurvey.co.uk/id/7000000000041423,England,http://data.ordnancesurvey.co.uk/id/country/england,,,
osgb4000000026997145,http://data.ordnancesurvey.co.uk/id/4000000026997145,Bullfinch Way,,,,transportNetwork,Named Road,546839,305161,1000,20000,546790,305154,546891,305161,PE14,http://data.ordnancesurvey.co.uk/id/postcodedistrict/PE14,Friday Bridge,http://data.ordnancesurvey.co.uk/id/4000000074550225,http://www.ordnancesurvey.co.uk/xml/codelists/localtype.xml#village,Fenland,http://data.ordnancesurvey.co.uk/id/7000000000001357,http://data.ordnancesurvey.co.uk/ontology/admingeo/District,Cambridgeshire,http://data.ordnancesurvey.co.uk/id/7000000000001386,http://data.ordnancesurvey.co.uk/ontology/admingeo/County,Eastern,http://data.ordnancesurvey.co.uk/id/7000000000041425,England,http://data.ordnancesurvey.co.uk/id/country/england,,,
osgb4000000026940399,http://data.ordnancesurvey.co.uk/id/4000000026940399,Holmes Drive,,,,transportNetwork,Named Road,547321,309917,1000,20000,547296,309859,547392,309935,PE13,http://data.ordnancesurvey.co.uk/id/postcodedistrict/PE13,Wisbech,http://data.ordnancesurvey.co.uk/id/4000000074551318,http://www.ordnancesurvey.co.uk/xml/codelists/localtype.xml#town,Fenland,http://data.ordnancesurvey.co.uk/id/7000000000001357,http://data.ordnancesurvey.co.uk/ontology/admingeo/District,Cambridgeshire,http://data.ordnancesurvey.co.uk/id/7000000000001386,http://data.ordnancesurvey.co.uk/ontology/admingeo/County,Eastern,http://data.ordnancesurvey.co.uk/id/7000000000041425,England,http://data.ordnancesurvey.co.uk/id/country/england,,,
e4daf1e3-ae91-4dfa-b30b-70ba16c69dd1,http://data.ordnancesurvey.co.uk/id/e4daf1e3-ae91-4dfa-b30b-70ba16c69dd1,Green Road,,,,transportNetwork,Section Of Named Road,550635,302255,2000,25000,550577,302062,550666,302445,PE14,http://data.ordnancesurvey.co.uk/id/postcodedistrict/PE14,Upwell,http://data.ordnancesurvey.co.uk/id/4000000074550938,http://www.ordnancesurvey.co.uk/xml/codelists/localtype.xml#village,King's Lynn and West Norfolk,http://data.ordnancesurvey.co.uk/id/7000000000007016,http://data.ordnancesurvey.co.uk/ontology/admingeo/District,Norfolk,http://data.ordnancesurvey.co.uk/id/7000000000007238,http://data.ordnancesurvey.co.uk/ontology/admingeo/County,Eastern,http://data.ordnancesurvey.co.uk/id/7000000000041425,England,http://data.ordnancesurvey.co.uk/id/country/england,osgb4000000026932221,,
osgb4000000026937529,http://data.ordnancesurvey.co.uk/id/4000000026937529,Admirals Drive,,,,transportNetwork,Named Road,546749,311141,1000,20000,546669,311088,546824,311155,PE13,http://data.ordnancesurvey.co.uk/id/postcodedistrict/PE13,Wisbech,http://data.ordnancesurvey.co.uk/id/4000000074551318,http://www.ordnancesurvey.co.uk/xml/codelists/localtype.xml#town,Fenland,http://data.ordnancesurvey.co.uk/id/7000000000001357,http://data.ordnancesurvey.co.uk/ontology/admingeo/District,Cambridgeshire,http://data.ordnancesurvey.co.uk/id/7000000000001386,http://data.ordnancesurvey.co.uk/ontology/admingeo/County,Eastern,http://data.ordnancesurvey.co.uk/id/7000000000041425,England,http://data.ordnancesurvey.co.uk/id/country/england,,,
osgb4000000026935151,http://data.ordnancesurvey.co.uk/id/4000000026935151,Woodgate Road,,,,transportNetwork,Named Road,544101,311878,2000,20000,543958,311748,544304,311904,PE13,http://data.ordnancesurvey.co.uk/id/postcodedistrict/PE13,Leverington,http://data.ordnancesurvey.co.uk/id/4000000074551313,http://www.ordnancesurvey.co.uk/xml/codelists/localtype.xml#village,Fenland,http://data.ordnancesurvey.co.uk/id/7000000000001357,http://data.ordnancesurvey.co.uk/ontology/admingeo/District,Cambridgeshire,http://data.ordnancesurvey.co.uk/id/7000000000001386,http://data.ordnancesurvey.co.uk/ontology/admingeo/County,Eastern,http://data.ordnancesurvey.co.uk/id/7000000000041425,England,http://data.ordnancesurvey.co.uk/id/country/england,,,
7b6a1c42-3de7-4872-9f83-a0fb42d901be,http://data.ordnancesurvey.co.uk/id/7b6a1c42-3de7-4872-9f83-a0fb42d901be,Bullock Road,,,,transportNetwork,Section Of Named Road,554999,318219,3000,25000,554761,318182,555209,318262,PE34,http://data.ordnancesurvey.co.uk/id/postcodedistrict/PE34,Shepherds' Gate,http://data.ordnancesurvey.co.uk/id/4000000074543173,http://www.ordnancesurvey.co.uk/xml/codelists/localtype.xml#otherSettlement,King's Lynn and West Norfolk,http://data.ordnancesurvey.co.uk/id/7000000000007016,http://data.ordnancesurvey.co.uk/ontology/admingeo/District,Norfolk,http://data.ordnancesurvey.co.uk/id/7000000000007238,http://data.ordnancesurvey.co.uk/ontology/admingeo/County,Eastern,http://data.ordnancesurvey.co.uk/id/7000000000041425,England,http://data.ordnancesurvey.co.uk/id/country/england,osgb4000000026933690,,
osgb4000000026931777,http://data.ordnancesurvey.co.uk/id/4000000026931777,Crabb Lane,,,,transportNetwork,Named Road,556382,314537,13000,20000,555555,314326,557498,314659,PE34,http://data.ordnancesurvey.co.uk/id/postcodedistrict/PE34,,,,King's Lynn and West Norfolk,http://data.ordnancesurvey.co.uk/id/7000000000007016,http://data.ordnancesurvey.co.uk/ontology/admingeo/District,Norfolk,http://data.ordnancesurvey.co.uk/id/7000000000007238,http://data.ordnancesurvey.co.uk/ontology/admingeo/County,Eastern,http://data.ordnancesurvey.co.uk/id/7000000000041425,England,http://data.ordnancesurvey.co.uk/id/country/england,,,
osgb4000000026937459,http://data.ordnancesurvey.co.uk/id/4000000026937459,Peckover Drive,,,,transportNetwork,Named Road,547063,309126,1000,20000,547038,309110,547218,309129,PE13,http://data.ordnancesurvey.co.uk/id/postcodedistrict/PE13,Wisbech,http://data.ordnancesurvey.co.uk/id/4000000074551318,http://www.ordnancesurvey.co.uk/xml/codelists/localtype.xml#town,Fenland,http://data.ordnancesurvey.co.uk/id/7000000000001357,http://data.ordnancesurvey.co.uk/ontology/admingeo/District,Cambridgeshire,http://data.ordnancesurvey.co.uk/id/7000000000001386,http://data.ordnancesurvey.co.uk/ontology/admingeo/County,Eastern,http://data.ordnancesurvey.co.uk/id/7000000000041425,England,http://data.ordnancesurvey.co.uk/id/country/england,,,
7f1b3765-5037-456f-b696-50b82e9df715,http://data.ordnancesurvey.co.uk/id/7f1b3765-5037-456f-b696-50b82e9df715,Rustons Road,,,,transportNetwork,Section Of Named Road,551846,308875,1000,25000,551795,308847,551899,308901,PE14,http://data.ordnancesurvey.co.uk/id/postcodedistrict/PE14,Marshland St James,http://data.ordnancesurvey.co.uk/id/4000000074548753,http://www.ordnancesurvey.co.uk/xml/codelists/localtype.xml#village,King's Lynn and West Norfolk,http://data.ordnancesurvey.co.uk/id/7000000000007016,http://data.ordnancesurvey.co.uk/ontology/admingeo/District,Norfolk,http://data.ordnancesurvey.co.uk/id/7000000000007238,http://data.ordnancesurvey.co.uk/ontology/admingeo/County,Eastern,http://data.ordnancesurvey.co.uk/id/7000000000041425,England,http://data.ordnancesurvey.co.uk/id/country/england,osgb4000000026931761,,
64b0072d-0944-4659-b9b2-a323b612a9f9,http://data.ordnancesurvey.co.uk/id/64b0072d-0944-4659-b9b2-a323b612a9f9,Biggs Road,,,,transportNetwork,Section Of Named Road,549002,309083,1000,25000,548986,308996,549071,309190,PE14,http://data.ordnancesurvey.co.uk/id/postcodedistrict/PE14,Paradise,http://data.ordnancesurvey.co.uk/id/4000000074541379,http://www.ordnancesurvey.co.uk/xml/codelists/localtype.xml#hamlet,King's Lynn and West Norfolk,http://data.ordnancesurvey.co.uk/id/7000000000007016,http://data.ordnancesurvey.co.uk/ontology/admingeo/District,Norfolk,http://data.ordnancesurvey.co.uk/id/7000000000007238,http://data.ordnancesurvey.co.uk/ontology/admingeo/County,Eastern,http://data.ordnancesurvey.co.uk/id/7000000000041425,England,http://data.ordnancesurvey.co.uk/id/country/england,osgb4000000026932401,,
c655b4b1-99c2-4e50-97a7-d97df8d666d3,http://data.ordnancesurvey.co.uk/id/c655b4b1-99c2-4e50-97a7-d97df8d666d3,Broad Drove,,,,transportNetwork,Section Of Named Road,548195,306791,1000,25000,548195,306791,548234,306811,PE14,http://data.ordnancesurvey.co.uk/id/postcodedistrict/PE14,Elm,http://data.ordnancesurvey.co.uk/id/4000000074341528,http://www.ordnancesurvey.co.uk/xml/codelists/localtype.xml#village,King's Lynn and West Norfolk,http://data.ordnancesurvey.co.uk/id/7000000000007016,http://data.ordnancesurvey.co.uk/ontology/admingeo/District,Norfolk,http://data.ordnancesurvey.co.uk/id/7000000000007238,http://data.ordnancesurvey.co.uk/ontology/admingeo/County,Eastern,http://data.ordnancesurvey.co.uk/id/7000000000041425,England,http://data.ordnancesurvey.co.uk/id/country/england,osgb4000000026935251,,
osgb4000000026937337,http://data.ordnancesurvey.co.uk/id/4000000026937337,The Russets,,,,transportNetwork,Named Road,550624,303243,1000,20000,550506,303139,550686,303302,PE14,http://data.ordnancesurvey.co.uk/id/postcodedistrict/PE14,Upwell,http://data.ordnancesurvey.co.uk/id/4000000074550938,http://www.ordnancesurvey.co.uk/xml/codelists/localtype.xml#village,King's Lynn and West Norfolk,http://data.ordnancesurvey.co.uk/id/7000000000007016,http://data.ordnancesurvey.co.uk/ontology/admingeo/District,Norfolk,http://data.ordnancesurvey.co.uk/id/7000000000007238,http://data.ordnancesurvey.co.uk/ontology/admingeo/County,Eastern,http://data.ordnancesurvey.co.uk/id/7000000000041425,England,http://data.ordnancesurvey.co.uk/id/country/england,,,
osgb4000000026935167,http://data.ordnancesurvey.co.uk/id/4000000026935167,Grosvenor Road,,,,transportNetwork,Named Road,546564,310694,3000,20000,546527,310439,546579,310958,PE13,http://data.ordnancesurvey.co.uk/id/postcodedistrict/PE13,Wisbech,http://data.ordnancesurvey.co.uk/id/4000000074551318,http://www.ordnancesurvey.co.uk/xml/codelists/localtype.xml#town,Fenland,http://data.ordnancesurvey.co.uk/id/7000000000001357,http://data.ordnancesurvey.co.uk/ontology/admingeo/District,Cambridgeshire,http://data.ordnancesurvey.co.uk/id/7000000000001386,http://data.ordnancesurvey.co.uk/ontology/admingeo/County,Eastern,http://data.ordnancesurvey.co.uk/id/7000000000041425,England,http://data.ordnancesurvey.co.uk/id/country/england,,,
osgb4000000026937499,http://data.ordnancesurvey.co.uk/id/4000000026937499,Townshend Road,,,,transportNetwork,Named Road,546611,310039,1000,20000,546577,309936,546647,310130,PE13,http://data.ordnancesurvey.co.uk/id/postcodedistrict/PE13,Wisbech,http://data.ordnancesurvey.co.uk/id/4000000074551318,http://www.ordnancesurvey.co.uk/xml/codelists/localtype.xml#town,Fenland,http://data.ordnancesurvey.co.uk/id/7000000000001357,http://data.ordnancesurvey.co.uk/ontology/admingeo/District,Cambridgeshire,http://data.ordnancesurvey.co.uk/id/7000000000001386,http://data.ordnancesurvey.co.uk/ontology/admingeo/County,Eastern,http://data.ordnancesurvey.co.uk/id/7000000000041425,England,http://data.ordnancesurvey.co.uk/id/country/england,,,
osgb4000000026935255,http://data.ordnancesurvey.co.uk/id/4000000026935255,Gaultree Square,,,,transportNetwork,Named Road,549576,307165,2000,20000,549503,307037,549597,307269,PE14,http://data.ordnancesurvey.co.uk/id/postcodedistrict/PE14,Emneth,http://data.ordnancesurvey.co.uk/id/4000000074550948,http://www.ordnancesurvey.co.uk/xml/codelists/localtype.xml#village,King's Lynn and West Norfolk,http://data.ordnancesurvey.co.uk/id/7000000000007016,http://data.ordnancesurvey.co.uk/ontology/admingeo/District,Norfolk,http://data.ordnancesurvey.co.uk/id/7000000000007238,http://data.ordnancesurvey.co.uk/ontology/admingeo/County,Eastern,http://data.ordnancesurvey.co.uk/id/7000000000041425,England,http://data.ordnancesurvey.co.uk/id/country/england,,,
osgb4000000026932453,http://data.ordnancesurvey.co.uk/id/4000000026932453,Centenary Way,,,,transportNetwork,Named Road,549270,319769,13000,20000,548220,319545,550171,320185,PE14,http://data.ordnancesurvey.co.uk/id/postcodedistrict/PE14,,,,South Holland,http://data.ordnancesurvey.co.uk/id/7000000000005599,http://data.ordnancesurvey.co.uk/ontology/admingeo/District,Lincolnshire,http://data.ordnancesurvey.co.uk/id/7000000000005942,http://data.ordnancesurvey.co.uk/ontology/admingeo/County,East Midlands,http://data.ordnancesurvey.co.uk/id/7000000000041423,England,http://data.ordnancesurvey.co.uk/id/country/england,,,
osgb4000000026935127,http://data.ordnancesurvey.co.uk/id/4000000026935127,Somers Road,,,,transportNetwork,Named Road,545886,309485,1000,20000,545800,309395,545945,309619,PE13,http://data.ordnancesurvey.co.uk/id/postcodedistrict/PE13,Wisbech,http://data.ordnancesurvey.co.uk/id/4000000074551318,http://www.ordnancesurvey.co.uk/xml/codelists/localtype.xml#town,Fenland,http://data.ordnancesurvey.co.uk/id/7000000000001357,http://data.ordnancesurvey.co.uk/ontology/admingeo/District,Cambridgeshire,http://data.ordnancesurvey.co.uk/id/7000000000001386,http://data.ordnancesurvey.co.uk/ontology/admingeo/County,Eastern,http://data.ordnancesurvey.co.uk/id/7000000000041425,England,http://data.ordnancesurvey.co.uk/id/country/england,,,
6c003ebb-df3b-4218-89b6-91e195b9dd68,http://data.ordnancesurvey.co.uk/id/6c003ebb-df3b-4218-89b6-91e195b9dd68,Church Road,,,,transportNetwork,Section Of Named Road,547967,307423,1000,25000,547862,307351,548071,307490,PE14,http://data.ordnancesurvey.co.uk/id/postcodedistrict/PE14,Elm,http://data.ordnancesurvey.co.uk/id/4000000074341528,http://www.ordnancesurvey.co.uk/xml/codelists/localtype.xml#village,King's Lynn and West Norfolk,http://data.ordnancesurvey.co.uk/id/7000000000007016,http://data.ordnancesurvey.co.uk/ontology/admingeo/District,Norfolk,http://data.ordnancesurvey.co.uk/id/7000000000007238,http://data.ordnancesurvey.co.uk/ontology/admingeo/County,Eastern,http://data.ordnancesurvey.co.uk/id/7000000000041425,England,http://data.ordnancesurvey.co.uk/id/country/england,osgb4000000026937608,,
osgb5000005232448737,http://data.ordnancesurvey.co.uk/id/5000005232448737,Fen Drove,,,,transportNetwork,Named Road,541669,314137,5000,20000,541287,314101,541997,314163,PE13,http://data.ordnancesurvey.co.uk/id/postcodedistrict/PE13,,,,Fenland,http://data.ordnancesurvey.co.uk/id/7000000000001357,http://data.ordnancesurvey.co.uk/ontology/admingeo/District,Cambridgeshire,http://data.ordnancesurvey.co.uk/id/7000000000001386,http://data.ordnancesurvey.co.uk/ontology/admingeo/County,Eastern,http://data.ordnancesurvey.co.uk/id/7000000000041425,England,http://data.ordnancesurvey.co.uk/id/country/england,,,
osgb4000000026937440,http://data.ordnancesurvey.co.uk/id/4000000026937440,Arles Avenue,,,,transportNetwork,Named Road,547079,308812,1000,20000,546976,308755,547175,308840,PE13,http://data.ordnancesurvey.co.uk/id/postcodedistrict/PE13,Wisbech,http://data.ordnancesurvey.co.uk/id/4000000074551318,http://www.ordnancesurvey.co.uk/xml/codelists/localtype.xml#town,Fenland,http://data.ordnancesurvey.co.uk/id/7000000000001357,http://data.ordnancesurvey.co.uk/ontology/admingeo/District,Cambridgeshire,http://data.ordnancesurvey.co.uk/id/7000000000001386,http://data.ordnancesurvey.co.uk/ontology/admingeo/County,Eastern,http://data.ordnancesurvey.co.uk/id/7000000000041425,England,http://data.ordnancesurvey.co.uk/id/country/england,,,
b06c264a-6a12-4c27-9d1d-946370a26adc,http://data.ordnancesurvey.co.uk/id/b06c264a-6a12-4c27-9d1d-946370a26adc,Long Road,,,,transportNetwork,Section Of Named Road,545408,318832,1000,25000,545405,318748,545416,318902,PE13,http://data.ordnancesurvey.co.uk/id/postcodedistrict/PE13,Tydd St Mary,http://data.ordnancesurvey.co.uk/id/4000000074548410,http://www.ordnancesurvey.co.uk/xml/codelists/localtype.xml#village,South Holland,http://data.ordnancesurvey.co.uk/id/7000000000005599,http://data.ordnancesurvey.co.uk/ontology/admingeo/District,Lincolnshire,http://data.ordnancesurvey.co.uk/id/7000000000005942,http://data.ordnancesurvey.co.uk/ontology/admingeo/County,East Midlands,http://data.ordnancesurvey.co.uk/id/7000000000041423,England,http://data.ordnancesurvey.co.uk/id/country/england,osgb4000000026932365,,
osgb4000000026942756,http://data.ordnancesurvey.co.uk/id/4000000026942756,Stow Gardens,,,,transportNetwork,Named Road,547371,309162,1000,20000,547332,309153,547382,309163,PE13,http://data.ordnancesurvey.co.uk/id/postcodedistrict/PE13,Wisbech,http://data.ordnancesurvey.co.uk/id/4000000074551318,http://www.ordnancesurvey.co.uk/xml/codelists/localtype.xml#town,Fenland,http://data.ordnancesurvey.co.uk/id/7000000000001357,http://data.ordnancesurvey.co.uk/ontology/admingeo/District,Cambridgeshire,http://data.ordnancesurvey.co.uk/id/7000000000001386,http://data.ordnancesurvey.co.uk/ontology/admingeo/County,Eastern,http://data.ordnancesurvey.co.uk/id/7000000000041425,England,http://data.ordnancesurvey.co.uk/id/country/england,,,
osgb4000000026949537,http://data.ordnancesurvey.co.uk/id/4000000026949537,Pippin Gardens,,,,transportNetwork,Named Road,548008,310720,1000,20000,548006,310676,548023,310772,PE13,http://data.ordnancesurvey.co.uk/id/postcodedistrict/PE13,Wisbech,http://data.ordnancesurvey.co.uk/id/4000000074551318,http://www.ordnancesurvey.co.uk/xml/codelists/localtype.xml#town,King's Lynn and West Norfolk,http://data.ordnancesurvey.co.uk/id/7000000000007016,http://data.ordnancesurvey.co.uk/ontology/admingeo/District,Norfolk,http://data.ordnancesurvey.co.uk/id/7000000000007238,http://data.ordnancesurvey.co.uk/ontology/admingeo/County,Eastern,http://data.ordnancesurvey.co.uk/id/7000000000041425,England,http://data.ordnancesurvey.co.uk/id/country/england,,,
osgb4000000026932290,http://data.ordnancesurvey.co.uk/id/4000000026932290,Mill Lane,,,,transportNetwork,Named Road,542956,313739,10000,20000,542776,312999,543164,314516,PE13,http://data.ordnancesurvey.co.uk/id/postcodedistrict/PE13,Newton-in-the-Isle,http://data.ordnancesurvey.co.uk/id/4000000074548769,http://www.ordnancesurvey.co.uk/xml/codelists/localtype.xml#village,Fenland,http://data.ordnancesurvey.co.uk/id/7000000000001357,http://data.ordnancesurvey.co.uk/ontology/admingeo/District,Cambridgeshire,http://data.ordnancesurvey.co.uk/id/7000000000001386,http://data.ordnancesurvey.co.uk/ontology/admingeo/County,Eastern,http://data.ordnancesurvey.co.uk/id/7000000000041425,England,http://data.ordnancesurvey.co.uk/id/country/england,,,
f1443e0c-800f-48f1-8727-c7483daddb0c,http://data.ordnancesurvey.co.uk/id/f1443e0c-800f-48f1-8727-c7483daddb0c,Willock Lane,,,,transportNetwork,Section Of Named Road,540814,307056,1000,25000,540772,307020,540843,307068,PE13,http://data.ordnancesurvey.co.uk/id/postcodedistrict/PE13,Bunker's Hill,http://data.ordnancesurvey.co.uk/id/4000000074551314,http://www.ordnancesurvey.co.uk/xml/codelists/localtype.xml#hamlet,Fenland,http://data.ordnancesurvey.co.uk/id/7000000000001357,http://data.ordnancesurvey.co.uk/ontology/admingeo/District,Cambridgeshire,http://data.ordnancesurvey.co.uk/id/7000000000001386,http://data.ordnancesurvey.co.uk/ontology/admingeo/County,Eastern,http://data.ordnancesurvey.co.uk/id/7000000000041425,England,http://data.ordnancesurvey.co.uk/id/country/england,osgb4000000026933494,,
osgb4000000026940245,http://data.ordnancesurvey.co.uk/id/4000000026940245,Overstone Drive,,,,transportNetwork,Named Road,543360,302882,1000,20000,543332,302838,543397,302911,PE14,http://data.ordnancesurvey.co.uk/id/postcodedistrict/PE14,Coldham,http://data.ordnancesurvey.co.uk/id/4000000074550588,http://www.ordnancesurvey.co.uk/xml/codelists/localtype.xml#village,Fenland,http://data.ordnancesurvey.co.uk/id/7000000000001357,http://data.ordnancesurvey.co.uk/ontology/admingeo/District,Cambridgeshire,http://data.ordnancesurvey.co.uk/id/7000000000001386,http://data.ordnancesurvey.co.uk/ontology/admingeo/County,Eastern,http://data.ordnancesurvey.co.uk/id/7000000000041425,England,http://data.ordnancesurvey.co.uk/id/country/england,,,
osgb4000000026935136,http://data.ordnancesurvey.co.uk/id/4000000026935136,Money Bank,,,,transportNetwork,Named Road,547112,309216,3000,20000,546865,309185,547365,309539,PE13,http://data.ordnancesurvey.co.uk/id/postcodedistrict/PE13,Wisbech,http://data.ordnancesurvey.co.uk/id/4000000074551318,http://www.ordnancesurvey.co.uk/xml/codelists/localtype.xml#town,Fenland,http://data.ordnancesurvey.co.uk/id/7000000000001357,http://data.ordnancesurvey.co.uk/ontology/admingeo/District,Cambridgeshire,http://data.ordnancesurvey.co.uk/id/7000000000001386,http://data.ordnancesurvey.co.uk/ontology/admingeo/County,Eastern,http://data.ordnancesurvey.co.uk/id/7000000000041425,England,http://data.ordnancesurvey.co.uk/id/country/england,,,
osgb4000000026931762,http://data.ordnancesurvey.co.uk/id/4000000026931762,Moyse's Bank,,,,transportNetwork,Named Road,553040,307326,20000,20000,552214,306176,553854,309245,PE14,http://data.ordnancesurvey.co.uk/id/postcodedistrict/PE14,,,,King's Lynn and West Norfolk,http://data.ordnancesurvey.co.uk/id/7000000000007016,http://data.ordnancesurvey.co.uk/ontology/admingeo/District,Norfolk,http://data.ordnancesurvey.co.uk/id/7000000000007238,http://data.ordnancesurvey.co.uk/ontology/admingeo/County,Eastern,http://data.ordnancesurvey.co.uk/id/7000000000041425,England,http://data.ordnancesurvey.co.uk/id/country/england,,,
f18d873b-5869-4651-86b5-0737bcf180cf,http://data.ordnancesurvey.co.uk/id/f18d873b-5869-4651-86b5-0737bcf180cf,Robb's Chase,,,,transportNetwork,Section Of Named Road,551021,303855,1000,25000,550948,303792,551140,303909,PE14,http://data.ordnancesurvey.co.uk/id/postcodedistrict/PE14,Outwell,http://data.ordnancesurvey.co.uk/id/4000000074548389,http://www.ordnancesurvey.co.uk/xml/codelists/localtype.xml#village,King's Lynn and West Norfolk,http://data.ordnancesurvey.co.uk/id/7000000000007016,http://data.ordnancesurvey.co.uk/ontology/admingeo/District,Norfolk,http://data.ordnancesurvey.co.uk/id/7000000000007238,http://data.ordnancesurvey.co.uk/ontology/admingeo/County,Eastern,http://data.ordnancesurvey.co.uk/id/7000000000041425,England,http://data.ordnancesurvey.co.uk/id/country/england,osgb5000005232449607,,
osgb4000000026937434,http://data.ordnancesurvey.co.uk/id/4000000026937434,Prospect Place,,,,transportNetwork,Named Road,546331,308955,1000,20000,546255,308874,546377,308986,PE13,http://data.ordnancesurvey.co.uk/id/postcodedistrict/PE13,Wisbech,http://data.ordnancesurvey.co.uk/id/4000000074551318,http://www.ordnancesurvey.co.uk/xml/codelists/localtype.xml#town,Fenland,http://data.ordnancesurvey.co.uk/id/7000000000001357,http://data.ordnancesurvey.co.uk/ontology/admingeo/District,Cambridgeshire,http://data.ordnancesurvey.co.uk/id/7000000000001386,http://data.ordnancesurvey.co.uk/ontology/admingeo/County,Eastern,http://data.ordnancesurvey.co.uk/id/7000000000041425,England,http://data.ordnancesurvey.co.uk/id/country/england,,,
osgb4000000026937617,http://data.ordnancesurvey.co.uk/id/4000000026937617,Workhouse Lane,,,,transportNetwork,Named Road,554982,314348,1000,20000,554924,314321,555051,314370,PE34,http://data.ordnancesurvey.co.uk/id/postcodedistrict/PE34,Tilney St Lawrence,http://data.ordnancesurvey.co.uk/id/4000000074550579,http://www.ordnancesurvey.co.uk/xml/codelists/localtype.xml#village,King's Lynn and West Norfolk,http://data.ordnancesurvey.co.uk/id/7000000000007016,http://data.ordnancesurvey.co.uk/ontology/admingeo/District,Norfolk,http://data.ordnancesurvey.co.uk/id/7000000000007238,http://data.ordnancesurvey.co.uk/ontology/admingeo/County,Eastern,http://data.ordnancesurvey.co.uk/id/7000000000041425,England,http://data.ordnancesurvey.co.uk/id/country/england,,,
osgb4000000026940353,http://data.ordnancesurvey.co.uk/id/4000000026940353,Medway Close,,,,transportNetwork,Named Road,547460,309366,1000,20000,547443,309336,547493,309392,PE13,http://data.ordnancesurvey.co.uk/id/postcodedistrict/PE13,Wisbech,http://data.ordnancesurvey.co.uk/id/4000000074551318,http://www.ordnancesurvey.co.uk/xml/codelists/localtype.xml#town,Fenland,http://data.ordnancesurvey.co.uk/id/7000000000001357,http://data.ordnancesurvey.co.uk/ontology/admingeo/District,Cambridgeshire,http://data.ordnancesurvey.co.uk/id/7000000000001386,http://data.ordnancesurvey.co.uk/ontology/admingeo/County,Eastern,http://data.ordnancesurvey.co.uk/id/7000000000041425,England,http://data.ordnancesurvey.co.uk/id/country/england,,,
96f640b8-acd9-4faf-814e-e555f5cb3b83,http://data.ordnancesurvey.co.uk/id/96f640b8-acd9-4faf-814e-e555f5cb3b83,Hogens Lane,,,,transportNetwork,Section Of Named Road,543441,314766,3000,25000,543421,314584,543481,314975,PE13,http://data.ordnancesurvey.co.uk/id/postcodedistrict/PE13,,,,Fenland,http://data.ordnancesurvey.co.uk/id/7000000000001357,http://data.ordnancesurvey.co.uk/ontology/admingeo/District,Cambridgeshire,http://data.ordnancesurvey.co.uk/id/7000000000001386,http://data.ordnancesurvey.co.uk/ontology/admingeo/County,Eastern,http://data.ordnancesurvey.co.uk/id/7000000000041425,England,http://data.ordnancesurvey.co.uk/id/country/england,osgb4000000026935215,,
osgb4000000026932299,http://data.ordnancesurvey.co.uk/id/4000000026932299,Burrett Road,,,,transportNetwork,Named Road,548146,311000,10000,20000,548057,310202,548189,311751,PE14,http://data.ordnancesurvey.co.uk/id/postcodedistrict/PE14,,,,King's Lynn and West Norfolk,http://data.ordnancesurvey.co.uk/id/7000000000007016,http://data.ordnancesurvey.co.uk/ontology/admingeo/District,Norfolk,http://data.ordnancesurvey.co.uk/id/7000000000007238,http://data.ordnancesurvey.co.uk/ontology/admingeo/County,Eastern,http://data.ordnancesurvey.co.uk/id/7000000000041425,England,http://data.ordnancesurvey.co.uk/id/country/england,,,
05cfbef9-80cb-4154-90a8-dab364be4b45,http://data.ordnancesurvey.co.uk/id/05cfbef9-80cb-4154-90a8-dab364be4b45,French's Road,,,,transportNetwork,Section Of Named Road,548295,317228,5000,25000,547927,316953,548728,317469,PE14,http://data.ordnancesurvey.co.uk/id/postcodedistrict/PE14,Walpole Marsh,http://data.ordnancesurvey.co.uk/id/4000000074548407,http://www.ordnancesurvey.co.uk/xml/codelists/localtype.xml#village,King's Lynn and West Norfolk,http://data.ordnancesurvey.co.uk/id/7000000000007016,http://data.ordnancesurvey.co.uk/ontology/admingeo/District,Norfolk,http://data.ordnancesurvey.co.uk/id/7000000000007238,http://data.ordnancesurvey.co.uk/ontology/admingeo/County,Eastern,http://data.ordnancesurvey.co.uk/id/7000000000041425,England,http://data.ordnancesurvey.co.uk/id/country/england,osgb4000000026932436,,
osgb4000000027009201,http://data.ordnancesurvey.co.uk/id/4000000027009201,Steeple View,,,,transportNetwork,Named Road,547486,310521,1000,20000,547473,310508,547544,310551,PE13,http://data.ordnancesurvey.co.uk/id/postcodedistrict/PE13,Wisbech,http://data.ordnancesurvey.co.uk/id/4000000074551318,http://www.ordnancesurvey.co.uk/xml/codelists/localtype.xml#town,Fenland,http://data.ordnancesurvey.co.uk/id/7000000000001357,http://data.ordnancesurvey.co.uk/ontology/admingeo/District,Cambridgeshire,http://data.ordnancesurvey.co.uk/id/7000000000001386,http://data.ordnancesurvey.co.uk/ontology/admingeo/County,Eastern,http://data.ordnancesurvey.co.uk/id/7000000000041425,England,http://data.ordnancesurvey.co.uk/id/country/england,,,
osgb4000000026942699,http://data.ordnancesurvey.co.uk/id/4000000026942699,Oak Drive,,,,transportNetwork,Named Road,551269,304203,1000,20000,551247,304177,551274,304243,PE14,http://data.ordnancesurvey.co.uk/id/postcodedistrict/PE14,Outwell,http://data.ordnancesurvey.co.uk/id/4000000074548389,http://www.ordnancesurvey.co.uk/xml/codelists/localtype.xml#village,King's Lynn and West Norfolk,http://data.ordnancesurvey.co.uk/id/7000000000007016,http://data.ordnancesurvey.co.uk/ontology/admingeo/District,Norfolk,http://data.ordnancesurvey.co.uk/id/7000000000007238,http://data.ordnancesurvey.co.uk/ontology/admingeo/County,Eastern,http://data.ordnancesurvey.co.uk/id/7000000000041425,England,http://data.ordnancesurvey.co.uk/id/country/england,,,
osgb5000005232449607,http://data.ordnancesurvey.co.uk/id/5000005232449607,Robb's Chase,,,,transportNetwork,Named Road,550823,303952,4000,20000,550503,303792,551140,304109,PE14,http://data.ordnancesurvey.co.uk/id/postcodedistrict/PE14,,,,King's Lynn and West Norfolk,http://data.ordnancesurvey.co.uk/id/7000000000007016,http://data.ordnancesurvey.co.uk/ontology/admingeo/District,Norfolk,http://data.ordnancesurvey.co.uk/id/7000000000007238,http://data.ordnancesurvey.co.uk/ontology/admingeo/County,Eastern,http://data.ordnancesurvey.co.uk/id/7000000000041425,England,http://data.ordnancesurvey.co.uk/id/country/england,,,
osgb4000000026933668,http://data.ordnancesurvey.co.uk/id/4000000026933668,Mill Road,,,,transportNetwork,Named Road,559454,310605,4000,20000,559180,310456,559732,310792,PE34,http://data.ordnancesurvey.co.uk/id/postcodedistrict/PE34,Wiggenhall St Mary Magdalen,http://data.ordnancesurvey.co.uk/id/4000000074548392,http://www.ordnancesurvey.co.uk/xml/codelists/localtype.xml#village,King's Lynn and West Norfolk,http://data.ordnancesurvey.co.uk/id/7000000000007016,http://data.ordnancesurvey.co.uk/ontology/admingeo/District,Norfolk,http://data.ordnancesurvey.co.uk/id/7000000000007238,http://data.ordnancesurvey.co.uk/ontology/admingeo/County,Eastern,http://data.ordnancesurvey.co.uk/id/7000000000041425,England,http://data.ordnancesurvey.co.uk/id/country/england,,,
osgb4000000026940411,http://data.ordnancesurvey.co.uk/id/4000000026940411,St Martin's Road,,,,transportNetwork,Named Road,547249,310960,1000,20000,547239,310887,547260,311033,PE13,http://data.ordnancesurvey.co.uk/id/postcodedistrict/PE13,Wisbech,http://data.ordnancesurvey.co.uk/id/4000000074551318,http://www.ordnancesurvey.co.uk/xml/codelists/localtype.xml#town,Fenland,http://data.ordnancesurvey.co.uk/id/7000000000001357,http://data.ordnancesurvey.co.uk/ontology/admingeo/District,Cambridgeshire,http://data.ordnancesurvey.co.uk/id/7000000000001386,http://data.ordnancesurvey.co.uk/ontology/admingeo/County,Eastern,http://data.ordnancesurvey.co.uk/id/7000000000041425,England,http://data.ordnancesurvey.co.uk/id/country/england,,,
osgb4000000026935207,http://data.ordnancesurvey.co.uk/id/4000000026935207,Newgate Road,,,,transportNetwork,Named Road,542378,316058,3000,20000,542124,316002,542629,316113,PE13,http://data.ordnancesurvey.co.uk/id/postcodedistrict/PE13,Tydd St Giles,http://data.ordnancesurvey.co.uk/id/4000000074548770,http://www.ordnancesurvey.co.uk/xml/codelists/localtype.xml#village,Fenland,http://data.ordnancesurvey.co.uk/id/7000000000001357,http://data.ordnancesurvey.co.uk/ontology/admingeo/District,Cambridgeshire,http://data.ordnancesurvey.co.uk/id/7000000000001386,http://data.ordnancesurvey.co.uk/ontology/admingeo/County,Eastern,http://data.ordnancesurvey.co.uk/id/7000000000041425,England,http://data.ordnancesurvey.co.uk/id/country/england,,,
osgb4000000026932445,http://data.ordnancesurvey.co.uk/id/4000000026932445,Church Road,,,,transportNetwork,Named Road,554037,315843,11000,20000,553677,314992,554162,316687,PE14,http://data.ordnancesurvey.co.uk/id/postcodedistrict/PE14,Terrington St John,http://data.ordnancesurvey.co.uk/id/4000000074550941,http://www.ordnancesurvey.co.uk/xml/codelists/localtype.xml#village,King's Lynn and West Norfolk,http://data.ordnancesurvey.co.uk/id/7000000000007016,http://data.ordnancesurvey.co.uk/ontology/admingeo/District,Norfolk,http://data.ordnancesurvey.co.uk/id/7000000000007238,http://data.ordnancesurvey.co.uk/ontology/admingeo/County,Eastern,http://data.ordnancesurvey.co.uk/id/7000000000041425,England,http://data.ordnancesurvey.co.uk/id/country/england,,,
osgb4000000026937437,http://data.ordnancesurvey.co.uk/id/4000000026937437,Milner Road,,,,transportNetwork,Named Road,546377,308986,1000,20000,546298,308888,546509,309085,PE13,http://data.ordnancesurvey.co.uk/id/postcodedistrict/PE13,Wisbech,http://data.ordnancesurvey.co.uk/id/4000000074551318,http://www.ordnancesurvey.co.uk/xml/codelists/localtype.xml#town,Fenland,http://data.ordnancesurvey.co.uk/id/7000000000001357,http://data.ordnancesurvey.co.uk/ontology/admingeo/District,Cambridgeshire,http://data.ordnancesurvey.co.uk/id/7000000000001386,http://data.ordnancesurvey.co.uk/ontology/admingeo/County,Eastern,http://data.ordnancesurvey.co.uk/id/7000000000041425,England,http://data.ordnancesurvey.co.uk/id/country/england,,,
osgb4000000026933592,http://data.ordnancesurvey.co.uk/id/4000000026933592,Swallow Lane,,,,transportNetwork,Named Road,544402,317024,7000,20000,544016,316733,545041,317225,PE13,http://data.ordnancesurvey.co.uk/id/postcodedistrict/PE13,,,,Fenland,http://data.ordnancesurvey.co.uk/id/7000000000001357,http://data.ordnancesurvey.co.uk/ontology/admingeo/District,Cambridgeshire,http://data.ordnancesurvey.co.uk/id/7000000000001386,http://data.ordnancesurvey.co.uk/ontology/admingeo/County,Eastern,http://data.ordnancesurvey.co.uk/id/7000000000041425,England,http://data.ordnancesurvey.co.uk/id/country/england,,,
osgb5000005186921828,http://data.ordnancesurvey.co.uk/id/5000005186921828,Woodhouse Farm Close,,,,transportNetwork,Named Road,545633,304827,1000,20000,545631,304815,545647,304878,PE14,http://data.ordnancesurvey.co.uk/id/postcodedistrict/PE14,,,,Fenland,http://data.ordnancesurvey.co.uk/id/7000000000001357,http://data.ordnancesurvey.co.uk/ontology/admingeo/District,Cambridgeshire,http://data.ordnancesurvey.co.uk/id/7000000000001386,http://data.ordnancesurvey.co.uk/ontology/admingeo/County,Eastern,http://data.ordnancesurvey.co.uk/id/7000000000041425,England,http://data.ordnancesurvey.co.uk/id/country/england,,,
9e1c7ad9-139f-4c51-bdaf-3288a0a6535e,http://data.ordnancesurvey.co.uk/id/9e1c7ad9-139f-4c51-bdaf-3288a0a6535e,Foldgate Lane,,,,transportNetwork,Section Of Named Road,559010,310426,2000,25000,558845,310417,559180,310536,PE34,http://data.ordnancesurvey.co.uk/id/postcodedistrict/PE34,Wiggenhall St Mary Magdalen,http://data.ordnancesurvey.co.uk/id/4000000074548392,http://www.ordnancesurvey.co.uk/xml/codelists/localtype.xml#village,King's Lynn and West Norfolk,http://data.ordnancesurvey.co.uk/id/7000000000007016,http://data.ordnancesurvey.co.uk/ontology/admingeo/District,Norfolk,http://data.ordnancesurvey.co.uk/id/7000000000007238,http://data.ordnancesurvey.co.uk/ontology/admingeo/County,Eastern,http://data.ordnancesurvey.co.uk/id/7000000000041425,England,http://data.ordnancesurvey.co.uk/id/country/england,osgb4000000026935274,,
osgb4000000027017886,http://data.ordnancesurvey.co.uk/id/4000000027017886,New Road,,,,transportNetwork,Named Road,550795,302095,9000,20000,550510,301408,551010,302785,PE14,http://data.ordnancesurvey.co.uk/id/postcodedistrict/PE14,,,,King's Lynn and West Norfolk,http://data.ordnancesurvey.co.uk/id/7000000000007016,http://data.ordnancesurvey.co.uk/ontology/admingeo/District,Norfolk,http://data.ordnancesurvey.co.uk/id/7000000000007238,http://data.ordnancesurvey.co.uk/ontology/admingeo/County,Eastern,http://data.ordnancesurvey.co.uk/id/7000000000041425,England,http://data.ordnancesurvey.co.uk/id/country/england,,,
osgb4000000026940372,http://data.ordnancesurvey.co.uk/id/4000000026940372,Leafere Way,,,,transportNetwork,Named Road,543962,311942,1000,20000,543891,311928,544035,311950,PE13,http://data.ordnancesurvey.co.uk/id/postcodedistrict/PE13,Leverington,http://data.ordnancesurvey.co.uk/id/4000000074551313,http://www.ordnancesurvey.co.uk/xml/codelists/localtype.xml#village,Fenland,http://data.ordnancesurvey.co.uk/id/7000000000001357,http://data.ordnancesurvey.co.uk/ontology/admingeo/District,Cambridgeshire,http://data.ordnancesurvey.co.uk/id/7000000000001386,http://data.ordnancesurvey.co.uk/ontology/admingeo/County,Eastern,http://data.ordnancesurvey.co.uk/id/7000000000041425,England,http://data.ordnancesurvey.co.uk/id/country/england,,,
bd943182-53d4-4223-a8b8-c8af19b7bf1d,http://data.ordnancesurvey.co.uk/id/bd943182-53d4-4223-a8b8-c8af19b7bf1d,Church Lane,,,,transportNetwork,Section Of Named Road,556698,317676,1000,25000,556652,317644,556734,317710,PE34,http://data.ordnancesurvey.co.uk/id/postcodedistrict/PE34,Tilney All Saints,http://data.ordnancesurvey.co.uk/id/4000000074550578,http://www.ordnancesurvey.co.uk/xml/codelists/localtype.xml#village,King's Lynn and West Norfolk,http://data.ordnancesurvey.co.uk/id/7000000000007016,http://data.ordnancesurvey.co.uk/ontology/admingeo/District,Norfolk,http://data.ordnancesurvey.co.uk/id/7000000000007238,http://data.ordnancesurvey.co.uk/ontology/admingeo/County,Eastern,http://data.ordnancesurvey.co.uk/id/7000000000041425,England,http://data.ordnancesurvey.co.uk/id/country/england,osgb4000000026933693,,
d757dc5e-1978-4fba-93df-b80960f25c8a,http://data.ordnancesurvey.co.uk/id/d757dc5e-1978-4fba-93df-b80960f25c8a,Cromwell Road,,,,transportNetwork,Section Of Named Road,545359,308435,10000,25000,544872,307687,545683,309238,PE14,http://data.ordnancesurvey.co.uk/id/postcodedistrict/PE14,Wisbech,http://data.ordnancesurvey.co.uk/id/4000000074551318,http://www.ordnancesurvey.co.uk/xml/codelists/localtype.xml#town,Fenland,http://data.ordnancesurvey.co.uk/id/7000000000001357,http://data.ordnancesurvey.co.uk/ontology/admingeo/District,Cambridgeshire,http://data.ordnancesurvey.co.uk/id/7000000000001386,http://data.ordnancesurvey.co.uk/ontology/admingeo/County,Eastern,http://data.ordnancesurvey.co.uk/id/7000000000041425,England,http://data.ordnancesurvey.co.uk/id/country/england,osgb4000000026932275,,
osgb4000000026933540,http://data.ordnancesurvey.co.uk/id/4000000026933540,Hunchback Lane,,,,transportNetwork,Named Road,547371,311596,4000,20000,547093,311596,547671,311748,PE14,http://data.ordnancesurvey.co.uk/id/postcodedistrict/PE14,,,,King's Lynn and West Norfolk,http://data.ordnancesurvey.co.uk/id/7000000000007016,http://data.ordnancesurvey.co.uk/ontology/admingeo/District,Norfolk,http://data.ordnancesurvey.co.uk/id/7000000000007238,http://data.ordnancesurvey.co.uk/ontology/admingeo/County,Eastern,http://data.ordnancesurvey.co.uk/id/7000000000041425,England,http://data.ordnancesurvey.co.uk/id/country/england,,,
d09ac69e-a4a6-4e93-8903-86c5e37e68fd,http://data.ordnancesurvey.co.uk/id/d09ac69e-a4a6-4e93-8903-86c5e37e68fd,Lynn Road,,,,transportNetwork,Section Of Named Road,556000,316771,4000,25000,555706,316512,556283,316902,PE34,http://data.ordnancesurvey.co.uk/id/postcodedistrict/PE34,Tilney High End,http://data.ordnancesurvey.co.uk/id/4000000074550940,http://www.ordnancesurvey.co.uk/xml/codelists/localtype.xml#village,King's Lynn and West Norfolk,http://data.ordnancesurvey.co.uk/id/7000000000007016,http://data.ordnancesurvey.co.uk/ontology/admingeo/District,Norfolk,http://data.ordnancesurvey.co.uk/id/7000000000007238,http://data.ordnancesurvey.co.uk/ontology/admingeo/County,Eastern,http://data.ordnancesurvey.co.uk/id/7000000000041425,England,http://data.ordnancesurvey.co.uk/id/country/england,osgb4000000026932447,,
31a878e8-5a42-4293-b0db-27a5618aab8d,http://data.ordnancesurvey.co.uk/id/31a878e8-5a42-4293-b0db-27a5618aab8d,Low Lane,,,,transportNetwork,Section Of Named Road,547558,314974,1000,25000,547470,314924,547661,315026,PE14,http://data.ordnancesurvey.co.uk/id/postcodedistrict/PE14,Ingleborough,http://data.ordnancesurvey.co.uk/id/4000000074548406,http://www.ordnancesurvey.co.uk/xml/codelists/localtype.xml#hamlet,King's Lynn and West Norfolk,http://data.ordnancesurvey.co.uk/id/7000000000007016,http://data.ordnancesurvey.co.uk/ontology/admingeo/District,Norfolk,http://data.ordnancesurvey.co.uk/id/7000000000007238,http://data.ordnancesurvey.co.uk/ontology/admingeo/County,Eastern,http://data.ordnancesurvey.co.uk/id/7000000000041425,England,http://data.ordnancesurvey.co.uk/id/country/england,osgb5000005233839120,,
osgb4000000026940401,http://data.ordnancesurvey.co.uk/id/4000000026940401,Salcott Drive,,,,transportNetwork,Named Road,547491,309856,1000,20000,547490,309783,547495,309915,PE13,http://data.ordnancesurvey.co.uk/id/postcodedistrict/PE13,Wisbech,http://data.ordnancesurvey.co.uk/id/4000000074551318,http://www.ordnancesurvey.co.uk/xml/codelists/localtype.xml#town,Fenland,http://data.ordnancesurvey.co.uk/id/7000000000001357,http://data.ordnancesurvey.co.uk/ontology/admingeo/District,Cambridgeshire,http://data.ordnancesurvey.co.uk/id/7000000000001386,http://data.ordnancesurvey.co.uk/ontology/admingeo/County,Eastern,http://data.ordnancesurvey.co.uk/id/7000000000041425,England,http://data.ordnancesurvey.co.uk/id/country/england,,,
58ce6953-5fb9-40e3-bdfe-96cc23080125,http://data.ordnancesurvey.co.uk/id/58ce6953-5fb9-40e3-bdfe-96cc23080125,Chalk Road,,,,transportNetwork,Section Of Named Road,552423,302383,1000,25000,552401,302332,552442,302428,PE14,http://data.ordnancesurvey.co.uk/id/postcodedistrict/PE14,Outwell,http://data.ordnancesurvey.co.uk/id/4000000074548389,http://www.ordnancesurvey.co.uk/xml/codelists/localtype.xml#village,King's Lynn and West Norfolk,http://data.ordnancesurvey.co.uk/id/7000000000007016,http://data.ordnancesurvey.co.uk/ontology/admingeo/District,Norfolk,http://data.ordnancesurvey.co.uk/id/7000000000007238,http://data.ordnancesurvey.co.uk/ontology/admingeo/County,Eastern,http://data.ordnancesurvey.co.uk/id/7000000000041425,England,http://data.ordnancesurvey.co.uk/id/country/england,osgb4000000026932222,,
osgb4000000026933587,http://data.ordnancesurvey.co.uk/id/4000000026933587,Hunt's Gate,,,,transportNetwork,Named Road,542103,318020,6000,20000,541959,317506,542142,318465,PE12,http://data.ordnancesurvey.co.uk/id/postcodedistrict/PE12,,,,South Holland,http://data.ordnancesurvey.co.uk/id/7000000000005599,http://data.ordnancesurvey.co.uk/ontology/admingeo/District,Lincolnshire,http://data.ordnancesurvey.co.uk/id/7000000000005942,http://data.ordnancesurvey.co.uk/ontology/admingeo/County,East Midlands,http://data.ordnancesurvey.co.uk/id/7000000000041423,England,http://data.ordnancesurvey.co.uk/id/country/england,,,
osgb4000000026935154,http://data.ordnancesurvey.co.uk/id/4000000026935154,The Chase,,,,transportNetwork,Named Road,545920,309838,1000,20000,545890,309760,545946,309928,PE13,http://data.ordnancesurvey.co.uk/id/postcodedistrict/PE13,Wisbech,http://data.ordnancesurvey.co.uk/id/4000000074551318,http://www.ordnancesurvey.co.uk/xml/codelists/localtype.xml#town,Fenland,http://data.ordnancesurvey.co.uk/id/7000000000001357,http://data.ordnancesurvey.co.uk/ontology/admingeo/District,Cambridgeshire,http://data.ordnancesurvey.co.uk/id/7000000000001386,http://data.ordnancesurvey.co.uk/ontology/admingeo/County,Eastern,http://data.ordnancesurvey.co.uk/id/7000000000041425,England,http://data.ordnancesurvey.co.uk/id/country/england,,,
osgb4000000026932354,http://data.ordnancesurvey.co.uk/id/4000000026932354,Sutton Gate,,,,transportNetwork,Named Road,540386,317703,9000,20000,540151,317078,540750,318444,PE12,http://data.ordnancesurvey.co.uk/id/postcodedistrict/PE12,,,,South Holland,http://data.ordnancesurvey.co.uk/id/7000000000005599,http://data.ordnancesurvey.co.uk/ontology/admingeo/District,Lincolnshire,http://data.ordnancesurvey.co.uk/id/7000000000005942,http://data.ordnancesurvey.co.uk/ontology/admingeo/County,East Midlands,http://data.ordnancesurvey.co.uk/id/7000000000041423,England,http://data.ordnancesurvey.co.uk/id/country/england,,,
osgb4000000026940414,http://data.ordnancesurvey.co.uk/id/4000000026940414,Jasmin Close,,,,transportNetwork,Named Road,547517,310637,1000,20000,547517,310595,547540,310670,PE13,http://data.ordnancesurvey.co.uk/id/postcodedistrict/PE13,Wisbech,http://data.ordnancesurvey.co.uk/id/4000000074551318,http://www.ordnancesurvey.co.uk/xml/codelists/localtype.xml#town,Fenland,http://data.ordnancesurvey.co.uk/id/7000000000001357,http://data.ordnancesurvey.co.uk/ontology/admingeo/District,Cambridgeshire,http://data.ordnancesurvey.co.uk/id/7000000000001386,http://data.ordnancesurvey.co.uk/ontology/admingeo/County,Eastern,http://data.ordnancesurvey.co.uk/id/7000000000041425,England,http://data.ordnancesurvey.co.uk/id/country/england,,,
e8443134-983f-4038-a44c-0906afce9874,http://data.ordnancesurvey.co.uk/id/e8443134-983f-4038-a44c-0906afce9874,Halfpenny Lane,,,,transportNetwork,Section Of Named Road,546985,307029,1000,25000,546901,306977,547026,307073,PE14,http://data.ordnancesurvey.co.uk/id/postcodedistrict/PE14,Elm,http://data.ordnancesurvey.co.uk/id/4000000074341528,http://www.ordnancesurvey.co.uk/xml/codelists/localtype.xml#village,Fenland,http://data.ordnancesurvey.co.uk/id/7000000000001357,http://data.ordnancesurvey.co.uk/ontology/admingeo/District,Cambridgeshire,http://data.ordnancesurvey.co.uk/id/7000000000001386,http://data.ordnancesurvey.co.uk/ontology/admingeo/County,Eastern,http://data.ordnancesurvey.co.uk/id/7000000000041425,England,http://data.ordnancesurvey.co.uk/id/country/england,osgb4000000026935117,,
osgb4000000026931593,http://data.ordnancesurvey.co.uk/id/4000000026931593,Black Drove,,,,transportNetwork,Named Road,555646,308770,20000,30000,554550,306473,556653,311078,PE14,http://data.ordnancesurvey.co.uk/id/postcodedistrict/PE14,,,,King's Lynn and West Norfolk,http://data.ordnancesurvey.co.uk/id/7000000000007016,http://data.ordnancesurvey.co.uk/ontology/admingeo/District,Norfolk,http://data.ordnancesurvey.co.uk/id/7000000000007238,http://data.ordnancesurvey.co.uk/ontology/admingeo/County,Eastern,http://data.ordnancesurvey.co.uk/id/7000000000041425,England,http://data.ordnancesurvey.co.uk/id/country/england,,,
c21d77eb-c841-43b5-926c-146bcb3104ce,http://data.ordnancesurvey.co.uk/id/c21d77eb-c841-43b5-926c-146bcb3104ce,Smeeth Road,,,,transportNetwork,Section Of Named Road,553381,311000,7000,25000,552840,310472,553837,311535,PE14,http://data.ordnancesurvey.co.uk/id/postcodedistrict/PE14,St John's Fen End,http://data.ordnancesurvey.co.uk/id/4000000074548752,http://www.ordnancesurvey.co.uk/xml/codelists/localtype.xml#village,King's Lynn and West Norfolk,http://data.ordnancesurvey.co.uk/id/7000000000007016,http://data.ordnancesurvey.co.uk/ontology/admingeo/District,Norfolk,http://data.ordnancesurvey.co.uk/id/7000000000007238,http://data.ordnancesurvey.co.uk/ontology/admingeo/County,Eastern,http://data.ordnancesurvey.co.uk/id/7000000000041425,England,http://data.ordnancesurvey.co.uk/id/country/england,osgb4000000026931772,,
osgb4000000026937332,http://data.ordnancesurvey.co.uk/id/4000000026937332,Back Drove,,,,transportNetwork,Named Road,549993,300777,5000,20000,549652,300674,550351,301140,PE14,http://data.ordnancesurvey.co.uk/id/postcodedistrict/PE14,,,,King's Lynn and West Norfolk,http://data.ordnancesurvey.co.uk/id/7000000000007016,http://data.ordnancesurvey.co.uk/ontology/admingeo/District,Norfolk,http://data.ordnancesurvey.co.uk/id/7000000000007238,http://data.ordnancesurvey.co.uk/ontology/admingeo/County,Eastern,http://data.ordnancesurvey.co.uk/id/7000000000041425,England,http://data.ordnancesurvey.co.uk/id/country/england,,,
osgb5000005232276636,http://data.ordnancesurvey.co.uk/id/5000005232276636,Stickfast Lane,,,,transportNetwork,Named Road,549988,317055,3000,20000,549759,316938,550240,317094,PE14,http://data.ordnancesurvey.co.uk/id/postcodedistrict/PE14,,,,King's Lynn and West Norfolk,http://data.ordnancesurvey.co.uk/id/7000000000007016,http://data.ordnancesurvey.co.uk/ontology/admingeo/District,Norfolk,http://data.ordnancesurvey.co.uk/id/7000000000007238,http://data.ordnancesurvey.co.uk/ontology/admingeo/County,Eastern,http://data.ordnancesurvey.co.uk/id/7000000000041425,England,http://data.ordnancesurvey.co.uk/id/country/england,,,
osgb4000000027003028,http://data.ordnancesurvey.co.uk/id/4000000027003028,Hunters Rowe,,,,transportNetwork,Named Road,546965,308273,1000,20000,546910,308256,547004,308283,PE14,http://data.ordnancesurvey.co.uk/id/postcodedistrict/PE14,Wisbech,http://data.ordnancesurvey.co.uk/id/4000000074551318,http://www.ordnancesurvey.co.uk/xml/codelists/localtype.xml#town,King's Lynn and West Norfolk,http://data.ordnancesurvey.co.uk/id/7000000000007016,http://data.ordnancesurvey.co.uk/ontology/admingeo/District,Norfolk,http://data.ordnancesurvey.co.uk/id/7000000000007238,http://data.ordnancesurvey.co.uk/ontology/admingeo/County,Eastern,http://data.ordnancesurvey.co.uk/id/7000000000041425,England,http://data.ordnancesurvey.co.uk/id/country/england,,,
osgb4000000026935182,http://data.ordnancesurvey.co.uk/id/4000000026935182,First Marsh Road,,,,transportNetwork,Named Road,546128,311724,3000,20000,545920,311663,546430,311766,PE14,http://data.ordnancesurvey.co.uk/id/postcodedistrict/PE14,,,,King's Lynn and West Norfolk,http://data.ordnancesurvey.co.uk/id/7000000000007016,http://data.ordnancesurvey.co.uk/ontology/admingeo/District,Norfolk,http://data.ordnancesurvey.co.uk/id/7000000000007238,http://data.ordnancesurvey.co.uk/ontology/admingeo/County,Eastern,http://data.ordnancesurvey.co.uk/id/7000000000041425,England,http://data.ordnancesurvey.co.uk/id/country/england,,,
osgb4000000026935274,http://data.ordnancesurvey.co.uk/id/4000000026935274,Foldgate Lane,,,,transportNetwork,Named Road,559010,310426,2000,20000,558827,310417,559180,310609,PE34,http://data.ordnancesurvey.co.uk/id/postcodedistrict/PE34,Wiggenhall St Mary Magdalen,http://data.ordnancesurvey.co.uk/id/4000000074548392,http://www.ordnancesurvey.co.uk/xml/codelists/localtype.xml#village,King's Lynn and West Norfolk,http://data.ordnancesurvey.co.uk/id/7000000000007016,http://data.ordnancesurvey.co.uk/ontology/admingeo/District,Norfolk,http://data.ordnancesurvey.co.uk/id/7000000000007238,http://data.ordnancesurvey.co.uk/ontology/admingeo/County,Eastern,http://data.ordnancesurvey.co.uk/id/7000000000041425,England,http://data.ordnancesurvey.co.uk/id/country/england,,,
osgb4000000026937566,http://data.ordnancesurvey.co.uk/id/4000000026937566,Church Way,,,,transportNetwork,Named Road,543902,318720,5000,20000,543489,318593,544299,318741,PE13,http://data.ordnancesurvey.co.uk/id/postcodedistrict/PE13,Tydd St Mary,http://data.ordnancesurvey.co.uk/id/4000000074548410,http://www.ordnancesurvey.co.uk/xml/codelists/localtype.xml#village,South Holland,http://data.ordnancesurvey.co.uk/id/7000000000005599,http://data.ordnancesurvey.co.uk/ontology/admingeo/District,Lincolnshire,http://data.ordnancesurvey.co.uk/id/7000000000005942,http://data.ordnancesurvey.co.uk/ontology/admingeo/County,East Midlands,http://data.ordnancesurvey.co.uk/id/7000000000041423,England,http://data.ordnancesurvey.co.uk/id/country/england,,,
osgb4000000026935172,http://data.ordnancesurvey.co.uk/id/4000000026935172,Sefton Avenue,,,,transportNetwork,Named Road,547341,310290,2000,20000,547266,310180,547470,310433,PE13,http://data.ordnancesurvey.co.uk/id/postcodedistrict/PE13,Wisbech,http://data.ordnancesurvey.co.uk/id/4000000074551318,http://www.ordnancesurvey.co.uk/xml/codelists/localtype.xml#town,Fenland,http://data.ordnancesurvey.co.uk/id/7000000000001357,http://data.ordnancesurvey.co.uk/ontology/admingeo/District,Cambridgeshire,http://data.ordnancesurvey.co.uk/id/7000000000001386,http://data.ordnancesurvey.co.uk/ontology/admingeo/County,Eastern,http://data.ordnancesurvey.co.uk/id/7000000000041425,England,http://data.ordnancesurvey.co.uk/id/country/england,,,
osgb5000005181592697,http://data.ordnancesurvey.co.uk/id/5000005181592697,Timber Yard Gardens,,,,transportNetwork,Named Road,545896,311091,1000,20000,545895,311079,545942,311101,PE13,http://data.ordnancesurvey.co.uk/id/postcodedistrict/PE13,Wisbech,http://data.ordnancesurvey.co.uk/id/4000000074551318,http://www.ordnancesurvey.co.uk/xml/codelists/localtype.xml#town,Fenland,http://data.ordnancesurvey.co.uk/id/7000000000001357,http://data.ordnancesurvey.co.uk/ontology/admingeo/District,Cambridgeshire,http://data.ordnancesurvey.co.uk/id/7000000000001386,http://data.ordnancesurvey.co.uk/ontology/admingeo/County,Eastern,http://data.ordnancesurvey.co.uk/id/7000000000041425,England,http://data.ordnancesurvey.co.uk/id/country/england,,,
osgb4000000027003281,http://data.ordnancesurvey.co.uk/id/4000000027003281,Orchard Gardens,,,,transportNetwork,Named Road,543725,310656,1000,20000,543725,310629,543731,310656,PE13,http://data.ordnancesurvey.co.uk/id/postcodedistrict/PE13,Leverington,http://data.ordnancesurvey.co.uk/id/4000000074551313,http://www.ordnancesurvey.co.uk/xml/codelists/localtype.xml#village,Fenland,http://data.ordnancesurvey.co.uk/id/7000000000001357,http://data.ordnancesurvey.co.uk/ontology/admingeo/District,Cambridgeshire,http://data.ordnancesurvey.co.uk/id/7000000000001386,http://data.ordnancesurvey.co.uk/ontology/admingeo/County,Eastern,http://data.ordnancesurvey.co.uk/id/7000000000041425,England,http://data.ordnancesurvey.co.uk/id/country/england,,,
osgb5000005232449252,http://data.ordnancesurvey.co.uk/id/5000005232449252,Cotton's Drove,,,,transportNetwork,Named Road,549578,303543,5000,20000,549432,303227,550115,303974,PE14,http://data.ordnancesurvey.co.uk/id/postcodedistrict/PE14,,,,King's Lynn and West Norfolk,http://data.ordnancesurvey.co.uk/id/7000000000007016,http://data.ordnancesurvey.co.uk/ontology/admingeo/District,Norfolk,http://data.ordnancesurvey.co.uk/id/7000000000007238,http://data.ordnancesurvey.co.uk/ontology/admingeo/County,Eastern,http://data.ordnancesurvey.co.uk/id/7000000000041425,England,http://data.ordnancesurvey.co.uk/id/country/england,,,
osgb4000000026937341,http://data.ordnancesurvey.co.uk/id/4000000026937341,Hootens Row,,,,transportNetwork,Named Road,557282,303910,1000,20000,557229,303832,557352,303963,PE38,http://data.ordnancesurvey.co.uk/id/postcodedistrict/PE38,Barroway Drove,http://data.ordnancesurvey.co.uk/id/4000000074327856,http://www.ordnancesurvey.co.uk/xml/codelists/localtype.xml#village,King's Lynn and West Norfolk,http://data.ordnancesurvey.co.uk/id/7000000000007016,http://data.ordnancesurvey.co.uk/ontology/admingeo/District,Norfolk,http://data.ordnancesurvey.co.uk/id/7000000000007238,http://data.ordnancesurvey.co.uk/ontology/admingeo/County,Eastern,http://data.ordnancesurvey.co.uk/id/7000000000041425,England,http://data.ordnancesurvey.co.uk/id/country/england,,,
osgb4000000026937456,http://data.ordnancesurvey.co.uk/id/4000000026937456,Park Road,,,,transportNetwork,Named Road,546627,309665,1000,20000,546553,309596,546753,309693,PE13,http://data.ordnancesurvey.co.uk/id/postcodedistrict/PE13,Wisbech,http://data.ordnancesurvey.co.uk/id/4000000074551318,http://www.ordnancesurvey.co.uk/xml/codelists/localtype.xml#town,Fenland,http://data.ordnancesurvey.co.uk/id/7000000000001357,http://data.ordnancesurvey.co.uk/ontology/admingeo/District,Cambridgeshire,http://data.ordnancesurvey.co.uk/id/7000000000001386,http://data.ordnancesurvey.co.uk/ontology/admingeo/County,Eastern,http://data.ordnancesurvey.co.uk/id/7000000000041425,England,http://data.ordnancesurvey.co.uk/id/country/england,,,
osgb4000000026933634,http://data.ordnancesurvey.co.uk/id/4000000026933634,Bramble Lane,,,,transportNetwork,Named Road,550016,304804,4000,20000,549756,304530,550242,305121,PE14,http://data.ordnancesurvey.co.uk/id/postcodedistrict/PE14,,,,Fenland,http://data.ordnancesurvey.co.uk/id/7000000000001357,http://data.ordnancesurvey.co.uk/ontology/admingeo/District,Cambridgeshire,http://data.ordnancesurvey.co.uk/id/7000000000001386,http://data.ordnancesurvey.co.uk/ontology/admingeo/County,Eastern,http://data.ordnancesurvey.co.uk/id/7000000000041425,England,http://data.ordnancesurvey.co.uk/id/country/england,,,
osgb4000000026933518,http://data.ordnancesurvey.co.uk/id/4000000026933518,Mill Lane,,,,transportNetwork,Named Road,541397,309678,7000,20000,541202,309209,541817,310263,PE13,http://data.ordnancesurvey.co.uk/id/postcodedistrict/PE13,,,,Fenland,http://data.ordnancesurvey.co.uk/id/7000000000001357,http://data.ordnancesurvey.co.uk/ontology/admingeo/District,Cambridgeshire,http://data.ordnancesurvey.co.uk/id/7000000000001386,http://data.ordnancesurvey.co.uk/ontology/admingeo/County,Eastern,http://data.ordnancesurvey.co.uk/id/7000000000041425,England,http://data.ordnancesurvey.co.uk/id/country/england,,,
osgb4000000026937425,http://data.ordnancesurvey.co.uk/id/4000000026937425,The Water Gardens,,,,transportNetwork,Named Road,545223,309465,1000,20000,545155,309364,545281,309527,PE13,http://data.ordnancesurvey.co.uk/id/postcodedistrict/PE13,Wisbech,http://data.ordnancesurvey.co.uk/id/4000000074551318,http://www.ordnancesurvey.co.uk/xml/codelists/localtype.xml#town,Fenland,http://data.ordnancesurvey.co.uk/id/7000000000001357,http://data.ordnancesurvey.co.uk/ontology/admingeo/District,Cambridgeshire,http://data.ordnancesurvey.co.uk/id/7000000000001386,http://data.ordnancesurvey.co.uk/ontology/admingeo/County,Eastern,http://data.ordnancesurvey.co.uk/id/7000000000041425,England,http://data.ordnancesurvey.co.uk/id/country/england,,,
osgb4000000026969531,http://data.ordnancesurvey.co.uk/id/4000000026969531,Apeldoorn Walk,,,,transportNetwork,Named Road,546930,310641,1000,20000,546904,310606,546957,310672,PE13,http://data.ordnancesurvey.co.uk/id/postcodedistrict/PE13,Wisbech,http://data.ordnancesurvey.co.uk/id/4000000074551318,http://www.ordnancesurvey.co.uk/xml/codelists/localtype.xml#town,Fenland,http://data.ordnancesurvey.co.uk/id/7000000000001357,http://data.ordnancesurvey.co.uk/ontology/admingeo/District,Cambridgeshire,http://data.ordnancesurvey.co.uk/id/7000000000001386,http://data.ordnancesurvey.co.uk/ontology/admingeo/County,Eastern,http://data.ordnancesurvey.co.uk/id/7000000000041425,England,http://data.ordnancesurvey.co.uk/id/country/england,,,
6fb10936-00cb-4023-9270-f7adce98b779,http://data.ordnancesurvey.co.uk/id/6fb10936-00cb-4023-9270-f7adce98b779,Marsh Road,,,,transportNetwork,Section Of Named Road,545432,318834,1000,25000,545408,318832,545474,318837,PE13,http://data.ordnancesurvey.co.uk/id/postcodedistrict/PE13,Tydd St Mary,http://data.ordnancesurvey.co.uk/id/4000000074548410,http://www.ordnancesurvey.co.uk/xml/codelists/localtype.xml#village,South Holland,http://data.ordnancesurvey.co.uk/id/7000000000005599,http://data.ordnancesurvey.co.uk/ontology/admingeo/District,Lincolnshire,http://data.ordnancesurvey.co.uk/id/7000000000005942,http://data.ordnancesurvey.co.uk/ontology/admingeo/County,East Midlands,http://data.ordnancesurvey.co.uk/id/7000000000041423,England,http://data.ordnancesurvey.co.uk/id/country/england,osgb4000000026933603,,
osgb4000000026937476,http://data.ordnancesurvey.co.uk/id/4000000026937476,Bannister's Row,,,,transportNetwork,Named Road,545725,310838,1000,20000,545718,310778,545742,310890,PE13,http://data.ordnancesurvey.co.uk/id/postcodedistrict/PE13,Wisbech,http://data.ordnancesurvey.co.uk/id/4000000074551318,http://www.ordnancesurvey.co.uk/xml/codelists/localtype.xml#town,Fenland,http://data.ordnancesurvey.co.uk/id/7000000000001357,http://data.ordnancesurvey.co.uk/ontology/admingeo/District,Cambridgeshire,http://data.ordnancesurvey.co.uk/id/7000000000001386,http://data.ordnancesurvey.co.uk/ontology/admingeo/County,Eastern,http://data.ordnancesurvey.co.uk/id/7000000000041425,England,http://data.ordnancesurvey.co.uk/id/country/england,,,
c15121ff-798e-4b47-94cb-970782f39a8b,http://data.ordnancesurvey.co.uk/id/c15121ff-798e-4b47-94cb-970782f39a8b,Waterlees Road,,,,transportNetwork,Section Of Named Road,546824,311155,7000,25000,546412,310589,547104,311642,PE13,http://data.ordnancesurvey.co.uk/id/postcodedistrict/PE13,Wisbech,http://data.ordnancesurvey.co.uk/id/4000000074551318,http://www.ordnancesurvey.co.uk/xml/codelists/localtype.xml#town,Fenland,http://data.ordnancesurvey.co.uk/id/7000000000001357,http://data.ordnancesurvey.co.uk/ontology/admingeo/District,Cambridgeshire,http://data.ordnancesurvey.co.uk/id/7000000000001386,http://data.ordnancesurvey.co.uk/ontology/admingeo/County,Eastern,http://data.ordnancesurvey.co.uk/id/7000000000041425,England,http://data.ordnancesurvey.co.uk/id/country/england,osgb4000000026940416,,
7d4033ec-740a-4ee2-96e4-16ccd04b15ea,http://data.ordnancesurvey.co.uk/id/7d4033ec-740a-4ee2-96e4-16ccd04b15ea,Bardyke Bank,,,,transportNetwork,Section Of Named Road,551334,301276,1000,25000,551297,301207,551366,301337,PE14,http://data.ordnancesurvey.co.uk/id/postcodedistrict/PE14,Plaw Field,http://data.ordnancesurvey.co.uk/id/4000000074550937,http://www.ordnancesurvey.co.uk/xml/codelists/localtype.xml#hamlet,King's Lynn and West Norfolk,http://data.ordnancesurvey.co.uk/id/7000000000007016,http://data.ordnancesurvey.co.uk/ontology/admingeo/District,Norfolk,http://data.ordnancesurvey.co.uk/id/7000000000007238,http://data.ordnancesurvey.co.uk/ontology/admingeo/County,Eastern,http://data.ordnancesurvey.co.uk/id/7000000000041425,England,http://data.ordnancesurvey.co.uk/id/country/england,osgb4000000026935046,,
9305bb67-9c1b-4144-9e83-251c6d54ee82,http://data.ordnancesurvey.co.uk/id/9305bb67-9c1b-4144-9e83-251c6d54ee82,Elm High Road,,,,transportNetwork,Section Of Named Road,547232,307639,2000,25000,547105,307482,547340,307846,PE14,http://data.ordnancesurvey.co.uk/id/postcodedistrict/PE14,Elm,http://data.ordnancesurvey.co.uk/id/4000000074341528,http://www.ordnancesurvey.co.uk/xml/codelists/localtype.xml#village,King's Lynn and West Norfolk,http://data.ordnancesurvey.co.uk/id/7000000000007016,http://data.ordnancesurvey.co.uk/ontology/admingeo/District,Norfolk,http://data.ordnancesurvey.co.uk/id/7000000000007238,http://data.ordnancesurvey.co.uk/ontology/admingeo/County,Eastern,http://data.ordnancesurvey.co.uk/id/7000000000041425,England,http://data.ordnancesurvey.co.uk/id/country/england,osgb4000000026935119,,
osgb4000000026933542,http://data.ordnancesurvey.co.uk/id/4000000026933542,Bledwick Drove,,,,transportNetwork,Named Road,545452,312700,3000,20000,545162,312621,545644,312793,PE13,http://data.ordnancesurvey.co.uk/id/postcodedistrict/PE13,,,,Fenland,http://data.ordnancesurvey.co.uk/id/7000000000001357,http://data.ordnancesurvey.co.uk/ontology/admingeo/District,Cambridgeshire,http://data.ordnancesurvey.co.uk/id/7000000000001386,http://data.ordnancesurvey.co.uk/ontology/admingeo/County,Eastern,http://data.ordnancesurvey.co.uk/id/7000000000041425,England,http://data.ordnancesurvey.co.uk/id/country/england,,,
fc484f8a-01c2-4876-bb57-82502d9bd9d2,http://data.ordnancesurvey.co.uk/id/fc484f8a-01c2-4876-bb57-82502d9bd9d2,Eau Brink Road,,,,transportNetwork,Section Of Named Road,559176,314556,4000,25000,559046,314253,559289,314849,PE34,http://data.ordnancesurvey.co.uk/id/postcodedistrict/PE34,Wiggenhall St Germans,http://data.ordnancesurvey.co.uk/id/4000000074550213,http://www.ordnancesurvey.co.uk/xml/codelists/localtype.xml#village,King's Lynn and West Norfolk,http://data.ordnancesurvey.co.uk/id/7000000000007016,http://data.ordnancesurvey.co.uk/ontology/admingeo/District,Norfolk,http://data.ordnancesurvey.co.uk/id/7000000000007238,http://data.ordnancesurvey.co.uk/ontology/admingeo/County,Eastern,http://data.ordnancesurvey.co.uk/id/7000000000041425,England,http://data.ordnancesurvey.co.uk/id/country/england,osgb4000000026931792,,
osgb4000000026937494,http://data.ordnancesurvey.co.uk/id/4000000026937494,Falcon Road,,,,transportNetwork,Named Road,546374,309694,2000,20000,546343,309561,546381,309807,PE13,http://data.ordnancesurvey.co.uk/id/postcodedistrict/PE13,Wisbech,http://data.ordnancesurvey.co.uk/id/4000000074551318,http://www.ordnancesurvey.co.uk/xml/codelists/localtype.xml#town,Fenland,http://data.ordnancesurvey.co.uk/id/7000000000001357,http://data.ordnancesurvey.co.uk/ontology/admingeo/District,Cambridgeshire,http://data.ordnancesurvey.co.uk/id/7000000000001386,http://data.ordnancesurvey.co.uk/ontology/admingeo/County,Eastern,http://data.ordnancesurvey.co.uk/id/7000000000041425,England,http://data.ordnancesurvey.co.uk/id/country/england,,,
osgb4000000026997154,http://data.ordnancesurvey.co.uk/id/4000000026997154,Elmwood Mews,,,,transportNetwork,Named Road,546813,306869,1000,20000,546806,306869,546813,306905,PE14,http://data.ordnancesurvey.co.uk/id/postcodedistrict/PE14,Elm,http://data.ordnancesurvey.co.uk/id/4000000074341528,http://www.ordnancesurvey.co.uk/xml/codelists/localtype.xml#village,Fenland,http://data.ordnancesurvey.co.uk/id/7000000000001357,http://data.ordnancesurvey.co.uk/ontology/admingeo/District,Cambridgeshire,http://data.ordnancesurvey.co.uk/id/7000000000001386,http://data.ordnancesurvey.co.uk/ontology/admingeo/County,Eastern,http://data.ordnancesurvey.co.uk/id/7000000000041425,England,http://data.ordnancesurvey.co.uk/id/country/england,,,
osgb4000000026940340,http://data.ordnancesurvey.co.uk/id/4000000026940340,Market Street,,,,transportNetwork,Named Road,546213,309627,1000,20000,546205,309606,546229,309667,PE13,http://data.ordnancesurvey.co.uk/id/postcodedistrict/PE13,Wisbech,http://data.ordnancesurvey.co.uk/id/4000000074551318,http://www.ordnancesurvey.co.uk/xml/codelists/localtype.xml#town,Fenland,http://data.ordnancesurvey.co.uk/id/7000000000001357,http://data.ordnancesurvey.co.uk/ontology/admingeo/District,Cambridgeshire,http://data.ordnancesurvey.co.uk/id/7000000000001386,http://data.ordnancesurvey.co.uk/ontology/admingeo/County,Eastern,http://data.ordnancesurvey.co.uk/id/7000000000041425,England,http://data.ordnancesurvey.co.uk/id/country/england,,,
osgb4000000026932360,http://data.ordnancesurvey.co.uk/id/4000000026932360,Franks Lane,,,,transportNetwork,Named Road,543210,314967,8000,20000,542562,314895,543832,315002,PE13,http://data.ordnancesurvey.co.uk/id/postcodedistrict/PE13,,,,Fenland,http://data.ordnancesurvey.co.uk/id/7000000000001357,http://data.ordnancesurvey.co.uk/ontology/admingeo/District,Cambridgeshire,http://data.ordnancesurvey.co.uk/id/7000000000001386,http://data.ordnancesurvey.co.uk/ontology/admingeo/County,Eastern,http://data.ordnancesurvey.co.uk/id/7000000000041425,England,http://data.ordnancesurvey.co.uk/id/country/england,,,
osgb4000000026940374,http://data.ordnancesurvey.co.uk/id/4000000026940374,North Street,,,,transportNetwork,Named Road,546060,309846,1000,20000,546021,309803,546086,309914,PE13,http://data.ordnancesurvey.co.uk/id/postcodedistrict/PE13,Wisbech,http://data.ordnancesurvey.co.uk/id/4000000074551318,http://www.ordnancesurvey.co.uk/xml/codelists/localtype.xml#town,Fenland,http://data.ordnancesurvey.co.uk/id/7000000000001357,http://data.ordnancesurvey.co.uk/ontology/admingeo/District,Cambridgeshire,http://data.ordnancesurvey.co.uk/id/7000000000001386,http://data.ordnancesurvey.co.uk/ontology/admingeo/County,Eastern,http://data.ordnancesurvey.co.uk/id/7000000000041425,England,http://data.ordnancesurvey.co.uk/id/country/england,,,
8189792e-29db-4216-bc33-c2848af41c4b,http://data.ordnancesurvey.co.uk/id/8189792e-29db-4216-bc33-c2848af41c4b,Stickfast Lane,,,,transportNetwork,Section Of Named Road,550099,317065,1000,25000,550086,317063,550109,317065,PE14,http://data.ordnancesurvey.co.uk/id/postcodedistrict/PE14,Walpole St Andrew,http://data.ordnancesurvey.co.uk/id/4000000074550944,http://www.ordnancesurvey.co.uk/xml/codelists/localtype.xml#village,King's Lynn and West Norfolk,http://data.ordnancesurvey.co.uk/id/7000000000007016,http://data.ordnancesurvey.co.uk/ontology/admingeo/District,Norfolk,http://data.ordnancesurvey.co.uk/id/7000000000007238,http://data.ordnancesurvey.co.uk/ontology/admingeo/County,Eastern,http://data.ordnancesurvey.co.uk/id/7000000000041425,England,http://data.ordnancesurvey.co.uk/id/country/england,osgb5000005232276636,,
919ace3a-2d26-4d2f-9be2-444311a7b754,http://data.ordnancesurvey.co.uk/id/919ace3a-2d26-4d2f-9be2-444311a7b754,South Brink,,,,transportNetwork,Section Of Named Road,545261,308629,13000,25000,544580,307565,546030,309630,PE14,http://data.ordnancesurvey.co.uk/id/postcodedistrict/PE14,Wisbech,http://data.ordnancesurvey.co.uk/id/4000000074551318,http://www.ordnancesurvey.co.uk/xml/codelists/localtype.xml#town,Fenland,http://data.ordnancesurvey.co.uk/id/7000000000001357,http://data.ordnancesurvey.co.uk/ontology/admingeo/District,Cambridgeshire,http://data.ordnancesurvey.co.uk/id/7000000000001386,http://data.ordnancesurvey.co.uk/ontology/admingeo/County,Eastern,http://data.ordnancesurvey.co.uk/id/7000000000041425,England,http://data.ordnancesurvey.co.uk/id/country/england,osgb4000000026942694,,
osgb4000000026933538,http://data.ordnancesurvey.co.uk/id/4000000026933538,Second Marsh Road,,,,transportNetwork,Named Road,546135,312129,4000,20000,545801,312068,546440,312193,PE14,http://data.ordnancesurvey.co.uk/id/postcodedistrict/PE14,,,,King's Lynn and West Norfolk,http://data.ordnancesurvey.co.uk/id/7000000000007016,http://data.ordnancesurvey.co.uk/ontology/admingeo/District,Norfolk,http://data.ordnancesurvey.co.uk/id/7000000000007238,http://data.ordnancesurvey.co.uk/ontology/admingeo/County,Eastern,http://data.ordnancesurvey.co.uk/id/7000000000041425,England,http://data.ordnancesurvey.co.uk/id/country/england,,,
osgb4000000026933690,http://data.ordnancesurvey.co.uk/id/4000000026933690,Bullock Road,,,,transportNetwork,Named Road,554658,318183,7000,20000,554158,318166,555209,318404,PE34,http://data.ordnancesurvey.co.uk/id/postcodedistrict/PE34,,,,King's Lynn and West Norfolk,http://data.ordnancesurvey.co.uk/id/7000000000007016,http://data.ordnancesurvey.co.uk/ontology/admingeo/District,Norfolk,http://data.ordnancesurvey.co.uk/id/7000000000007238,http://data.ordnancesurvey.co.uk/ontology/admingeo/County,Eastern,http://data.ordnancesurvey.co.uk/id/7000000000041425,England,http://data.ordnancesurvey.co.uk/id/country/england,,,
06d5d981-a4e4-4925-abf8-556aa9a782fc,http://data.ordnancesurvey.co.uk/id/06d5d981-a4e4-4925-abf8-556aa9a782fc,Dark Lane,,,,transportNetwork,Section Of Named Road,544764,317799,1000,25000,544690,317782,544824,317845,PE13,http://data.ordnancesurvey.co.uk/id/postcodedistrict/PE13,Tydd Gote,http://data.ordnancesurvey.co.uk/id/4000000074548409,http://www.ordnancesurvey.co.uk/xml/codelists/localtype.xml#village,Fenland,http://data.ordnancesurvey.co.uk/id/7000000000001357,http://data.ordnancesurvey.co.uk/ontology/admingeo/District,Cambridgeshire,http://data.ordnancesurvey.co.uk/id/7000000000001386,http://data.ordnancesurvey.co.uk/ontology/admingeo/County,Eastern,http://data.ordnancesurvey.co.uk/id/7000000000041425,England,http://data.ordnancesurvey.co.uk/id/country/england,osgb5000005232275112,,
osgb4000000026935301,http://data.ordnancesurvey.co.uk/id/4000000026935301,Little Holme Road,,,,transportNetwork,Named Road,551600,319837,3000,20000,551398,319734,551814,319959,PE34,http://data.ordnancesurvey.co.uk/id/postcodedistrict/PE34,Walpole Cross Keys,http://data.ordnancesurvey.co.uk/id/4000000074548396,http://www.ordnancesurvey.co.uk/xml/codelists/localtype.xml#village,King's Lynn and West Norfolk,http://data.ordnancesurvey.co.uk/id/7000000000007016,http://data.ordnancesurvey.co.uk/ontology/admingeo/District,Norfolk,http://data.ordnancesurvey.co.uk/id/7000000000007238,http://data.ordnancesurvey.co.uk/ontology/admingeo/County,Eastern,http://data.ordnancesurvey.co.uk/id/7000000000041425,England,http://data.ordnancesurvey.co.uk/id/country/england,,,
osgb4000000026935262,http://data.ordnancesurvey.co.uk/id/4000000026935262,School Road,,,,transportNetwork,Named Road,551687,313632,3000,20000,551567,313413,551797,313856,PE14,http://data.ordnancesurvey.co.uk/id/postcodedistrict/PE14,Walpole Highway,http://data.ordnancesurvey.co.uk/id/4000000074550945,http://www.ordnancesurvey.co.uk/xml/codelists/localtype.xml#village,King's Lynn and West Norfolk,http://data.ordnancesurvey.co.uk/id/7000000000007016,http://data.ordnancesurvey.co.uk/ontology/admingeo/District,Norfolk,http://data.ordnancesurvey.co.uk/id/7000000000007238,http://data.ordnancesurvey.co.uk/ontology/admingeo/County,Eastern,http://data.ordnancesurvey.co.uk/id/7000000000041425,England,http://data.ordnancesurvey.co.uk/id/country/england,,,
osgb4000000026937450,http://data.ordnancesurvey.co.uk/id/4000000026937450,Hazel Gardens,,,,transportNetwork,Named Road,546750,309330,1000,20000,546663,309307,546773,309400,PE13,http://data.ordnancesurvey.co.uk/id/postcodedistrict/PE13,Wisbech,http://data.ordnancesurvey.co.uk/id/4000000074551318,http://www.ordnancesurvey.co.uk/xml/codelists/localtype.xml#town,Fenland,http://data.ordnancesurvey.co.uk/id/7000000000001357,http://data.ordnancesurvey.co.uk/ontology/admingeo/District,Cambridgeshire,http://data.ordnancesurvey.co.uk/id/7000000000001386,http://data.ordnancesurvey.co.uk/ontology/admingeo/County,Eastern,http://data.ordnancesurvey.co.uk/id/7000000000041425,England,http://data.ordnancesurvey.co.uk/id/country/england,,,
osgb4000000026956359,http://data.ordnancesurvey.co.uk/id/4000000026956359,Westfields,,,,transportNetwork,Named Road,554106,313933,2000,20000,554028,313836,554247,314097,PE34,http://data.ordnancesurvey.co.uk/id/postcodedistrict/PE34,Tilney St Lawrence,http://data.ordnancesurvey.co.uk/id/4000000074550579,http://www.ordnancesurvey.co.uk/xml/codelists/localtype.xml#village,King's Lynn and West Norfolk,http://data.ordnancesurvey.co.uk/id/7000000000007016,http://data.ordnancesurvey.co.uk/ontology/admingeo/District,Norfolk,http://data.ordnancesurvey.co.uk/id/7000000000007238,http://data.ordnancesurvey.co.uk/ontology/admingeo/County,Eastern,http://data.ordnancesurvey.co.uk/id/7000000000041425,England,http://data.ordnancesurvey.co.uk/id/country/england,,,
osgb4000000026932296,http://data.ordnancesurvey.co.uk/id/4000000026932296,Churchill Road,,,,transportNetwork,Named Road,546541,309237,9000,20000,546215,308547,546825,309925,PE13,http://data.ordnancesurvey.co.uk/id/postcodedistrict/PE13,Wisbech,http://data.ordnancesurvey.co.uk/id/4000000074551318,http://www.ordnancesurvey.co.uk/xml/codelists/localtype.xml#town,Fenland,http://data.ordnancesurvey.co.uk/id/7000000000001357,http://data.ordnancesurvey.co.uk/ontology/admingeo/District,Cambridgeshire,http://data.ordnancesurvey.co.uk/id/7000000000001386,http://data.ordnancesurvey.co.uk/ontology/admingeo/County,Eastern,http://data.ordnancesurvey.co.uk/id/7000000000041425,England,http://data.ordnancesurvey.co.uk/id/country/england,,,
osgb4000000026940351,http://data.ordnancesurvey.co.uk/id/4000000026940351,Frinton Way,,,,transportNetwork,Named Road,547367,309679,1000,20000,547364,309609,547372,309750,PE13,http://data.ordnancesurvey.co.uk/id/postcodedistrict/PE13,Wisbech,http://data.ordnancesurvey.co.uk/id/4000000074551318,http://www.ordnancesurvey.co.uk/xml/codelists/localtype.xml#town,Fenland,http://data.ordnancesurvey.co.uk/id/7000000000001357,http://data.ordnancesurvey.co.uk/ontology/admingeo/District,Cambridgeshire,http://data.ordnancesurvey.co.uk/id/7000000000001386,http://data.ordnancesurvey.co.uk/ontology/admingeo/County,Eastern,http://data.ordnancesurvey.co.uk/id/7000000000041425,England,http://data.ordnancesurvey.co.uk/id/country/england,,,
osgb4000000026937467,http://data.ordnancesurvey.co.uk/id/4000000026937467,Stow Lane,,,,transportNetwork,Named Road,547428,309202,2000,20000,547301,309079,547514,309326,PE13,http://data.ordnancesurvey.co.uk/id/postcodedistrict/PE13,Wisbech,http://data.ordnancesurvey.co.uk/id/4000000074551318,http://www.ordnancesurvey.co.uk/xml/codelists/localtype.xml#town,Fenland,http://data.ordnancesurvey.co.uk/id/7000000000001357,http://data.ordnancesurvey.co.uk/ontology/admingeo/District,Cambridgeshire,http://data.ordnancesurvey.co.uk/id/7000000000001386,http://data.ordnancesurvey.co.uk/ontology/admingeo/County,Eastern,http://data.ordnancesurvey.co.uk/id/7000000000041425,England,http://data.ordnancesurvey.co.uk/id/country/england,,,
osgb4000000026932355,http://data.ordnancesurvey.co.uk/id/4000000026932355,Elder's Gate,,,,transportNetwork,Named Road,541424,317281,8000,20000,540754,317083,541960,317506,PE12,http://data.ordnancesurvey.co.uk/id/postcodedistrict/PE12,,,,South Holland,http://data.ordnancesurvey.co.uk/id/7000000000005599,http://data.ordnancesurvey.co.uk/ontology/admingeo/District,Lincolnshire,http://data.ordnancesurvey.co.uk/id/7000000000005942,http://data.ordnancesurvey.co.uk/ontology/admingeo/County,East Midlands,http://data.ordnancesurvey.co.uk/id/7000000000041423,England,http://data.ordnancesurvey.co.uk/id/country/england,,,
061683aa-ec60-4b70-9fac-bd824fe0a0a3,http://data.ordnancesurvey.co.uk/id/061683aa-ec60-4b70-9fac-bd824fe0a0a3,Hungate Road,,,,transportNetwork,Section Of Named Road,551307,307420,2000,25000,551200,307410,551503,307428,PE14,http://data.ordnancesurvey.co.uk/id/postcodedistrict/PE14,Emneth Hungate,http://data.ordnancesurvey.co.uk/id/4000000074548394,http://www.ordnancesurvey.co.uk/xml/codelists/localtype.xml#hamlet,King's Lynn and West Norfolk,http://data.ordnancesurvey.co.uk/id/7000000000007016,http://data.ordnancesurvey.co.uk/ontology/admingeo/District,Norfolk,http://data.ordnancesurvey.co.uk/id/7000000000007238,http://data.ordnancesurvey.co.uk/ontology/admingeo/County,Eastern,http://data.ordnancesurvey.co.uk/id/7000000000041425,England,http://data.ordnancesurvey.co.uk/id/country/england,osgb4000000026931760,,
osgb4000000026935139,http://data.ordnancesurvey.co.uk/id/4000000026935139,Cocketts Drive,,,,transportNetwork,Named Road,547232,309685,1000,20000,547155,309672,547328,309765,PE13,http://data.ordnancesurvey.co.uk/id/postcodedistrict/PE13,Wisbech,http://data.ordnancesurvey.co.uk/id/4000000074551318,http://www.ordnancesurvey.co.uk/xml/codelists/localtype.xml#town,Fenland,http://data.ordnancesurvey.co.uk/id/7000000000001357,http://data.ordnancesurvey.co.uk/ontology/admingeo/District,Cambridgeshire,http://data.ordnancesurvey.co.uk/id/7000000000001386,http://data.ordnancesurvey.co.uk/ontology/admingeo/County,Eastern,http://data.ordnancesurvey.co.uk/id/7000000000041425,England,http://data.ordnancesurvey.co.uk/id/country/england,,,
osgb4000000026937344,http://data.ordnancesurvey.co.uk/id/4000000026937344,Farthing Road,,,,transportNetwork,Named Road,559557,302798,2000,20000,559490,302658,559651,302915,PE38,http://data.ordnancesurvey.co.uk/id/postcodedistrict/PE38,,,,King's Lynn and West Norfolk,http://data.ordnancesurvey.co.uk/id/7000000000007016,http://data.ordnancesurvey.co.uk/ontology/admingeo/District,Norfolk,http://data.ordnancesurvey.co.uk/id/7000000000007238,http://data.ordnancesurvey.co.uk/ontology/admingeo/County,Eastern,http://data.ordnancesurvey.co.uk/id/7000000000041425,England,http://data.ordnancesurvey.co.uk/id/country/england,,,
77c873aa-f1ad-4c68-9f21-5af6e9f8a8fb,http://data.ordnancesurvey.co.uk/id/77c873aa-f1ad-4c68-9f21-5af6e9f8a8fb,Walton Road,,,,transportNetwork,Section Of Named Road,552129,310092,3000,25000,551916,309915,552388,310239,PE14,http://data.ordnancesurvey.co.uk/id/postcodedistrict/PE14,Marshland St James,http://data.ordnancesurvey.co.uk/id/4000000074548753,http://www.ordnancesurvey.co.uk/xml/codelists/localtype.xml#village,King's Lynn and West Norfolk,http://data.ordnancesurvey.co.uk/id/7000000000007016,http://data.ordnancesurvey.co.uk/ontology/admingeo/District,Norfolk,http://data.ordnancesurvey.co.uk/id/7000000000007238,http://data.ordnancesurvey.co.uk/ontology/admingeo/County,Eastern,http://data.ordnancesurvey.co.uk/id/7000000000041425,England,http://data.ordnancesurvey.co.uk/id/country/england,osgb4000000026931769,,
osgb4000000026940335,http://data.ordnancesurvey.co.uk/id/4000000026940335,Onyx Court,,,,transportNetwork,Named Road,546477,309265,1000,20000,546452,309221,546487,309308,PE13,http://data.ordnancesurvey.co.uk/id/postcodedistrict/PE13,Wisbech,http://data.ordnancesurvey.co.uk/id/4000000074551318,http://www.ordnancesurvey.co.uk/xml/codelists/localtype.xml#town,Fenland,http://data.ordnancesurvey.co.uk/id/7000000000001357,http://data.ordnancesurvey.co.uk/ontology/admingeo/District,Cambridgeshire,http://data.ordnancesurvey.co.uk/id/7000000000001386,http://data.ordnancesurvey.co.uk/ontology/admingeo/County,Eastern,http://data.ordnancesurvey.co.uk/id/7000000000041425,England,http://data.ordnancesurvey.co.uk/id/country/england,,,
osgb4000000026940421,http://data.ordnancesurvey.co.uk/id/4000000026940421,Tindall Close,,,,transportNetwork,Named Road,546297,311208,1000,20000,546288,311120,546313,311265,PE13,http://data.ordnancesurvey.co.uk/id/postcodedistrict/PE13,Wisbech,http://data.ordnancesurvey.co.uk/id/4000000074551318,http://www.ordnancesurvey.co.uk/xml/codelists/localtype.xml#town,Fenland,http://data.ordnancesurvey.co.uk/id/7000000000001357,http://data.ordnancesurvey.co.uk/ontology/admingeo/District,Cambridgeshire,http://data.ordnancesurvey.co.uk/id/7000000000001386,http://data.ordnancesurvey.co.uk/ontology/admingeo/County,Eastern,http://data.ordnancesurvey.co.uk/id/7000000000041425,England,http://data.ordnancesurvey.co.uk/id/country/england,,,
osgb4000000026933656,http://data.ordnancesurvey.co.uk/id/4000000026933656,Church Road,,,,transportNetwork,Named Road,558400,314114,4000,20000,558348,313841,558413,314418,PE34,http://data.ordnancesurvey.co.uk/id/postcodedistrict/PE34,Wiggenhall St Mary the Virgin,http://data.ordnancesurvey.co.uk/id/4000000074550574,http://www.ordnancesurvey.co.uk/xml/codelists/localtype.xml#village,King's Lynn and West Norfolk,http://data.ordnancesurvey.co.uk/id/7000000000007016,http://data.ordnancesurvey.co.uk/ontology/admingeo/District,Norfolk,http://data.ordnancesurvey.co.uk/id/7000000000007238,http://data.ordnancesurvey.co.uk/ontology/admingeo/County,Eastern,http://data.ordnancesurvey.co.uk/id/7000000000041425,England,http://data.ordnancesurvey.co.uk/id/country/england,,,
osgb4000000026933654,http://data.ordnancesurvey.co.uk/id/4000000026933654,St John's Road,,,,transportNetwork,Named Road,554343,314091,5000,20000,553998,313810,554717,314339,PE34,http://data.ordnancesurvey.co.uk/id/postcodedistrict/PE34,Tilney St Lawrence,http://data.ordnancesurvey.co.uk/id/4000000074550579,http://www.ordnancesurvey.co.uk/xml/codelists/localtype.xml#village,King's Lynn and West Norfolk,http://data.ordnancesurvey.co.uk/id/7000000000007016,http://data.ordnancesurvey.co.uk/ontology/admingeo/District,Norfolk,http://data.ordnancesurvey.co.uk/id/7000000000007238,http://data.ordnancesurvey.co.uk/ontology/admingeo/County,Eastern,http://data.ordnancesurvey.co.uk/id/7000000000041425,England,http://data.ordnancesurvey.co.uk/id/country/england,,,
1730804d-dd26-4070-84df-b15462fa48e2,http://data.ordnancesurvey.co.uk/id/1730804d-dd26-4070-84df-b15462fa48e2,Hay Green Road (North),,,,transportNetwork,Section Of Named Road,553930,319225,3000,25000,553890,319009,553963,319461,PE34,http://data.ordnancesurvey.co.uk/id/postcodedistrict/PE34,Terrington St Clement,http://data.ordnancesurvey.co.uk/id/4000000074548395,http://www.ordnancesurvey.co.uk/xml/codelists/localtype.xml#otherSettlement,King's Lynn and West Norfolk,http://data.ordnancesurvey.co.uk/id/7000000000007016,http://data.ordnancesurvey.co.uk/ontology/admingeo/District,Norfolk,http://data.ordnancesurvey.co.uk/id/7000000000007238,http://data.ordnancesurvey.co.uk/ontology/admingeo/County,Eastern,http://data.ordnancesurvey.co.uk/id/7000000000041425,England,http://data.ordnancesurvey.co.uk/id/country/england,osgb4000000026935299,,
osgb4000000026932439,http://data.ordnancesurvey.co.uk/id/4000000026932439,Goose's Lane,,,,transportNetwork,Named Road,549357,318070,10000,20000,548647,317649,550118,318559,PE14,http://data.ordnancesurvey.co.uk/id/postcodedistrict/PE14,,,,King's Lynn and West Norfolk,http://data.ordnancesurvey.co.uk/id/7000000000007016,http://data.ordnancesurvey.co.uk/ontology/admingeo/District,Norfolk,http://data.ordnancesurvey.co.uk/id/7000000000007238,http://data.ordnancesurvey.co.uk/ontology/admingeo/County,Eastern,http://data.ordnancesurvey.co.uk/id/7000000000041425,England,http://data.ordnancesurvey.co.uk/id/country/england,,,
osgb4000000026932233,http://data.ordnancesurvey.co.uk/id/4000000026932233,Black Drove,,,,transportNetwork,Named Road,559523,303770,10000,20000,559246,303009,559726,304480,PE38,http://data.ordnancesurvey.co.uk/id/postcodedistrict/PE38,,,,King's Lynn and West Norfolk,http://data.ordnancesurvey.co.uk/id/7000000000007016,http://data.ordnancesurvey.co.uk/ontology/admingeo/District,Norfolk,http://data.ordnancesurvey.co.uk/id/7000000000007238,http://data.ordnancesurvey.co.uk/ontology/admingeo/County,Eastern,http://data.ordnancesurvey.co.uk/id/7000000000041425,England,http://data.ordnancesurvey.co.uk/id/country/england,,,
a4bd2123-9809-43e8-8994-3dba2a5ef3e5,http://data.ordnancesurvey.co.uk/id/a4bd2123-9809-43e8-8994-3dba2a5ef3e5,Low Side,,,,transportNetwork,Section Of Named Road,551203,303466,3000,25000,551067,303267,551291,303660,PE14,http://data.ordnancesurvey.co.uk/id/postcodedistrict/PE14,Outwell,http://data.ordnancesurvey.co.uk/id/4000000074548389,http://www.ordnancesurvey.co.uk/xml/codelists/localtype.xml#village,King's Lynn and West Norfolk,http://data.ordnancesurvey.co.uk/id/7000000000007016,http://data.ordnancesurvey.co.uk/ontology/admingeo/District,Norfolk,http://data.ordnancesurvey.co.uk/id/7000000000007238,http://data.ordnancesurvey.co.uk/ontology/admingeo/County,Eastern,http://data.ordnancesurvey.co.uk/id/7000000000041425,England,http://data.ordnancesurvey.co.uk/id/country/england,osgb4000000026933448,,
osgb4000000026942818,http://data.ordnancesurvey.co.uk/id/4000000026942818,Victory Lane,,,,transportNetwork,Named Road,554751,313767,1000,20000,554751,313767,554783,313807,PE34,http://data.ordnancesurvey.co.uk/id/postcodedistrict/PE34,Tilney St Lawrence,http://data.ordnancesurvey.co.uk/id/4000000074550579,http://www.ordnancesurvey.co.uk/xml/codelists/localtype.xml#village,King's Lynn and West Norfolk,http://data.ordnancesurvey.co.uk/id/7000000000007016,http://data.ordnancesurvey.co.uk/ontology/admingeo/District,Norfolk,http://data.ordnancesurvey.co.uk/id/7000000000007238,http://data.ordnancesurvey.co.uk/ontology/admingeo/County,Eastern,http://data.ordnancesurvey.co.uk/id/7000000000041425,England,http://data.ordnancesurvey.co.uk/id/country/england,,,
7899aaca-ea7e-4f53-9584-a2b1a227efc1,http://data.ordnancesurvey.co.uk/id/7899aaca-ea7e-4f53-9584-a2b1a227efc1,Gravel Bank,,,,transportNetwork,Section Of Named Road,554652,311100,1000,25000,554558,311069,554707,311133,PE14,http://data.ordnancesurvey.co.uk/id/postcodedistrict/PE14,Tilney Fen End,http://data.ordnancesurvey.co.uk/id/4000000074548751,http://www.ordnancesurvey.co.uk/xml/codelists/localtype.xml#hamlet,King's Lynn and West Norfolk,http://data.ordnancesurvey.co.uk/id/7000000000007016,http://data.ordnancesurvey.co.uk/ontology/admingeo/District,Norfolk,http://data.ordnancesurvey.co.uk/id/7000000000007238,http://data.ordnancesurvey.co.uk/ontology/admingeo/County,Eastern,http://data.ordnancesurvey.co.uk/id/7000000000041425,England,http://data.ordnancesurvey.co.uk/id/country/england,osgb4000000026931773,,
666d3429-f531-402c-a0d9-c777669e3174,http://data.ordnancesurvey.co.uk/id/666d3429-f531-402c-a0d9-c777669e3174,Green Bank,,,,transportNetwork,Section Of Named Road,551467,313721,3000,25000,551426,313325,551643,313796,PE14,http://data.ordnancesurvey.co.uk/id/postcodedistrict/PE14,,,,King's Lynn and West Norfolk,http://data.ordnancesurvey.co.uk/id/7000000000007016,http://data.ordnancesurvey.co.uk/ontology/admingeo/District,Norfolk,http://data.ordnancesurvey.co.uk/id/7000000000007238,http://data.ordnancesurvey.co.uk/ontology/admingeo/County,Eastern,http://data.ordnancesurvey.co.uk/id/7000000000041425,England,http://data.ordnancesurvey.co.uk/id/country/england,osgb5000005232448711,,
986b9f68-4888-49a6-9d66-0ce54ce7b153,http://data.ordnancesurvey.co.uk/id/986b9f68-4888-49a6-9d66-0ce54ce7b153,High Road,,,,transportNetwork,Section Of Named Road,543444,314591,9000,25000,542731,314385,544141,314634,PE13,http://data.ordnancesurvey.co.uk/id/postcodedistrict/PE13,Newton-in-the-Isle,http://data.ordnancesurvey.co.uk/id/4000000074548769,http://www.ordnancesurvey.co.uk/xml/codelists/localtype.xml#village,Fenland,http://data.ordnancesurvey.co.uk/id/7000000000001357,http://data.ordnancesurvey.co.uk/ontology/admingeo/District,Cambridgeshire,http://data.ordnancesurvey.co.uk/id/7000000000001386,http://data.ordnancesurvey.co.uk/ontology/admingeo/County,Eastern,http://data.ordnancesurvey.co.uk/id/7000000000041425,England,http://data.ordnancesurvey.co.uk/id/country/england,osgb4000000026932359,,
osgb5000005107207988,http://data.ordnancesurvey.co.uk/id/5000005107207988,Augusta Drive,,,,transportNetwork,Named Road,543109,316790,2000,20000,542941,316787,543275,316838,PE13,http://data.ordnancesurvey.co.uk/id/postcodedistrict/PE13,,,,Fenland,http://data.ordnancesurvey.co.uk/id/7000000000001357,http://data.ordnancesurvey.co.uk/ontology/admingeo/District,Cambridgeshire,http://data.ordnancesurvey.co.uk/id/7000000000001386,http://data.ordnancesurvey.co.uk/ontology/admingeo/County,Eastern,http://data.ordnancesurvey.co.uk/id/7000000000041425,England,http://data.ordnancesurvey.co.uk/id/country/england,,,
f22a4d35-faa9-4760-8ff8-8df8a2796911,http://data.ordnancesurvey.co.uk/id/f22a4d35-faa9-4760-8ff8-8df8a2796911,Black Drove,,,,transportNetwork,Section Of Named Road,554631,311000,1000,25000,554550,310962,554714,311078,PE14,http://data.ordnancesurvey.co.uk/id/postcodedistrict/PE14,Tilney Fen End,http://data.ordnancesurvey.co.uk/id/4000000074548751,http://www.ordnancesurvey.co.uk/xml/codelists/localtype.xml#hamlet,King's Lynn and West Norfolk,http://data.ordnancesurvey.co.uk/id/7000000000007016,http://data.ordnancesurvey.co.uk/ontology/admingeo/District,Norfolk,http://data.ordnancesurvey.co.uk/id/7000000000007238,http://data.ordnancesurvey.co.uk/ontology/admingeo/County,Eastern,http://data.ordnancesurvey.co.uk/id/7000000000041425,England,http://data.ordnancesurvey.co.uk/id/country/england,osgb4000000026931593,,
osgb4000000026937431,http://data.ordnancesurvey.co.uk/id/4000000026937431,Chapel Lane,,,,transportNetwork,Named Road,547477,307397,1000,20000,547336,307346,547550,307495,PE14,http://data.ordnancesurvey.co.uk/id/postcodedistrict/PE14,Elm,http://data.ordnancesurvey.co.uk/id/4000000074341528,http://www.ordnancesurvey.co.uk/xml/codelists/localtype.xml#village,King's Lynn and West Norfolk,http://data.ordnancesurvey.co.uk/id/7000000000007016,http://data.ordnancesurvey.co.uk/ontology/admingeo/District,Norfolk,http://data.ordnancesurvey.co.uk/id/7000000000007238,http://data.ordnancesurvey.co.uk/ontology/admingeo/County,Eastern,http://data.ordnancesurvey.co.uk/id/7000000000041425,England,http://data.ordnancesurvey.co.uk/id/country/england,,,
osgb4000000026942765,http://data.ordnancesurvey.co.uk/id/4000000026942765,Oxburgh Close,,,,transportNetwork,Named Road,545237,310991,1000,20000,545227,310945,545271,310999,PE13,http://data.ordnancesurvey.co.uk/id/postcodedistrict/PE13,Wisbech,http://data.ordnancesurvey.co.uk/id/4000000074551318,http://www.ordnancesurvey.co.uk/xml/codelists/localtype.xml#town,Fenland,http://data.ordnancesurvey.co.uk/id/7000000000001357,http://data.ordnancesurvey.co.uk/ontology/admingeo/District,Cambridgeshire,http://data.ordnancesurvey.co.uk/id/7000000000001386,http://data.ordnancesurvey.co.uk/ontology/admingeo/County,Eastern,http://data.ordnancesurvey.co.uk/id/7000000000041425,England,http://data.ordnancesurvey.co.uk/id/country/england,,,
osgb4000000027001257,http://data.ordnancesurvey.co.uk/id/4000000027001257,Pyecroft Lane,,,,transportNetwork,Named Road,551192,316922,4000,20000,550886,316766,551542,317030,PE14,http://data.ordnancesurvey.co.uk/id/postcodedistrict/PE14,,,,King's Lynn and West Norfolk,http://data.ordnancesurvey.co.uk/id/7000000000007016,http://data.ordnancesurvey.co.uk/ontology/admingeo/District,Norfolk,http://data.ordnancesurvey.co.uk/id/7000000000007238,http://data.ordnancesurvey.co.uk/ontology/admingeo/County,Eastern,http://data.ordnancesurvey.co.uk/id/7000000000041425,England,http://data.ordnancesurvey.co.uk/id/country/england,,,
osgb4000000026935153,http://data.ordnancesurvey.co.uk/id/4000000026935153,Horseshoe Terrace,,,,transportNetwork,Named Road,545545,310998,2000,20000,545542,310830,545550,311167,PE13,http://data.ordnancesurvey.co.uk/id/postcodedistrict/PE13,Wisbech,http://data.ordnancesurvey.co.uk/id/4000000074551318,http://www.ordnancesurvey.co.uk/xml/codelists/localtype.xml#town,Fenland,http://data.ordnancesurvey.co.uk/id/7000000000001357,http://data.ordnancesurvey.co.uk/ontology/admingeo/District,Cambridgeshire,http://data.ordnancesurvey.co.uk/id/7000000000001386,http://data.ordnancesurvey.co.uk/ontology/admingeo/County,Eastern,http://data.ordnancesurvey.co.uk/id/7000000000041425,England,http://data.ordnancesurvey.co.uk/id/country/england,,,
osgb4000000026932273,http://data.ordnancesurvey.co.uk/id/4000000026932273,Bevis Lane,,,,transportNetwork,Named Road,543046,307410,10000,20000,542368,306670,543769,308168,PE13,http://data.ordnancesurvey.co.uk/id/postcodedistrict/PE13,,,,Fenland,http://data.ordnancesurvey.co.uk/id/7000000000001357,http://data.ordnancesurvey.co.uk/ontology/admingeo/District,Cambridgeshire,http://data.ordnancesurvey.co.uk/id/7000000000001386,http://data.ordnancesurvey.co.uk/ontology/admingeo/County,Eastern,http://data.ordnancesurvey.co.uk/id/7000000000041425,England,http://data.ordnancesurvey.co.uk/id/country/england,,,
f74525e8-013e-4bc0-be36-8501d42021fb,http://data.ordnancesurvey.co.uk/id/f74525e8-013e-4bc0-be36-8501d42021fb,Long Road,,,,transportNetwork,Section Of Named Road,545466,318070,2000,25000,545457,317920,545475,318188,PE13,http://data.ordnancesurvey.co.uk/id/postcodedistrict/PE13,Tydd Gote,http://data.ordnancesurvey.co.uk/id/4000000074548409,http://www.ordnancesurvey.co.uk/xml/codelists/localtype.xml#village,South Holland,http://data.ordnancesurvey.co.uk/id/7000000000005599,http://data.ordnancesurvey.co.uk/ontology/admingeo/District,Lincolnshire,http://data.ordnancesurvey.co.uk/id/7000000000005942,http://data.ordnancesurvey.co.uk/ontology/admingeo/County,East Midlands,http://data.ordnancesurvey.co.uk/id/7000000000041423,England,http://data.ordnancesurvey.co.uk/id/country/england,osgb4000000026932365,,
osgb4000000026932214,http://data.ordnancesurvey.co.uk/id/4000000026932214,Coldham Hall Chase,,,,transportNetwork,Named Road,544708,302486,6000,20000,544380,302040,544829,303003,PE14,http://data.ordnancesurvey.co.uk/id/postcodedistrict/PE14,,,,Fenland,http://data.ordnancesurvey.co.uk/id/7000000000001357,http://data.ordnancesurvey.co.uk/ontology/admingeo/District,Cambridgeshire,http://data.ordnancesurvey.co.uk/id/7000000000001386,http://data.ordnancesurvey.co.uk/ontology/admingeo/County,Eastern,http://data.ordnancesurvey.co.uk/id/7000000000041425,England,http://data.ordnancesurvey.co.uk/id/country/england,,,
1e3fbb3b-438b-45de-b28c-9202ae2ecc34,http://data.ordnancesurvey.co.uk/id/1e3fbb3b-438b-45de-b28c-9202ae2ecc34,Oxfield Drive,,,,transportNetwork,Section Of Named Road,542060,311982,1000,25000,541954,311915,542158,312084,PE13,http://data.ordnancesurvey.co.uk/id/postcodedistrict/PE13,Gorefield,http://data.ordnancesurvey.co.uk/id/4000000074551667,http://www.ordnancesurvey.co.uk/xml/codelists/localtype.xml#village,Fenland,http://data.ordnancesurvey.co.uk/id/7000000000001357,http://data.ordnancesurvey.co.uk/ontology/admingeo/District,Cambridgeshire,http://data.ordnancesurvey.co.uk/id/7000000000001386,http://data.ordnancesurvey.co.uk/ontology/admingeo/County,Eastern,http://data.ordnancesurvey.co.uk/id/7000000000041425,England,http://data.ordnancesurvey.co.uk/id/country/england,osgb4000000027037429,,
osgb4000000026937489,http://data.ordnancesurvey.co.uk/id/4000000026937489,Troughton Way,,,,transportNetwork,Named Road,544592,311419,1000,20000,544544,311383,544650,311439,PE13,http://data.ordnancesurvey.co.uk/id/postcodedistrict/PE13,Leverington,http://data.ordnancesurvey.co.uk/id/4000000074551313,http://www.ordnancesurvey.co.uk/xml/codelists/localtype.xml#village,Fenland,http://data.ordnancesurvey.co.uk/id/7000000000001357,http://data.ordnancesurvey.co.uk/ontology/admingeo/District,Cambridgeshire,http://data.ordnancesurvey.co.uk/id/7000000000001386,http://data.ordnancesurvey.co.uk/ontology/admingeo/County,Eastern,http://data.ordnancesurvey.co.uk/id/7000000000041425,England,http://data.ordnancesurvey.co.uk/id/country/england,,,
osgb5000005232275114,http://data.ordnancesurvey.co.uk/id/5000005232275114,Carveley's Lane,,,,transportNetwork,Named Road,543858,317035,2000,20000,543752,316952,543987,317108,PE13,http://data.ordnancesurvey.co.uk/id/postcodedistrict/PE13,,,,Fenland,http://data.ordnancesurvey.co.uk/id/7000000000001357,http://data.ordnancesurvey.co.uk/ontology/admingeo/District,Cambridgeshire,http://data.ordnancesurvey.co.uk/id/7000000000001386,http://data.ordnancesurvey.co.uk/ontology/admingeo/County,Eastern,http://data.ordnancesurvey.co.uk/id/7000000000041425,England,http://data.ordnancesurvey.co.uk/id/country/england,,,
osgb4000000026937417,http://data.ordnancesurvey.co.uk/id/4000000026937417,Henry Warby Avenue,,,,transportNetwork,Named Road,546839,306367,1000,20000,546738,306323,546941,306408,PE14,http://data.ordnancesurvey.co.uk/id/postcodedistrict/PE14,Elm,http://data.ordnancesurvey.co.uk/id/4000000074341528,http://www.ordnancesurvey.co.uk/xml/codelists/localtype.xml#village,Fenland,http://data.ordnancesurvey.co.uk/id/7000000000001357,http://data.ordnancesurvey.co.uk/ontology/admingeo/District,Cambridgeshire,http://data.ordnancesurvey.co.uk/id/7000000000001386,http://data.ordnancesurvey.co.uk/ontology/admingeo/County,Eastern,http://data.ordnancesurvey.co.uk/id/7000000000041425,England,http://data.ordnancesurvey.co.uk/id/country/england,,,
osgb5000005160902250,http://data.ordnancesurvey.co.uk/id/5000005160902250,Rectory Gardens,,,,transportNetwork,Named Road,547392,310197,1000,20000,547392,310177,547415,310197,PE13,http://data.ordnancesurvey.co.uk/id/postcodedistrict/PE13,Wisbech,http://data.ordnancesurvey.co.uk/id/4000000074551318,http://www.ordnancesurvey.co.uk/xml/codelists/localtype.xml#town,Fenland,http://data.ordnancesurvey.co.uk/id/7000000000001357,http://data.ordnancesurvey.co.uk/ontology/admingeo/District,Cambridgeshire,http://data.ordnancesurvey.co.uk/id/7000000000001386,http://data.ordnancesurvey.co.uk/ontology/admingeo/County,Eastern,http://data.ordnancesurvey.co.uk/id/7000000000041425,England,http://data.ordnancesurvey.co.uk/id/country/england,,,
osgb4000000026937427,http://data.ordnancesurvey.co.uk/id/4000000026937427,Anglia Way,,,,transportNetwork,Named Road,545858,308000,1000,20000,545774,307951,545922,308065,PE13,http://data.ordnancesurvey.co.uk/id/postcodedistrict/PE13,Wisbech,http://data.ordnancesurvey.co.uk/id/4000000074551318,http://www.ordnancesurvey.co.uk/xml/codelists/localtype.xml#town,Fenland,http://data.ordnancesurvey.co.uk/id/7000000000001357,http://data.ordnancesurvey.co.uk/ontology/admingeo/District,Cambridgeshire,http://data.ordnancesurvey.co.uk/id/7000000000001386,http://data.ordnancesurvey.co.uk/ontology/admingeo/County,Eastern,http://data.ordnancesurvey.co.uk/id/7000000000041425,England,http://data.ordnancesurvey.co.uk/id/country/england,,,
osgb4000000026933544,http://data.ordnancesurvey.co.uk/id/4000000026933544,Little Ramper,,,,transportNetwork,Named Road,544378,313801,3000,20000,544255,313801,544752,313803,PE13,http://data.ordnancesurvey.co.uk/id/postcodedistrict/PE13,,,,Fenland,http://data.ordnancesurvey.co.uk/id/7000000000001357,http://data.ordnancesurvey.co.uk/ontology/admingeo/District,Cambridgeshire,http://data.ordnancesurvey.co.uk/id/7000000000001386,http://data.ordnancesurvey.co.uk/ontology/admingeo/County,Eastern,http://data.ordnancesurvey.co.uk/id/7000000000041425,England,http://data.ordnancesurvey.co.uk/id/country/england,,,
osgb5000005187022501,http://data.ordnancesurvey.co.uk/id/5000005187022501,Blackfriars Court,,,,transportNetwork,Named Road,546375,309839,1000,20000,546375,309839,546399,309845,PE13,http://data.ordnancesurvey.co.uk/id/postcodedistrict/PE13,Wisbech,http://data.ordnancesurvey.co.uk/id/4000000074551318,http://www.ordnancesurvey.co.uk/xml/codelists/localtype.xml#town,Fenland,http://data.ordnancesurvey.co.uk/id/7000000000001357,http://data.ordnancesurvey.co.uk/ontology/admingeo/District,Cambridgeshire,http://data.ordnancesurvey.co.uk/id/7000000000001386,http://data.ordnancesurvey.co.uk/ontology/admingeo/County,Eastern,http://data.ordnancesurvey.co.uk/id/7000000000041425,England,http://data.ordnancesurvey.co.uk/id/country/england,,,
osgb4000000026940477,http://data.ordnancesurvey.co.uk/id/4000000026940477,Chapel Lane,,,,transportNetwork,Named Road,542097,316597,1000,20000,542094,316590,542152,316597,PE13,http://data.ordnancesurvey.co.uk/id/postcodedistrict/PE13,Tydd St Giles,http://data.ordnancesurvey.co.uk/id/4000000074548770,http://www.ordnancesurvey.co.uk/xml/codelists/localtype.xml#village,Fenland,http://data.ordnancesurvey.co.uk/id/7000000000001357,http://data.ordnancesurvey.co.uk/ontology/admingeo/District,Cambridgeshire,http://data.ordnancesurvey.co.uk/id/7000000000001386,http://data.ordnancesurvey.co.uk/ontology/admingeo/County,Eastern,http://data.ordnancesurvey.co.uk/id/7000000000041425,England,http://data.ordnancesurvey.co.uk/id/country/england,,,
osgb4000000026935130,http://data.ordnancesurvey.co.uk/id/4000000026935130,Cannon Street,,,,transportNetwork,Named Road,546321,309215,2000,20000,546199,309123,546437,309270,PE13,http://data.ordnancesurvey.co.uk/id/postcodedistrict/PE13,Wisbech,http://data.ordnancesurvey.co.uk/id/4000000074551318,http://www.ordnancesurvey.co.uk/xml/codelists/localtype.xml#town,Fenland,http://data.ordnancesurvey.co.uk/id/7000000000001357,http://data.ordnancesurvey.co.uk/ontology/admingeo/District,Cambridgeshire,http://data.ordnancesurvey.co.uk/id/7000000000001386,http://data.ordnancesurvey.co.uk/ontology/admingeo/County,Eastern,http://data.ordnancesurvey.co.uk/id/7000000000041425,England,http://data.ordnancesurvey.co.uk/id/country/england,,,
7dd1636b-87cd-4463-a7d3-4559f9bb68c1,http://data.ordnancesurvey.co.uk/id/7dd1636b-87cd-4463-a7d3-4559f9bb68c1,Thurland's Drove,,,,transportNetwork,Section Of Named Road,549468,301564,1000,25000,549456,301555,549480,301575,PE14,http://data.ordnancesurvey.co.uk/id/postcodedistrict/PE14,Upwell,http://data.ordnancesurvey.co.uk/id/4000000074550938,http://www.ordnancesurvey.co.uk/xml/codelists/localtype.xml#village,King's Lynn and West Norfolk,http://data.ordnancesurvey.co.uk/id/7000000000007016,http://data.ordnancesurvey.co.uk/ontology/admingeo/District,Norfolk,http://data.ordnancesurvey.co.uk/id/7000000000007238,http://data.ordnancesurvey.co.uk/ontology/admingeo/County,Eastern,http://data.ordnancesurvey.co.uk/id/7000000000041425,England,http://data.ordnancesurvey.co.uk/id/country/england,osgb4000000026932218,,
osgb4000000026932407,http://data.ordnancesurvey.co.uk/id/4000000026932407,Mill Lane,,,,transportNetwork,Named Road,551000,312657,11000,20000,550366,311699,551897,313446,PE14,http://data.ordnancesurvey.co.uk/id/postcodedistrict/PE14,,,,King's Lynn and West Norfolk,http://data.ordnancesurvey.co.uk/id/7000000000007016,http://data.ordnancesurvey.co.uk/ontology/admingeo/District,Norfolk,http://data.ordnancesurvey.co.uk/id/7000000000007238,http://data.ordnancesurvey.co.uk/ontology/admingeo/County,Eastern,http://data.ordnancesurvey.co.uk/id/7000000000041425,England,http://data.ordnancesurvey.co.uk/id/country/england,,,
osgb4000000026935122,http://data.ordnancesurvey.co.uk/id/4000000026935122,Westmead Avenue,,,,transportNetwork,Named Road,547125,308392,3000,20000,546877,308356,547406,308441,PE13,http://data.ordnancesurvey.co.uk/id/postcodedistrict/PE13,Wisbech,http://data.ordnancesurvey.co.uk/id/4000000074551318,http://www.ordnancesurvey.co.uk/xml/codelists/localtype.xml#town,Fenland,http://data.ordnancesurvey.co.uk/id/7000000000001357,http://data.ordnancesurvey.co.uk/ontology/admingeo/District,Cambridgeshire,http://data.ordnancesurvey.co.uk/id/7000000000001386,http://data.ordnancesurvey.co.uk/ontology/admingeo/County,Eastern,http://data.ordnancesurvey.co.uk/id/7000000000041425,England,http://data.ordnancesurvey.co.uk/id/country/england,,,
osgb4000000026933647,http://data.ordnancesurvey.co.uk/id/4000000026933647,West Drove (South),,,,transportNetwork,Named Road,550612,312976,5000,20000,550312,312581,550942,313420,PE14,http://data.ordnancesurvey.co.uk/id/postcodedistrict/PE14,,,,King's Lynn and West Norfolk,http://data.ordnancesurvey.co.uk/id/7000000000007016,http://data.ordnancesurvey.co.uk/ontology/admingeo/District,Norfolk,http://data.ordnancesurvey.co.uk/id/7000000000007238,http://data.ordnancesurvey.co.uk/ontology/admingeo/County,Eastern,http://data.ordnancesurvey.co.uk/id/7000000000041425,England,http://data.ordnancesurvey.co.uk/id/country/england,,,
osgb4000000026932284,http://data.ordnancesurvey.co.uk/id/4000000026932284,Wolf Lane,,,,transportNetwork,Named Road,542164,310965,13000,20000,542092,309864,542395,311893,PE13,http://data.ordnancesurvey.co.uk/id/postcodedistrict/PE13,,,,Fenland,http://data.ordnancesurvey.co.uk/id/7000000000001357,http://data.ordnancesurvey.co.uk/ontology/admingeo/District,Cambridgeshire,http://data.ordnancesurvey.co.uk/id/7000000000001386,http://data.ordnancesurvey.co.uk/ontology/admingeo/County,Eastern,http://data.ordnancesurvey.co.uk/id/7000000000041425,England,http://data.ordnancesurvey.co.uk/id/country/england,,,
osgb4000000027007484,http://data.ordnancesurvey.co.uk/id/4000000027007484,Bridle Close,,,,transportNetwork,Named Road,550963,303365,1000,20000,550929,303325,550989,303408,PE14,http://data.ordnancesurvey.co.uk/id/postcodedistrict/PE14,Outwell,http://data.ordnancesurvey.co.uk/id/4000000074548389,http://www.ordnancesurvey.co.uk/xml/codelists/localtype.xml#village,King's Lynn and West Norfolk,http://data.ordnancesurvey.co.uk/id/7000000000007016,http://data.ordnancesurvey.co.uk/ontology/admingeo/District,Norfolk,http://data.ordnancesurvey.co.uk/id/7000000000007238,http://data.ordnancesurvey.co.uk/ontology/admingeo/County,Eastern,http://data.ordnancesurvey.co.uk/id/7000000000041425,England,http://data.ordnancesurvey.co.uk/id/country/england,,,
osgb4000000026970495,http://data.ordnancesurvey.co.uk/id/4000000026970495,B1101,,,,transportNetwork,Numbered Road,542691,300854,89000,250000,541423,293767,547340,307482,PE14,http://data.ordnancesurvey.co.uk/id/postcodedistrict/PE14,,,,Fenland,http://data.ordnancesurvey.co.uk/id/7000000000001357,http://data.ordnancesurvey.co.uk/ontology/admingeo/District,Cambridgeshire,http://data.ordnancesurvey.co.uk/id/7000000000001386,http://data.ordnancesurvey.co.uk/ontology/admingeo/County,Eastern,http://data.ordnancesurvey.co.uk/id/7000000000041425,England,http://data.ordnancesurvey.co.uk/id/country/england,,,
osgb4000000026933575,http://data.ordnancesurvey.co.uk/id/4000000026933575,Black Dike,,,,transportNetwork,Named Road,541555,315455,7000,20000,541203,314944,541982,316045,PE13,http://data.ordnancesurvey.co.uk/id/postcodedistrict/PE13,,,,Fenland,http://data.ordnancesurvey.co.uk/id/7000000000001357,http://data.ordnancesurvey.co.uk/ontology/admingeo/District,Cambridgeshire,http://data.ordnancesurvey.co.uk/id/7000000000001386,http://data.ordnancesurvey.co.uk/ontology/admingeo/County,Eastern,http://data.ordnancesurvey.co.uk/id/7000000000041425,England,http://data.ordnancesurvey.co.uk/id/country/england,,,
149e4075-2e63-486e-bef3-e9a3fef5bdc6,http://data.ordnancesurvey.co.uk/id/149e4075-2e63-486e-bef3-e9a3fef5bdc6,Ratten Row,,,,transportNetwork,Section Of Named Road,551525,314063,3000,25000,551458,313856,551621,314289,PE14,http://data.ordnancesurvey.co.uk/id/postcodedistrict/PE14,Walpole Highway,http://data.ordnancesurvey.co.uk/id/4000000074550945,http://www.ordnancesurvey.co.uk/xml/codelists/localtype.xml#village,King's Lynn and West Norfolk,http://data.ordnancesurvey.co.uk/id/7000000000007016,http://data.ordnancesurvey.co.uk/ontology/admingeo/District,Norfolk,http://data.ordnancesurvey.co.uk/id/7000000000007238,http://data.ordnancesurvey.co.uk/ontology/admingeo/County,Eastern,http://data.ordnancesurvey.co.uk/id/7000000000041425,England,http://data.ordnancesurvey.co.uk/id/country/england,osgb5000005101200710,,
osgb4000000026937445,http://data.ordnancesurvey.co.uk/id/4000000026937445,Station Drive,,,,transportNetwork,Named Road,546117,309076,2000,20000,546058,309006,546177,309241,PE13,http://data.ordnancesurvey.co.uk/id/postcodedistrict/PE13,Wisbech,http://data.ordnancesurvey.co.uk/id/4000000074551318,http://www.ordnancesurvey.co.uk/xml/codelists/localtype.xml#town,Fenland,http://data.ordnancesurvey.co.uk/id/7000000000001357,http://data.ordnancesurvey.co.uk/ontology/admingeo/District,Cambridgeshire,http://data.ordnancesurvey.co.uk/id/7000000000001386,http://data.ordnancesurvey.co.uk/ontology/admingeo/County,Eastern,http://data.ordnancesurvey.co.uk/id/7000000000041425,England,http://data.ordnancesurvey.co.uk/id/country/england,,,
osgb4000000026937331,http://data.ordnancesurvey.co.uk/id/4000000026937331,Overstone Road,,,,transportNetwork,Named Road,543553,302949,1000,20000,543514,302856,543555,302954,PE14,http://data.ordnancesurvey.co.uk/id/postcodedistrict/PE14,Coldham,http://data.ordnancesurvey.co.uk/id/4000000074550588,http://www.ordnancesurvey.co.uk/xml/codelists/localtype.xml#village,Fenland,http://data.ordnancesurvey.co.uk/id/7000000000001357,http://data.ordnancesurvey.co.uk/ontology/admingeo/District,Cambridgeshire,http://data.ordnancesurvey.co.uk/id/7000000000001386,http://data.ordnancesurvey.co.uk/ontology/admingeo/County,Eastern,http://data.ordnancesurvey.co.uk/id/7000000000041425,England,http://data.ordnancesurvey.co.uk/id/country/england,,,
5d7cbfc4-1b97-4680-af2d-ed6e94b1c192,http://data.ordnancesurvey.co.uk/id/5d7cbfc4-1b97-4680-af2d-ed6e94b1c192,High Road,,,,transportNetwork,Section Of Named Road,541814,311951,10000,25000,541032,311813,542631,312136,PE13,http://data.ordnancesurvey.co.uk/id/postcodedistrict/PE13,Gorefield,http://data.ordnancesurvey.co.uk/id/4000000074551667,http://www.ordnancesurvey.co.uk/xml/codelists/localtype.xml#village,Fenland,http://data.ordnancesurvey.co.uk/id/7000000000001357,http://data.ordnancesurvey.co.uk/ontology/admingeo/District,Cambridgeshire,http://data.ordnancesurvey.co.uk/id/7000000000001386,http://data.ordnancesurvey.co.uk/ontology/admingeo/County,Eastern,http://data.ordnancesurvey.co.uk/id/7000000000041425,England,http://data.ordnancesurvey.co.uk/id/country/england,osgb4000000026933520,,
d8361903-0a78-48ce-abed-51d6e2da533d,http://data.ordnancesurvey.co.uk/id/d8361903-0a78-48ce-abed-51d6e2da533d,Pope's Lane,,,,transportNetwork,Section Of Named Road,543817,311709,8000,25000,543807,310672,543946,311899,PE13,http://data.ordnancesurvey.co.uk/id/postcodedistrict/PE13,Leverington,http://data.ordnancesurvey.co.uk/id/4000000074551313,http://www.ordnancesurvey.co.uk/xml/codelists/localtype.xml#village,Fenland,http://data.ordnancesurvey.co.uk/id/7000000000001357,http://data.ordnancesurvey.co.uk/ontology/admingeo/District,Cambridgeshire,http://data.ordnancesurvey.co.uk/id/7000000000001386,http://data.ordnancesurvey.co.uk/ontology/admingeo/County,Eastern,http://data.ordnancesurvey.co.uk/id/7000000000041425,England,http://data.ordnancesurvey.co.uk/id/country/england,osgb4000000026932295,,
osgb4000000027007485,http://data.ordnancesurvey.co.uk/id/4000000027007485,Russell Drive,,,,transportNetwork,Named Road,551021,303365,1000,20000,551008,303345,551035,303373,PE14,http://data.ordnancesurvey.co.uk/id/postcodedistrict/PE14,Outwell,http://data.ordnancesurvey.co.uk/id/4000000074548389,http://www.ordnancesurvey.co.uk/xml/codelists/localtype.xml#village,King's Lynn and West Norfolk,http://data.ordnancesurvey.co.uk/id/7000000000007016,http://data.ordnancesurvey.co.uk/ontology/admingeo/District,Norfolk,http://data.ordnancesurvey.co.uk/id/7000000000007238,http://data.ordnancesurvey.co.uk/ontology/admingeo/County,Eastern,http://data.ordnancesurvey.co.uk/id/7000000000041425,England,http://data.ordnancesurvey.co.uk/id/country/england,,,
osgb4000000026943739,http://data.ordnancesurvey.co.uk/id/4000000026943739,Gaol Street,,,,transportNetwork,Named Road,546363,309126,1000,20000,546363,309093,546391,309126,PE13,http://data.ordnancesurvey.co.uk/id/postcodedistrict/PE13,Wisbech,http://data.ordnancesurvey.co.uk/id/4000000074551318,http://www.ordnancesurvey.co.uk/xml/codelists/localtype.xml#town,Fenland,http://data.ordnancesurvey.co.uk/id/7000000000001357,http://data.ordnancesurvey.co.uk/ontology/admingeo/District,Cambridgeshire,http://data.ordnancesurvey.co.uk/id/7000000000001386,http://data.ordnancesurvey.co.uk/ontology/admingeo/County,Eastern,http://data.ordnancesurvey.co.uk/id/7000000000041425,England,http://data.ordnancesurvey.co.uk/id/country/england,,,
osgb4000000026932408,http://data.ordnancesurvey.co.uk/id/4000000026932408,Middle Gates Drove,,,,transportNetwork,Named Road,553170,314885,20000,24000,553104,313030,553465,316704,PE14,http://data.ordnancesurvey.co.uk/id/postcodedistrict/PE14,,,,King's Lynn and West Norfolk,http://data.ordnancesurvey.co.uk/id/7000000000007016,http://data.ordnancesurvey.co.uk/ontology/admingeo/District,Norfolk,http://data.ordnancesurvey.co.uk/id/7000000000007238,http://data.ordnancesurvey.co.uk/ontology/admingeo/County,Eastern,http://data.ordnancesurvey.co.uk/id/7000000000041425,England,http://data.ordnancesurvey.co.uk/id/country/england,,,
osgb4000000026937451,http://data.ordnancesurvey.co.uk/id/4000000026937451,Sixth Avenue,,,,transportNetwork,Named Road,547059,309318,1000,20000,546995,309245,547114,309360,PE13,http://data.ordnancesurvey.co.uk/id/postcodedistrict/PE13,Wisbech,http://data.ordnancesurvey.co.uk/id/4000000074551318,http://www.ordnancesurvey.co.uk/xml/codelists/localtype.xml#town,Fenland,http://data.ordnancesurvey.co.uk/id/7000000000001357,http://data.ordnancesurvey.co.uk/ontology/admingeo/District,Cambridgeshire,http://data.ordnancesurvey.co.uk/id/7000000000001386,http://data.ordnancesurvey.co.uk/ontology/admingeo/County,Eastern,http://data.ordnancesurvey.co.uk/id/7000000000041425,England,http://data.ordnancesurvey.co.uk/id/country/england,,,
osgb4000000026935263,http://data.ordnancesurvey.co.uk/id/4000000026935263,Hotch Lane,,,,transportNetwork,Named Road,553281,313026,7000,20000,552737,312954,553826,313091,PE14,http://data.ordnancesurvey.co.uk/id/postcodedistrict/PE14,,,,King's Lynn and West Norfolk,http://data.ordnancesurvey.co.uk/id/7000000000007016,http://data.ordnancesurvey.co.uk/ontology/admingeo/District,Norfolk,http://data.ordnancesurvey.co.uk/id/7000000000007238,http://data.ordnancesurvey.co.uk/ontology/admingeo/County,Eastern,http://data.ordnancesurvey.co.uk/id/7000000000041425,England,http://data.ordnancesurvey.co.uk/id/country/england,,,
osgb5000005101047148,http://data.ordnancesurvey.co.uk/id/5000005101047148,Bruce Close,,,,transportNetwork,Named Road,546366,308718,1000,20000,546355,308693,546367,308731,PE13,http://data.ordnancesurvey.co.uk/id/postcodedistrict/PE13,Wisbech,http://data.ordnancesurvey.co.uk/id/4000000074551318,http://www.ordnancesurvey.co.uk/xml/codelists/localtype.xml#town,Fenland,http://data.ordnancesurvey.co.uk/id/7000000000001357,http://data.ordnancesurvey.co.uk/ontology/admingeo/District,Cambridgeshire,http://data.ordnancesurvey.co.uk/id/7000000000001386,http://data.ordnancesurvey.co.uk/ontology/admingeo/County,Eastern,http://data.ordnancesurvey.co.uk/id/7000000000041425,England,http://data.ordnancesurvey.co.uk/id/country/england,,,
osgb4000000026933655,http://data.ordnancesurvey.co.uk/id/4000000026933655,The Avenue,,,,transportNetwork,Named Road,557928,313924,6000,20000,557445,313841,558393,313940,PE34,http://data.ordnancesurvey.co.uk/id/postcodedistrict/PE34,,,,King's Lynn and West Norfolk,http://data.ordnancesurvey.co.uk/id/7000000000007016,http://data.ordnancesurvey.co.uk/ontology/admingeo/District,Norfolk,http://data.ordnancesurvey.co.uk/id/7000000000007238,http://data.ordnancesurvey.co.uk/ontology/admingeo/County,Eastern,http://data.ordnancesurvey.co.uk/id/7000000000041425,England,http://data.ordnancesurvey.co.uk/id/country/england,,,
osgb5000005164803229,http://data.ordnancesurvey.co.uk/id/5000005164803229,High Road,,,,transportNetwork,Named Road,547220,307360,2000,20000,547108,307177,547340,307482,PE14,http://data.ordnancesurvey.co.uk/id/postcodedistrict/PE14,Elm,http://data.ordnancesurvey.co.uk/id/4000000074341528,http://www.ordnancesurvey.co.uk/xml/codelists/localtype.xml#village,Fenland,http://data.ordnancesurvey.co.uk/id/7000000000001357,http://data.ordnancesurvey.co.uk/ontology/admingeo/District,Cambridgeshire,http://data.ordnancesurvey.co.uk/id/7000000000001386,http://data.ordnancesurvey.co.uk/ontology/admingeo/County,Eastern,http://data.ordnancesurvey.co.uk/id/7000000000041425,England,http://data.ordnancesurvey.co.uk/id/country/england,,,
osgb4000000026933510,http://data.ordnancesurvey.co.uk/id/4000000026933510,Main Road,,,,transportNetwork,Named Road,546956,306809,4000,20000,546907,306497,547108,307177,PE14,http://data.ordnancesurvey.co.uk/id/postcodedistrict/PE14,Elm,http://data.ordnancesurvey.co.uk/id/4000000074341528,http://www.ordnancesurvey.co.uk/xml/codelists/localtype.xml#village,Fenland,http://data.ordnancesurvey.co.uk/id/7000000000001357,http://data.ordnancesurvey.co.uk/ontology/admingeo/District,Cambridgeshire,http://data.ordnancesurvey.co.uk/id/7000000000001386,http://data.ordnancesurvey.co.uk/ontology/admingeo/County,Eastern,http://data.ordnancesurvey.co.uk/id/7000000000041425,England,http://data.ordnancesurvey.co.uk/id/country/england,,,
c05faf70-27d1-47f7-9bd5-6559e315df11,http://data.ordnancesurvey.co.uk/id/c05faf70-27d1-47f7-9bd5-6559e315df11,Eaudyke Bank,,,,transportNetwork,Section Of Named Road,542934,317024,2000,25000,542800,316783,543184,317110,PE13,http://data.ordnancesurvey.co.uk/id/postcodedistrict/PE13,Tydd St Giles,http://data.ordnancesurvey.co.uk/id/4000000074548770,http://www.ordnancesurvey.co.uk/xml/codelists/localtype.xml#village,Fenland,http://data.ordnancesurvey.co.uk/id/7000000000001357,http://data.ordnancesurvey.co.uk/ontology/admingeo/District,Cambridgeshire,http://data.ordnancesurvey.co.uk/id/7000000000001386,http://data.ordnancesurvey.co.uk/ontology/admingeo/County,Eastern,http://data.ordnancesurvey.co.uk/id/7000000000041425,England,http://data.ordnancesurvey.co.uk/id/country/england,osgb4000000026932362,,
osgb4000000026937336,http://data.ordnancesurvey.co.uk/id/4000000026937336,Townley Close,,,,transportNetwork,Named Road,550764,302598,1000,20000,550680,302517,550850,302689,PE14,http://data.ordnancesurvey.co.uk/id/postcodedistrict/PE14,Upwell,http://data.ordnancesurvey.co.uk/id/4000000074550938,http://www.ordnancesurvey.co.uk/xml/codelists/localtype.xml#village,King's Lynn and West Norfolk,http://data.ordnancesurvey.co.uk/id/7000000000007016,http://data.ordnancesurvey.co.uk/ontology/admingeo/District,Norfolk,http://data.ordnancesurvey.co.uk/id/7000000000007238,http://data.ordnancesurvey.co.uk/ontology/admingeo/County,Eastern,http://data.ordnancesurvey.co.uk/id/7000000000041425,England,http://data.ordnancesurvey.co.uk/id/country/england,,,
osgb5000005223258791,http://data.ordnancesurvey.co.uk/id/5000005223258791,Hope Lane,,,,transportNetwork,Named Road,553076,309937,4000,20000,552781,309650,553312,310233,PE14,http://data.ordnancesurvey.co.uk/id/postcodedistrict/PE14,,,,King's Lynn and West Norfolk,http://data.ordnancesurvey.co.uk/id/7000000000007016,http://data.ordnancesurvey.co.uk/ontology/admingeo/District,Norfolk,http://data.ordnancesurvey.co.uk/id/7000000000007238,http://data.ordnancesurvey.co.uk/ontology/admingeo/County,Eastern,http://data.ordnancesurvey.co.uk/id/7000000000041425,England,http://data.ordnancesurvey.co.uk/id/country/england,,,
osgb4000000026937339,http://data.ordnancesurvey.co.uk/id/4000000026937339,St Clement Close,,,,transportNetwork,Named Road,551295,303514,1000,20000,551253,303480,551377,303568,PE14,http://data.ordnancesurvey.co.uk/id/postcodedistrict/PE14,Outwell,http://data.ordnancesurvey.co.uk/id/4000000074548389,http://www.ordnancesurvey.co.uk/xml/codelists/localtype.xml#village,King's Lynn and West Norfolk,http://data.ordnancesurvey.co.uk/id/7000000000007016,http://data.ordnancesurvey.co.uk/ontology/admingeo/District,Norfolk,http://data.ordnancesurvey.co.uk/id/7000000000007238,http://data.ordnancesurvey.co.uk/ontology/admingeo/County,Eastern,http://data.ordnancesurvey.co.uk/id/7000000000041425,England,http://data.ordnancesurvey.co.uk/id/country/england,,,
osgb4000000026937439,http://data.ordnancesurvey.co.uk/id/4000000026937439,Willow Way,,,,transportNetwork,Named Road,546823,308668,1000,20000,546802,308628,546884,308785,PE13,http://data.ordnancesurvey.co.uk/id/postcodedistrict/PE13,Wisbech,http://data.ordnancesurvey.co.uk/id/4000000074551318,http://www.ordnancesurvey.co.uk/xml/codelists/localtype.xml#town,Fenland,http://data.ordnancesurvey.co.uk/id/7000000000001357,http://data.ordnancesurvey.co.uk/ontology/admingeo/District,Cambridgeshire,http://data.ordnancesurvey.co.uk/id/7000000000001386,http://data.ordnancesurvey.co.uk/ontology/admingeo/County,Eastern,http://data.ordnancesurvey.co.uk/id/7000000000041425,England,http://data.ordnancesurvey.co.uk/id/country/england,,,
osgb4000000026935046,http://data.ordnancesurvey.co.uk/id/4000000026935046,Bardyke Bank,,,,transportNetwork,Named Road,551324,301270,12000,20000,550450,300496,551572,302369,PE14,http://data.ordnancesurvey.co.uk/id/postcodedistrict/PE14,Plaw Field,http://data.ordnancesurvey.co.uk/id/4000000074550937,http://www.ordnancesurvey.co.uk/xml/codelists/localtype.xml#hamlet,King's Lynn and West Norfolk,http://data.ordnancesurvey.co.uk/id/7000000000007016,http://data.ordnancesurvey.co.uk/ontology/admingeo/District,Norfolk,http://data.ordnancesurvey.co.uk/id/7000000000007238,http://data.ordnancesurvey.co.uk/ontology/admingeo/County,Eastern,http://data.ordnancesurvey.co.uk/id/7000000000041425,England,http://data.ordnancesurvey.co.uk/id/country/england,,,
osgb4000000026940352,http://data.ordnancesurvey.co.uk/id/4000000026940352,Oakley Close,,,,transportNetwork,Named Road,547475,309476,1000,20000,547427,309449,547514,309504,PE13,http://data.ordnancesurvey.co.uk/id/postcodedistrict/PE13,Wisbech,http://data.ordnancesurvey.co.uk/id/4000000074551318,http://www.ordnancesurvey.co.uk/xml/codelists/localtype.xml#town,Fenland,http://data.ordnancesurvey.co.uk/id/7000000000001357,http://data.ordnancesurvey.co.uk/ontology/admingeo/District,Cambridgeshire,http://data.ordnancesurvey.co.uk/id/7000000000001386,http://data.ordnancesurvey.co.uk/ontology/admingeo/County,Eastern,http://data.ordnancesurvey.co.uk/id/7000000000041425,England,http://data.ordnancesurvey.co.uk/id/country/england,,,
osgb4000000026935264,http://data.ordnancesurvey.co.uk/id/4000000026935264,Church Road,,,,transportNetwork,Named Road,554977,314568,10000,20000,554717,313810,555161,315320,PE34,http://data.ordnancesurvey.co.uk/id/postcodedistrict/PE34,Tilney St Lawrence,http://data.ordnancesurvey.co.uk/id/4000000074550579,http://www.ordnancesurvey.co.uk/xml/codelists/localtype.xml#village,King's Lynn and West Norfolk,http://data.ordnancesurvey.co.uk/id/7000000000007016,http://data.ordnancesurvey.co.uk/ontology/admingeo/District,Norfolk,http://data.ordnancesurvey.co.uk/id/7000000000007238,http://data.ordnancesurvey.co.uk/ontology/admingeo/County,Eastern,http://data.ordnancesurvey.co.uk/id/7000000000041425,England,http://data.ordnancesurvey.co.uk/id/country/england,,,
osgb4000000026935311,http://data.ordnancesurvey.co.uk/id/4000000026935311,Fallow Pipe Road,,,,transportNetwork,Named Road,559468,315452,3000,20000,559255,315327,559713,315793,PE34,http://data.ordnancesurvey.co.uk/id/postcodedistrict/PE34,,,,King's Lynn and West Norfolk,http://data.ordnancesurvey.co.uk/id/7000000000007016,http://data.ordnancesurvey.co.uk/ontology/admingeo/District,Norfolk,http://data.ordnancesurvey.co.uk/id/7000000000007238,http://data.ordnancesurvey.co.uk/ontology/admingeo/County,Eastern,http://data.ordnancesurvey.co.uk/id/7000000000041425,England,http://data.ordnancesurvey.co.uk/id/country/england,,,
osgb4000000026940403,http://data.ordnancesurvey.co.uk/id/4000000026940403,Hawkins Drive,,,,transportNetwork,Named Road,547415,310008,1000,20000,547357,309961,547492,310057,PE13,http://data.ordnancesurvey.co.uk/id/postcodedistrict/PE13,Wisbech,http://data.ordnancesurvey.co.uk/id/4000000074551318,http://www.ordnancesurvey.co.uk/xml/codelists/localtype.xml#town,Fenland,http://data.ordnancesurvey.co.uk/id/7000000000001357,http://data.ordnancesurvey.co.uk/ontology/admingeo/District,Cambridgeshire,http://data.ordnancesurvey.co.uk/id/7000000000001386,http://data.ordnancesurvey.co.uk/ontology/admingeo/County,Eastern,http://data.ordnancesurvey.co.uk/id/7000000000041425,England,http://data.ordnancesurvey.co.uk/id/country/england,,,
osgb4000000026997149,http://data.ordnancesurvey.co.uk/id/4000000026997149,Thurloe Close,,,,transportNetwork,Named Road,546316,308037,1000,20000,546280,308037,546316,308088,PE13,http://data.ordnancesurvey.co.uk/id/postcodedistrict/PE13,Wisbech,http://data.ordnancesurvey.co.uk/id/4000000074551318,http://www.ordnancesurvey.co.uk/xml/codelists/localtype.xml#town,Fenland,http://data.ordnancesurvey.co.uk/id/7000000000001357,http://data.ordnancesurvey.co.uk/ontology/admingeo/District,Cambridgeshire,http://data.ordnancesurvey.co.uk/id/7000000000001386,http://data.ordnancesurvey.co.uk/ontology/admingeo/County,Eastern,http://data.ordnancesurvey.co.uk/id/7000000000041425,England,http://data.ordnancesurvey.co.uk/id/country/england,,,
osgb4000000026940319,http://data.ordnancesurvey.co.uk/id/4000000026940319,Blenheim Way,,,,transportNetwork,Named Road,547299,308372,1000,20000,547292,308336,547299,308398,PE13,http://data.ordnancesurvey.co.uk/id/postcodedistrict/PE13,Wisbech,http://data.ordnancesurvey.co.uk/id/4000000074551318,http://www.ordnancesurvey.co.uk/xml/codelists/localtype.xml#town,Fenland,http://data.ordnancesurvey.co.uk/id/7000000000001357,http://data.ordnancesurvey.co.uk/ontology/admingeo/District,Cambridgeshire,http://data.ordnancesurvey.co.uk/id/7000000000001386,http://data.ordnancesurvey.co.uk/ontology/admingeo/County,Eastern,http://data.ordnancesurvey.co.uk/id/7000000000041425,England,http://data.ordnancesurvey.co.uk/id/country/england,,,
osgb4000000026937484,http://data.ordnancesurvey.co.uk/id/4000000026937484,Maysfield Drive,,,,transportNetwork,Named Road,544265,311601,1000,20000,544200,311595,544320,311622,PE13,http://data.ordnancesurvey.co.uk/id/postcodedistrict/PE13,Leverington,http://data.ordnancesurvey.co.uk/id/4000000074551313,http://www.ordnancesurvey.co.uk/xml/codelists/localtype.xml#village,Fenland,http://data.ordnancesurvey.co.uk/id/7000000000001357,http://data.ordnancesurvey.co.uk/ontology/admingeo/District,Cambridgeshire,http://data.ordnancesurvey.co.uk/id/7000000000001386,http://data.ordnancesurvey.co.uk/ontology/admingeo/County,Eastern,http://data.ordnancesurvey.co.uk/id/7000000000041425,England,http://data.ordnancesurvey.co.uk/id/country/england,,,
osgb4000000026933507,http://data.ordnancesurvey.co.uk/id/4000000026933507,Boleness Road,,,,transportNetwork,Named Road,545987,308013,5000,20000,545613,307652,546387,308370,PE13,http://data.ordnancesurvey.co.uk/id/postcodedistrict/PE13,Wisbech,http://data.ordnancesurvey.co.uk/id/4000000074551318,http://www.ordnancesurvey.co.uk/xml/codelists/localtype.xml#town,Fenland,http://data.ordnancesurvey.co.uk/id/7000000000001357,http://data.ordnancesurvey.co.uk/ontology/admingeo/District,Cambridgeshire,http://data.ordnancesurvey.co.uk/id/7000000000001386,http://data.ordnancesurvey.co.uk/ontology/admingeo/County,Eastern,http://data.ordnancesurvey.co.uk/id/7000000000041425,England,http://data.ordnancesurvey.co.uk/id/country/england,,,
a139fa2d-8709-4aed-84f1-4dcc67f91e74,http://data.ordnancesurvey.co.uk/id/a139fa2d-8709-4aed-84f1-4dcc67f91e74,New Road,,,,transportNetwork,Section Of Named Road,550999,301490,1000,25000,550963,301408,551010,301562,PE14,http://data.ordnancesurvey.co.uk/id/postcodedistrict/PE14,Plaw Field,http://data.ordnancesurvey.co.uk/id/4000000074550937,http://www.ordnancesurvey.co.uk/xml/codelists/localtype.xml#hamlet,King's Lynn and West Norfolk,http://data.ordnancesurvey.co.uk/id/7000000000007016,http://data.ordnancesurvey.co.uk/ontology/admingeo/District,Norfolk,http://data.ordnancesurvey.co.uk/id/7000000000007238,http://data.ordnancesurvey.co.uk/ontology/admingeo/County,Eastern,http://data.ordnancesurvey.co.uk/id/7000000000041425,England,http://data.ordnancesurvey.co.uk/id/country/england,osgb4000000027017886,,
9988bc03-8ada-4d38-9521-4d038d2cd1c4,http://data.ordnancesurvey.co.uk/id/9988bc03-8ada-4d38-9521-4d038d2cd1c4,Croft Road,,,,transportNetwork,Section Of Named Road,549708,300593,3000,25000,549505,300537,550007,300774,PE14,http://data.ordnancesurvey.co.uk/id/postcodedistrict/PE14,Upwell,http://data.ordnancesurvey.co.uk/id/4000000074550938,http://www.ordnancesurvey.co.uk/xml/codelists/localtype.xml#village,King's Lynn and West Norfolk,http://data.ordnancesurvey.co.uk/id/7000000000007016,http://data.ordnancesurvey.co.uk/ontology/admingeo/District,Norfolk,http://data.ordnancesurvey.co.uk/id/7000000000007238,http://data.ordnancesurvey.co.uk/ontology/admingeo/County,Eastern,http://data.ordnancesurvey.co.uk/id/7000000000041425,England,http://data.ordnancesurvey.co.uk/id/country/england,osgb4000000026932216,,
osgb4000000026932367,http://data.ordnancesurvey.co.uk/id/4000000026932367,Swain's Drove,,,,transportNetwork,Named Road,545561,317401,7000,20000,545059,317390,546081,317714,PE13,http://data.ordnancesurvey.co.uk/id/postcodedistrict/PE13,,,,Fenland,http://data.ordnancesurvey.co.uk/id/7000000000001357,http://data.ordnancesurvey.co.uk/ontology/admingeo/District,Cambridgeshire,http://data.ordnancesurvey.co.uk/id/7000000000001386,http://data.ordnancesurvey.co.uk/ontology/admingeo/County,Eastern,http://data.ordnancesurvey.co.uk/id/7000000000041425,England,http://data.ordnancesurvey.co.uk/id/country/england,,,
osgb4000000026940302,http://data.ordnancesurvey.co.uk/id/4000000026940302,St Mary's Close,,,,transportNetwork,Named Road,542284,308097,1000,20000,542236,308052,542320,308164,PE13,http://data.ordnancesurvey.co.uk/id/postcodedistrict/PE13,Wisbech St Mary,http://data.ordnancesurvey.co.uk/id/4000000074551315,http://www.ordnancesurvey.co.uk/xml/codelists/localtype.xml#village,Fenland,http://data.ordnancesurvey.co.uk/id/7000000000001357,http://data.ordnancesurvey.co.uk/ontology/admingeo/District,Cambridgeshire,http://data.ordnancesurvey.co.uk/id/7000000000001386,http://data.ordnancesurvey.co.uk/ontology/admingeo/County,Eastern,http://data.ordnancesurvey.co.uk/id/7000000000041425,England,http://data.ordnancesurvey.co.uk/id/country/england,,,
e54fd207-eeb2-40cb-9875-58bf1fb0b635,http://data.ordnancesurvey.co.uk/id/e54fd207-eeb2-40cb-9875-58bf1fb0b635,Gunthorpe Road,,,,transportNetwork,Section Of Named Road,548139,317974,2000,25000,548011,317941,548268,318007,PE14,http://data.ordnancesurvey.co.uk/id/postcodedistrict/PE14,Walpole Marsh,http://data.ordnancesurvey.co.uk/id/4000000074548407,http://www.ordnancesurvey.co.uk/xml/codelists/localtype.xml#village,South Holland,http://data.ordnancesurvey.co.uk/id/7000000000005599,http://data.ordnancesurvey.co.uk/ontology/admingeo/District,Lincolnshire,http://data.ordnancesurvey.co.uk/id/7000000000005942,http://data.ordnancesurvey.co.uk/ontology/admingeo/County,East Midlands,http://data.ordnancesurvey.co.uk/id/7000000000041423,England,http://data.ordnancesurvey.co.uk/id/country/england,osgb4000000026932368,,
55b18665-15a9-4bb7-8372-a9b7b9f3d9bd,http://data.ordnancesurvey.co.uk/id/55b18665-15a9-4bb7-8372-a9b7b9f3d9bd,Wendales Close,,,,transportNetwork,Section Of Named Road,550689,317451,1000,25000,550622,317423,550729,317472,PE14,http://data.ordnancesurvey.co.uk/id/postcodedistrict/PE14,Walpole St Peter,http://data.ordnancesurvey.co.uk/id/4000000074550943,http://www.ordnancesurvey.co.uk/xml/codelists/localtype.xml#village,King's Lynn and West Norfolk,http://data.ordnancesurvey.co.uk/id/7000000000007016,http://data.ordnancesurvey.co.uk/ontology/admingeo/District,Norfolk,http://data.ordnancesurvey.co.uk/id/7000000000007238,http://data.ordnancesurvey.co.uk/ontology/admingeo/County,Eastern,http://data.ordnancesurvey.co.uk/id/7000000000041425,England,http://data.ordnancesurvey.co.uk/id/country/england,osgb5000005110891334,,
osgb4000000027001423,http://data.ordnancesurvey.co.uk/id/4000000027001423,St Pauls Road North,,,,transportNetwork,Named Road,549387,312869,3000,20000,549202,312637,549585,313082,PE14,http://data.ordnancesurvey.co.uk/id/postcodedistrict/PE14,Walton Highway,http://data.ordnancesurvey.co.uk/id/4000000074552040,http://www.ordnancesurvey.co.uk/xml/codelists/localtype.xml#village,King's Lynn and West Norfolk,http://data.ordnancesurvey.co.uk/id/7000000000007016,http://data.ordnancesurvey.co.uk/ontology/admingeo/District,Norfolk,http://data.ordnancesurvey.co.uk/id/7000000000007238,http://data.ordnancesurvey.co.uk/ontology/admingeo/County,Eastern,http://data.ordnancesurvey.co.uk/id/7000000000041425,England,http://data.ordnancesurvey.co.uk/id/country/england,,,
osgb4000000026940359,http://data.ordnancesurvey.co.uk/id/4000000026940359,Pear Tree Crescent,,,,transportNetwork,Named Road,544023,310738,1000,20000,544001,310690,544035,310772,PE13,http://data.ordnancesurvey.co.uk/id/postcodedistrict/PE13,Leverington,http://data.ordnancesurvey.co.uk/id/4000000074551313,http://www.ordnancesurvey.co.uk/xml/codelists/localtype.xml#village,Fenland,http://data.ordnancesurvey.co.uk/id/7000000000001357,http://data.ordnancesurvey.co.uk/ontology/admingeo/District,Cambridgeshire,http://data.ordnancesurvey.co.uk/id/7000000000001386,http://data.ordnancesurvey.co.uk/ontology/admingeo/County,Eastern,http://data.ordnancesurvey.co.uk/id/7000000000041425,England,http://data.ordnancesurvey.co.uk/id/country/england,,,
osgb4000000026937608,http://data.ordnancesurvey.co.uk/id/4000000026937608,Church Road,,,,transportNetwork,Named Road,548699,307382,11000,20000,547862,307253,549503,307490,PE14,http://data.ordnancesurvey.co.uk/id/postcodedistrict/PE14,Emneth,http://data.ordnancesurvey.co.uk/id/4000000074550948,http://www.ordnancesurvey.co.uk/xml/codelists/localtype.xml#village,King's Lynn and West Norfolk,http://data.ordnancesurvey.co.uk/id/7000000000007016,http://data.ordnancesurvey.co.uk/ontology/admingeo/District,Norfolk,http://data.ordnancesurvey.co.uk/id/7000000000007238,http://data.ordnancesurvey.co.uk/ontology/admingeo/County,Eastern,http://data.ordnancesurvey.co.uk/id/7000000000041425,England,http://data.ordnancesurvey.co.uk/id/country/england,,,
0855049e-3c78-422b-b864-707c177b1891,http://data.ordnancesurvey.co.uk/id/0855049e-3c78-422b-b864-707c177b1891,Common Road,,,,transportNetwork,Section Of Named Road,549259,312642,2000,25000,549090,312458,549443,312842,PE14,http://data.ordnancesurvey.co.uk/id/postcodedistrict/PE14,Walton Highway,http://data.ordnancesurvey.co.uk/id/4000000074552040,http://www.ordnancesurvey.co.uk/xml/codelists/localtype.xml#village,King's Lynn and West Norfolk,http://data.ordnancesurvey.co.uk/id/7000000000007016,http://data.ordnancesurvey.co.uk/ontology/admingeo/District,Norfolk,http://data.ordnancesurvey.co.uk/id/7000000000007238,http://data.ordnancesurvey.co.uk/ontology/admingeo/County,Eastern,http://data.ordnancesurvey.co.uk/id/7000000000041425,England,http://data.ordnancesurvey.co.uk/id/country/england,osgb4000000026935259,,
osgb4000000026937475,http://data.ordnancesurvey.co.uk/id/4000000026937475,Summerfield Close,,,,transportNetwork,Named Road,545390,310260,1000,20000,545274,310231,545483,310282,PE13,http://data.ordnancesurvey.co.uk/id/postcodedistrict/PE13,Wisbech,http://data.ordnancesurvey.co.uk/id/4000000074551318,http://www.ordnancesurvey.co.uk/xml/codelists/localtype.xml#town,Fenland,http://data.ordnancesurvey.co.uk/id/7000000000001357,http://data.ordnancesurvey.co.uk/ontology/admingeo/District,Cambridgeshire,http://data.ordnancesurvey.co.uk/id/7000000000001386,http://data.ordnancesurvey.co.uk/ontology/admingeo/County,Eastern,http://data.ordnancesurvey.co.uk/id/7000000000041425,England,http://data.ordnancesurvey.co.uk/id/country/england,,,
osgb4000000026933503,http://data.ordnancesurvey.co.uk/id/4000000026933503,Redmoor Lane,,,,transportNetwork,Named Road,545210,306888,7000,20000,544711,306310,545641,307403,PE14,http://data.ordnancesurvey.co.uk/id/postcodedistrict/PE14,,,,Fenland,http://data.ordnancesurvey.co.uk/id/7000000000001357,http://data.ordnancesurvey.co.uk/ontology/admingeo/District,Cambridgeshire,http://data.ordnancesurvey.co.uk/id/7000000000001386,http://data.ordnancesurvey.co.uk/ontology/admingeo/County,Eastern,http://data.ordnancesurvey.co.uk/id/7000000000041425,England,http://data.ordnancesurvey.co.uk/id/country/england,,,
osgb5000005232423933,http://data.ordnancesurvey.co.uk/id/5000005232423933,Common Drove,,,,transportNetwork,Named Road,559653,306943,8000,20000,558971,306663,560150,307466,PE34,http://data.ordnancesurvey.co.uk/id/postcodedistrict/PE34,,,,King's Lynn and West Norfolk,http://data.ordnancesurvey.co.uk/id/7000000000007016,http://data.ordnancesurvey.co.uk/ontology/admingeo/District,Norfolk,http://data.ordnancesurvey.co.uk/id/7000000000007238,http://data.ordnancesurvey.co.uk/ontology/admingeo/County,Eastern,http://data.ordnancesurvey.co.uk/id/7000000000041425,England,http://data.ordnancesurvey.co.uk/id/country/england,,,
osgb4000000026937474,http://data.ordnancesurvey.co.uk/id/4000000026937474,Milton Drive,,,,transportNetwork,Named Road,544458,310961,1000,20000,544358,310956,544551,310983,PE13,http://data.ordnancesurvey.co.uk/id/postcodedistrict/PE13,Leverington,http://data.ordnancesurvey.co.uk/id/4000000074551313,http://www.ordnancesurvey.co.uk/xml/codelists/localtype.xml#village,Fenland,http://data.ordnancesurvey.co.uk/id/7000000000001357,http://data.ordnancesurvey.co.uk/ontology/admingeo/District,Cambridgeshire,http://data.ordnancesurvey.co.uk/id/7000000000001386,http://data.ordnancesurvey.co.uk/ontology/admingeo/County,Eastern,http://data.ordnancesurvey.co.uk/id/7000000000041425,England,http://data.ordnancesurvey.co.uk/id/country/england,,,
osgb4000000026940392,http://data.ordnancesurvey.co.uk/id/4000000026940392,Maple Avenue,,,,transportNetwork,Named Road,546262,310794,1000,20000,546262,310794,546347,310804,PE13,http://data.ordnancesurvey.co.uk/id/postcodedistrict/PE13,Wisbech,http://data.ordnancesurvey.co.uk/id/4000000074551318,http://www.ordnancesurvey.co.uk/xml/codelists/localtype.xml#town,Fenland,http://data.ordnancesurvey.co.uk/id/7000000000001357,http://data.ordnancesurvey.co.uk/ontology/admingeo/District,Cambridgeshire,http://data.ordnancesurvey.co.uk/id/7000000000001386,http://data.ordnancesurvey.co.uk/ontology/admingeo/County,Eastern,http://data.ordnancesurvey.co.uk/id/7000000000041425,England,http://data.ordnancesurvey.co.uk/id/country/england,,,
osgb4000000026933691,http://data.ordnancesurvey.co.uk/id/4000000026933691,Shepherdsgate Road,,,,transportNetwork,Named Road,555752,317828,7000,20000,555209,317274,556230,318262,PE34,http://data.ordnancesurvey.co.uk/id/postcodedistrict/PE34,Shepherds' Gate,http://data.ordnancesurvey.co.uk/id/4000000074543173,http://www.ordnancesurvey.co.uk/xml/codelists/localtype.xml#otherSettlement,King's Lynn and West Norfolk,http://data.ordnancesurvey.co.uk/id/7000000000007016,http://data.ordnancesurvey.co.uk/ontology/admingeo/District,Norfolk,http://data.ordnancesurvey.co.uk/id/7000000000007238,http://data.ordnancesurvey.co.uk/ontology/admingeo/County,Eastern,http://data.ordnancesurvey.co.uk/id/7000000000041425,England,http://data.ordnancesurvey.co.uk/id/country/england,,,
osgb4000000026933685,http://data.ordnancesurvey.co.uk/id/4000000026933685,Walpole Lane,,,,transportNetwork,Named Road,551973,317563,4000,20000,551684,317377,552235,317762,PE14,http://data.ordnancesurvey.co.uk/id/postcodedistrict/PE14,,,,King's Lynn and West Norfolk,http://data.ordnancesurvey.co.uk/id/7000000000007016,http://data.ordnancesurvey.co.uk/ontology/admingeo/District,Norfolk,http://data.ordnancesurvey.co.uk/id/7000000000007238,http://data.ordnancesurvey.co.uk/ontology/admingeo/County,Eastern,http://data.ordnancesurvey.co.uk/id/7000000000041425,England,http://data.ordnancesurvey.co.uk/id/country/england,,,
osgb4000000026937457,http://data.ordnancesurvey.co.uk/id/4000000026937457,Wedgwood Drive,,,,transportNetwork,Named Road,546830,309558,1000,20000,546775,309482,546902,309629,PE13,http://data.ordnancesurvey.co.uk/id/postcodedistrict/PE13,Wisbech,http://data.ordnancesurvey.co.uk/id/4000000074551318,http://www.ordnancesurvey.co.uk/xml/codelists/localtype.xml#town,Fenland,http://data.ordnancesurvey.co.uk/id/7000000000001357,http://data.ordnancesurvey.co.uk/ontology/admingeo/District,Cambridgeshire,http://data.ordnancesurvey.co.uk/id/7000000000001386,http://data.ordnancesurvey.co.uk/ontology/admingeo/County,Eastern,http://data.ordnancesurvey.co.uk/id/7000000000041425,England,http://data.ordnancesurvey.co.uk/id/country/england,,,
osgb4000000026942749,http://data.ordnancesurvey.co.uk/id/4000000026942749,Chestnut Road,,,,transportNetwork,Named Road,546218,309173,1000,20000,546208,309152,546235,309199,PE13,http://data.ordnancesurvey.co.uk/id/postcodedistrict/PE13,Wisbech,http://data.ordnancesurvey.co.uk/id/4000000074551318,http://www.ordnancesurvey.co.uk/xml/codelists/localtype.xml#town,Fenland,http://data.ordnancesurvey.co.uk/id/7000000000001357,http://data.ordnancesurvey.co.uk/ontology/admingeo/District,Cambridgeshire,http://data.ordnancesurvey.co.uk/id/7000000000001386,http://data.ordnancesurvey.co.uk/ontology/admingeo/County,Eastern,http://data.ordnancesurvey.co.uk/id/7000000000041425,England,http://data.ordnancesurvey.co.uk/id/country/england,,,
fe118625-c866-46dd-b32a-2b41c29bdaed,http://data.ordnancesurvey.co.uk/id/fe118625-c866-46dd-b32a-2b41c29bdaed,Leverington Common,,,,transportNetwork,Section Of Named Road,543769,310637,10000,25000,543025,310400,544524,310802,PE13,http://data.ordnancesurvey.co.uk/id/postcodedistrict/PE13,Leverington,http://data.ordnancesurvey.co.uk/id/4000000074551313,http://www.ordnancesurvey.co.uk/xml/codelists/localtype.xml#village,Fenland,http://data.ordnancesurvey.co.uk/id/7000000000001357,http://data.ordnancesurvey.co.uk/ontology/admingeo/District,Cambridgeshire,http://data.ordnancesurvey.co.uk/id/7000000000001386,http://data.ordnancesurvey.co.uk/ontology/admingeo/County,Eastern,http://data.ordnancesurvey.co.uk/id/7000000000041425,England,http://data.ordnancesurvey.co.uk/id/country/england,osgb4000000026931585,,
b102e8c5-068c-43f5-abcc-2cf169ff999c,http://data.ordnancesurvey.co.uk/id/b102e8c5-068c-43f5-abcc-2cf169ff999c,Main Road,,,,transportNetwork,Section Of Named Road,553741,314393,3000,25000,553494,314338,553998,314438,PE14,http://data.ordnancesurvey.co.uk/id/postcodedistrict/PE14,Terrington St John,http://data.ordnancesurvey.co.uk/id/4000000074550941,http://www.ordnancesurvey.co.uk/xml/codelists/localtype.xml#village,King's Lynn and West Norfolk,http://data.ordnancesurvey.co.uk/id/7000000000007016,http://data.ordnancesurvey.co.uk/ontology/admingeo/District,Norfolk,http://data.ordnancesurvey.co.uk/id/7000000000007238,http://data.ordnancesurvey.co.uk/ontology/admingeo/County,Eastern,http://data.ordnancesurvey.co.uk/id/7000000000041425,England,http://data.ordnancesurvey.co.uk/id/country/england,osgb4000000026931771,,
e01c0db2-5adc-4130-a816-9240e8bb4940,http://data.ordnancesurvey.co.uk/id/e01c0db2-5adc-4130-a816-9240e8bb4940,West Head Road,,,,transportNetwork,Section Of Named Road,559955,306750,8000,25000,559438,306360,560640,307020,PE34,http://data.ordnancesurvey.co.uk/id/postcodedistrict/PE34,Stow Bridge,http://data.ordnancesurvey.co.uk/id/4000000074541371,http://www.ordnancesurvey.co.uk/xml/codelists/localtype.xml#village,King's Lynn and West Norfolk,http://data.ordnancesurvey.co.uk/id/7000000000007016,http://data.ordnancesurvey.co.uk/ontology/admingeo/District,Norfolk,http://data.ordnancesurvey.co.uk/id/7000000000007238,http://data.ordnancesurvey.co.uk/ontology/admingeo/County,Eastern,http://data.ordnancesurvey.co.uk/id/7000000000041425,England,http://data.ordnancesurvey.co.uk/id/country/england,osgb4000000026935256,,
osgb5000005238550611,http://data.ordnancesurvey.co.uk/id/5000005238550611,Harpers Court,,,,transportNetwork,Named Road,549656,307016,1000,20000,549605,307012,549685,307053,PE14,http://data.ordnancesurvey.co.uk/id/postcodedistrict/PE14,Emneth,http://data.ordnancesurvey.co.uk/id/4000000074550948,http://www.ordnancesurvey.co.uk/xml/codelists/localtype.xml#village,King's Lynn and West Norfolk,http://data.ordnancesurvey.co.uk/id/7000000000007016,http://data.ordnancesurvey.co.uk/ontology/admingeo/District,Norfolk,http://data.ordnancesurvey.co.uk/id/7000000000007238,http://data.ordnancesurvey.co.uk/ontology/admingeo/County,Eastern,http://data.ordnancesurvey.co.uk/id/7000000000041425,England,http://data.ordnancesurvey.co.uk/id/country/england,,,
osgb4000000026933519,http://data.ordnancesurvey.co.uk/id/4000000026933519,Bird's Drove,,,,transportNetwork,Named Road,540998,310264,3000,20000,540813,310258,541296,310275,PE13,http://data.ordnancesurvey.co.uk/id/postcodedistrict/PE13,,,,Fenland,http://data.ordnancesurvey.co.uk/id/7000000000001357,http://data.ordnancesurvey.co.uk/ontology/admingeo/District,Cambridgeshire,http://data.ordnancesurvey.co.uk/id/7000000000001386,http://data.ordnancesurvey.co.uk/ontology/admingeo/County,Eastern,http://data.ordnancesurvey.co.uk/id/7000000000041425,England,http://data.ordnancesurvey.co.uk/id/country/england,,,
osgb4000000026931763,http://data.ordnancesurvey.co.uk/id/4000000026931763,School Road,,,,transportNetwork,Named Road,553377,309245,16000,20000,552388,308718,554791,309915,PE14,http://data.ordnancesurvey.co.uk/id/postcodedistrict/PE14,,,,King's Lynn and West Norfolk,http://data.ordnancesurvey.co.uk/id/7000000000007016,http://data.ordnancesurvey.co.uk/ontology/admingeo/District,Norfolk,http://data.ordnancesurvey.co.uk/id/7000000000007238,http://data.ordnancesurvey.co.uk/ontology/admingeo/County,Eastern,http://data.ordnancesurvey.co.uk/id/7000000000041425,England,http://data.ordnancesurvey.co.uk/id/country/england,,,
osgb4000000026933447,http://data.ordnancesurvey.co.uk/id/4000000026933447,Pius Drove,,,,transportNetwork,Named Road,550587,303378,4000,20000,550340,303109,550804,303655,PE14,http://data.ordnancesurvey.co.uk/id/postcodedistrict/PE14,Upwell,http://data.ordnancesurvey.co.uk/id/4000000074550938,http://www.ordnancesurvey.co.uk/xml/codelists/localtype.xml#village,King's Lynn and West Norfolk,http://data.ordnancesurvey.co.uk/id/7000000000007016,http://data.ordnancesurvey.co.uk/ontology/admingeo/District,Norfolk,http://data.ordnancesurvey.co.uk/id/7000000000007238,http://data.ordnancesurvey.co.uk/ontology/admingeo/County,Eastern,http://data.ordnancesurvey.co.uk/id/7000000000041425,England,http://data.ordnancesurvey.co.uk/id/country/england,,,
osgb4000000026940338,http://data.ordnancesurvey.co.uk/id/4000000026940338,Market Mews,,,,transportNetwork,Named Road,546227,309689,1000,20000,546187,309664,546280,309708,PE13,http://data.ordnancesurvey.co.uk/id/postcodedistrict/PE13,Wisbech,http://data.ordnancesurvey.co.uk/id/4000000074551318,http://www.ordnancesurvey.co.uk/xml/codelists/localtype.xml#town,Fenland,http://data.ordnancesurvey.co.uk/id/7000000000001357,http://data.ordnancesurvey.co.uk/ontology/admingeo/District,Cambridgeshire,http://data.ordnancesurvey.co.uk/id/7000000000001386,http://data.ordnancesurvey.co.uk/ontology/admingeo/County,Eastern,http://data.ordnancesurvey.co.uk/id/7000000000041425,England,http://data.ordnancesurvey.co.uk/id/country/england,,,
9ea1fd06-100e-4e23-bb2f-791f2a0cc379,http://data.ordnancesurvey.co.uk/id/9ea1fd06-100e-4e23-bb2f-791f2a0cc379,Outwell Road,,,,transportNetwork,Section Of Named Road,549775,305518,3000,25000,549668,305320,549995,305763,PE14,http://data.ordnancesurvey.co.uk/id/postcodedistrict/PE14,Boyces Bridge,http://data.ordnancesurvey.co.uk/id/4000000074327983,http://www.ordnancesurvey.co.uk/xml/codelists/localtype.xml#hamlet,King's Lynn and West Norfolk,http://data.ordnancesurvey.co.uk/id/7000000000007016,http://data.ordnancesurvey.co.uk/ontology/admingeo/District,Norfolk,http://data.ordnancesurvey.co.uk/id/7000000000007238,http://data.ordnancesurvey.co.uk/ontology/admingeo/County,Eastern,http://data.ordnancesurvey.co.uk/id/7000000000041425,England,http://data.ordnancesurvey.co.uk/id/country/england,osgb4000000026935250,,
osgb4000000026935165,http://data.ordnancesurvey.co.uk/id/4000000026935165,Ollard Avenue,,,,transportNetwork,Named Road,546875,310857,3000,20000,546666,310827,547098,310868,PE13,http://data.ordnancesurvey.co.uk/id/postcodedistrict/PE13,Wisbech,http://data.ordnancesurvey.co.uk/id/4000000074551318,http://www.ordnancesurvey.co.uk/xml/codelists/localtype.xml#town,Fenland,http://data.ordnancesurvey.co.uk/id/7000000000001357,http://data.ordnancesurvey.co.uk/ontology/admingeo/District,Cambridgeshire,http://data.ordnancesurvey.co.uk/id/7000000000001386,http://data.ordnancesurvey.co.uk/ontology/admingeo/County,Eastern,http://data.ordnancesurvey.co.uk/id/7000000000041425,England,http://data.ordnancesurvey.co.uk/id/country/england,,,
88fae4df-e845-4757-b6da-a15b56a4a948,http://data.ordnancesurvey.co.uk/id/88fae4df-e845-4757-b6da-a15b56a4a948,Trinity Road,,,,transportNetwork,Section Of Named Road,551930,313391,1000,25000,551897,313333,551960,313445,PE14,http://data.ordnancesurvey.co.uk/id/postcodedistrict/PE14,Walpole Highway,http://data.ordnancesurvey.co.uk/id/4000000074550945,http://www.ordnancesurvey.co.uk/xml/codelists/localtype.xml#village,King's Lynn and West Norfolk,http://data.ordnancesurvey.co.uk/id/7000000000007016,http://data.ordnancesurvey.co.uk/ontology/admingeo/District,Norfolk,http://data.ordnancesurvey.co.uk/id/7000000000007238,http://data.ordnancesurvey.co.uk/ontology/admingeo/County,Eastern,http://data.ordnancesurvey.co.uk/id/7000000000041425,England,http://data.ordnancesurvey.co.uk/id/country/england,osgb4000000026935261,,
osgb4000000026940304,http://data.ordnancesurvey.co.uk/id/4000000026940304,Ingle Road,,,,transportNetwork,Named Road,547070,306369,1000,20000,547038,306285,547100,306375,PE14,http://data.ordnancesurvey.co.uk/id/postcodedistrict/PE14,Elm,http://data.ordnancesurvey.co.uk/id/4000000074341528,http://www.ordnancesurvey.co.uk/xml/codelists/localtype.xml#village,Fenland,http://data.ordnancesurvey.co.uk/id/7000000000001357,http://data.ordnancesurvey.co.uk/ontology/admingeo/District,Cambridgeshire,http://data.ordnancesurvey.co.uk/id/7000000000001386,http://data.ordnancesurvey.co.uk/ontology/admingeo/County,Eastern,http://data.ordnancesurvey.co.uk/id/7000000000041425,England,http://data.ordnancesurvey.co.uk/id/country/england,,,
9ea4a931-fa16-4b87-ba34-fa9a31eb6835,http://data.ordnancesurvey.co.uk/id/9ea4a931-fa16-4b87-ba34-fa9a31eb6835,Stickfast Lane,,,,transportNetwork,Section Of Named Road,550219,317014,1000,25000,550165,316938,550240,317037,PE14,http://data.ordnancesurvey.co.uk/id/postcodedistrict/PE14,Walpole St Peter,http://data.ordnancesurvey.co.uk/id/4000000074550943,http://www.ordnancesurvey.co.uk/xml/codelists/localtype.xml#village,King's Lynn and West Norfolk,http://data.ordnancesurvey.co.uk/id/7000000000007016,http://data.ordnancesurvey.co.uk/ontology/admingeo/District,Norfolk,http://data.ordnancesurvey.co.uk/id/7000000000007238,http://data.ordnancesurvey.co.uk/ontology/admingeo/County,Eastern,http://data.ordnancesurvey.co.uk/id/7000000000041425,England,http://data.ordnancesurvey.co.uk/id/country/england,osgb5000005232276636,,
osgb5000005197064731,http://data.ordnancesurvey.co.uk/id/5000005197064731,The Dale,,,,transportNetwork,Named Road,546685,306916,1000,20000,546664,306866,546686,306957,PE14,http://data.ordnancesurvey.co.uk/id/postcodedistrict/PE14,Elm,http://data.ordnancesurvey.co.uk/id/4000000074341528,http://www.ordnancesurvey.co.uk/xml/codelists/localtype.xml#village,Fenland,http://data.ordnancesurvey.co.uk/id/7000000000001357,http://data.ordnancesurvey.co.uk/ontology/admingeo/District,Cambridgeshire,http://data.ordnancesurvey.co.uk/id/7000000000001386,http://data.ordnancesurvey.co.uk/ontology/admingeo/County,Eastern,http://data.ordnancesurvey.co.uk/id/7000000000041425,England,http://data.ordnancesurvey.co.uk/id/country/england,,,
osgb5000005232449493,http://data.ordnancesurvey.co.uk/id/5000005232449493,Poplar Row Drove,,,,transportNetwork,Named Road,553246,301916,7000,20000,552833,301415,553666,302448,PE14,http://data.ordnancesurvey.co.uk/id/postcodedistrict/PE14,,,,King's Lynn and West Norfolk,http://data.ordnancesurvey.co.uk/id/7000000000007016,http://data.ordnancesurvey.co.uk/ontology/admingeo/District,Norfolk,http://data.ordnancesurvey.co.uk/id/7000000000007238,http://data.ordnancesurvey.co.uk/ontology/admingeo/County,Eastern,http://data.ordnancesurvey.co.uk/id/7000000000041425,England,http://data.ordnancesurvey.co.uk/id/country/england,,,
osgb4000000026937505,http://data.ordnancesurvey.co.uk/id/4000000026937505,Acacia Avenue,,,,transportNetwork,Named Road,546240,310977,1000,20000,546155,310902,546324,310988,PE13,http://data.ordnancesurvey.co.uk/id/postcodedistrict/PE13,Wisbech,http://data.ordnancesurvey.co.uk/id/4000000074551318,http://www.ordnancesurvey.co.uk/xml/codelists/localtype.xml#town,Fenland,http://data.ordnancesurvey.co.uk/id/7000000000001357,http://data.ordnancesurvey.co.uk/ontology/admingeo/District,Cambridgeshire,http://data.ordnancesurvey.co.uk/id/7000000000001386,http://data.ordnancesurvey.co.uk/ontology/admingeo/County,Eastern,http://data.ordnancesurvey.co.uk/id/7000000000041425,England,http://data.ordnancesurvey.co.uk/id/country/england,,,
osgb4000000026943998,http://data.ordnancesurvey.co.uk/id/4000000026943998,B1169,,,,transportNetwork,Numbered Road,543237,310491,22000,250000,541760,309152,545156,310802,PE13,http://data.ordnancesurvey.co.uk/id/postcodedistrict/PE13,Leverington,http://data.ordnancesurvey.co.uk/id/4000000074551313,http://www.ordnancesurvey.co.uk/xml/codelists/localtype.xml#village,Fenland,http://data.ordnancesurvey.co.uk/id/7000000000001357,http://data.ordnancesurvey.co.uk/ontology/admingeo/District,Cambridgeshire,http://data.ordnancesurvey.co.uk/id/7000000000001386,http://data.ordnancesurvey.co.uk/ontology/admingeo/County,Eastern,http://data.ordnancesurvey.co.uk/id/7000000000041425,England,http://data.ordnancesurvey.co.uk/id/country/england,,,
osgb4000000026940384,http://data.ordnancesurvey.co.uk/id/4000000026940384,Queen Street,,,,transportNetwork,Named Road,546095,310264,1000,20000,546084,310224,546111,310289,PE13,http://data.ordnancesurvey.co.uk/id/postcodedistrict/PE13,Wisbech,http://data.ordnancesurvey.co.uk/id/4000000074551318,http://www.ordnancesurvey.co.uk/xml/codelists/localtype.xml#town,Fenland,http://data.ordnancesurvey.co.uk/id/7000000000001357,http://data.ordnancesurvey.co.uk/ontology/admingeo/District,Cambridgeshire,http://data.ordnancesurvey.co.uk/id/7000000000001386,http://data.ordnancesurvey.co.uk/ontology/admingeo/County,Eastern,http://data.ordnancesurvey.co.uk/id/7000000000041425,England,http://data.ordnancesurvey.co.uk/id/country/england,,,
osgb4000000026997152,http://data.ordnancesurvey.co.uk/id/4000000026997152,Bowthorpe Hall Gardens,,,,transportNetwork,Named Road,546781,309925,1000,20000,546721,309875,546838,309963,PE13,http://data.ordnancesurvey.co.uk/id/postcodedistrict/PE13,Wisbech,http://data.ordnancesurvey.co.uk/id/4000000074551318,http://www.ordnancesurvey.co.uk/xml/codelists/localtype.xml#town,Fenland,http://data.ordnancesurvey.co.uk/id/7000000000001357,http://data.ordnancesurvey.co.uk/ontology/admingeo/District,Cambridgeshire,http://data.ordnancesurvey.co.uk/id/7000000000001386,http://data.ordnancesurvey.co.uk/ontology/admingeo/County,Eastern,http://data.ordnancesurvey.co.uk/id/7000000000041425,England,http://data.ordnancesurvey.co.uk/id/country/england,,,
osgb4000000026932220,http://data.ordnancesurvey.co.uk/id/4000000026932220,New Road,,,,transportNetwork,Named Road,550754,302209,1000,20000,550723,302202,550770,302329,PE14,http://data.ordnancesurvey.co.uk/id/postcodedistrict/PE14,Upwell,http://data.ordnancesurvey.co.uk/id/4000000074550938,http://www.ordnancesurvey.co.uk/xml/codelists/localtype.xml#village,King's Lynn and West Norfolk,http://data.ordnancesurvey.co.uk/id/7000000000007016,http://data.ordnancesurvey.co.uk/ontology/admingeo/District,Norfolk,http://data.ordnancesurvey.co.uk/id/7000000000007238,http://data.ordnancesurvey.co.uk/ontology/admingeo/County,Eastern,http://data.ordnancesurvey.co.uk/id/7000000000041425,England,http://data.ordnancesurvey.co.uk/id/country/england,,,
8d4d186c-9266-48da-a66b-01600dd73dc0,http://data.ordnancesurvey.co.uk/id/8d4d186c-9266-48da-a66b-01600dd73dc0,Common Road,,,,transportNetwork,Section Of Named Road,558122,313187,8000,25000,557797,312556,558393,313841,PE34,http://data.ordnancesurvey.co.uk/id/postcodedistrict/PE34,Wiggenhall St Mary the Virgin,http://data.ordnancesurvey.co.uk/id/4000000074550574,http://www.ordnancesurvey.co.uk/xml/codelists/localtype.xml#village,King's Lynn and West Norfolk,http://data.ordnancesurvey.co.uk/id/7000000000007016,http://data.ordnancesurvey.co.uk/ontology/admingeo/District,Norfolk,http://data.ordnancesurvey.co.uk/id/7000000000007238,http://data.ordnancesurvey.co.uk/ontology/admingeo/County,Eastern,http://data.ordnancesurvey.co.uk/id/7000000000041425,England,http://data.ordnancesurvey.co.uk/id/country/england,osgb4000000026931776,,
osgb4000000026942754,http://data.ordnancesurvey.co.uk/id/4000000026942754,Hereward Road,,,,transportNetwork,Named Road,546818,309760,1000,20000,546818,309715,546830,309760,PE13,http://data.ordnancesurvey.co.uk/id/postcodedistrict/PE13,Wisbech,http://data.ordnancesurvey.co.uk/id/4000000074551318,http://www.ordnancesurvey.co.uk/xml/codelists/localtype.xml#town,Fenland,http://data.ordnancesurvey.co.uk/id/7000000000001357,http://data.ordnancesurvey.co.uk/ontology/admingeo/District,Cambridgeshire,http://data.ordnancesurvey.co.uk/id/7000000000001386,http://data.ordnancesurvey.co.uk/ontology/admingeo/County,Eastern,http://data.ordnancesurvey.co.uk/id/7000000000041425,England,http://data.ordnancesurvey.co.uk/id/country/england,,,
osgb5000005232228146,http://data.ordnancesurvey.co.uk/id/5000005232228146,Bad Gate,,,,transportNetwork,Named Road,540394,317013,3000,20000,540192,316951,540591,317078,PE12,http://data.ordnancesurvey.co.uk/id/postcodedistrict/PE12,,,,South Holland,http://data.ordnancesurvey.co.uk/id/7000000000005599,http://data.ordnancesurvey.co.uk/ontology/admingeo/District,Lincolnshire,http://data.ordnancesurvey.co.uk/id/7000000000005942,http://data.ordnancesurvey.co.uk/ontology/admingeo/County,East Midlands,http://data.ordnancesurvey.co.uk/id/7000000000041423,England,http://data.ordnancesurvey.co.uk/id/country/england,,,
osgb4000000026931765,http://data.ordnancesurvey.co.uk/id/4000000026931765,Outwell Road,,,,transportNetwork,Named Road,556505,305257,13000,20000,555588,304869,557514,305714,PE34,http://data.ordnancesurvey.co.uk/id/postcodedistrict/PE34,,,,King's Lynn and West Norfolk,http://data.ordnancesurvey.co.uk/id/7000000000007016,http://data.ordnancesurvey.co.uk/ontology/admingeo/District,Norfolk,http://data.ordnancesurvey.co.uk/id/7000000000007238,http://data.ordnancesurvey.co.uk/ontology/admingeo/County,Eastern,http://data.ordnancesurvey.co.uk/id/7000000000041425,England,http://data.ordnancesurvey.co.uk/id/country/england,,,
osgb4000000026942775,http://data.ordnancesurvey.co.uk/id/4000000026942775,Octavia Close,,,,transportNetwork,Named Road,547623,310201,1000,20000,547607,310186,547623,310228,PE13,http://data.ordnancesurvey.co.uk/id/postcodedistrict/PE13,Wisbech,http://data.ordnancesurvey.co.uk/id/4000000074551318,http://www.ordnancesurvey.co.uk/xml/codelists/localtype.xml#town,Fenland,http://data.ordnancesurvey.co.uk/id/7000000000001357,http://data.ordnancesurvey.co.uk/ontology/admingeo/District,Cambridgeshire,http://data.ordnancesurvey.co.uk/id/7000000000001386,http://data.ordnancesurvey.co.uk/ontology/admingeo/County,Eastern,http://data.ordnancesurvey.co.uk/id/7000000000041425,England,http://data.ordnancesurvey.co.uk/id/country/england,,,
osgb4000000026935181,http://data.ordnancesurvey.co.uk/id/4000000026935181,Kinderley Road,,,,transportNetwork,Named Road,546455,311262,2000,20000,546297,311209,546614,311263,PE13,http://data.ordnancesurvey.co.uk/id/postcodedistrict/PE13,Wisbech,http://data.ordnancesurvey.co.uk/id/4000000074551318,http://www.ordnancesurvey.co.uk/xml/codelists/localtype.xml#town,Fenland,http://data.ordnancesurvey.co.uk/id/7000000000001357,http://data.ordnancesurvey.co.uk/ontology/admingeo/District,Cambridgeshire,http://data.ordnancesurvey.co.uk/id/7000000000001386,http://data.ordnancesurvey.co.uk/ontology/admingeo/County,Eastern,http://data.ordnancesurvey.co.uk/id/7000000000041425,England,http://data.ordnancesurvey.co.uk/id/country/england,,,
osgb4000000026949534,http://data.ordnancesurvey.co.uk/id/4000000026949534,Dixon's Drove,,,,transportNetwork,Named Road,547897,314138,9000,20000,547144,313646,548579,314361,PE14,http://data.ordnancesurvey.co.uk/id/postcodedistrict/PE14,,,,King's Lynn and West Norfolk,http://data.ordnancesurvey.co.uk/id/7000000000007016,http://data.ordnancesurvey.co.uk/ontology/admingeo/District,Norfolk,http://data.ordnancesurvey.co.uk/id/7000000000007238,http://data.ordnancesurvey.co.uk/ontology/admingeo/County,Eastern,http://data.ordnancesurvey.co.uk/id/7000000000041425,England,http://data.ordnancesurvey.co.uk/id/country/england,,,
osgb4000000026942784,http://data.ordnancesurvey.co.uk/id/4000000026942784,Richard Young Close,,,,transportNetwork,Named Road,546448,311273,1000,20000,546447,311263,546449,311299,PE13,http://data.ordnancesurvey.co.uk/id/postcodedistrict/PE13,Wisbech,http://data.ordnancesurvey.co.uk/id/4000000074551318,http://www.ordnancesurvey.co.uk/xml/codelists/localtype.xml#town,Fenland,http://data.ordnancesurvey.co.uk/id/7000000000001357,http://data.ordnancesurvey.co.uk/ontology/admingeo/District,Cambridgeshire,http://data.ordnancesurvey.co.uk/id/7000000000001386,http://data.ordnancesurvey.co.uk/ontology/admingeo/County,Eastern,http://data.ordnancesurvey.co.uk/id/7000000000041425,England,http://data.ordnancesurvey.co.uk/id/country/england,,,
3bf87cff-a22c-4426-8b0d-192f1867d746,http://data.ordnancesurvey.co.uk/id/3bf87cff-a22c-4426-8b0d-192f1867d746,Bevis Lane,,,,transportNetwork,Section Of Named Road,542398,308115,1000,25000,542368,308062,542440,308168,PE13,http://data.ordnancesurvey.co.uk/id/postcodedistrict/PE13,Wisbech St Mary,http://data.ordnancesurvey.co.uk/id/4000000074551315,http://www.ordnancesurvey.co.uk/xml/codelists/localtype.xml#village,Fenland,http://data.ordnancesurvey.co.uk/id/7000000000001357,http://data.ordnancesurvey.co.uk/ontology/admingeo/District,Cambridgeshire,http://data.ordnancesurvey.co.uk/id/7000000000001386,http://data.ordnancesurvey.co.uk/ontology/admingeo/County,Eastern,http://data.ordnancesurvey.co.uk/id/7000000000041425,England,http://data.ordnancesurvey.co.uk/id/country/england,osgb4000000026932273,,
osgb4000000026935256,http://data.ordnancesurvey.co.uk/id/4000000026935256,West Head Road,,,,transportNetwork,Named Road,559112,306349,20000,20000,557513,305714,560640,307020,PE34,http://data.ordnancesurvey.co.uk/id/postcodedistrict/PE34,,,,King's Lynn and West Norfolk,http://data.ordnancesurvey.co.uk/id/7000000000007016,http://data.ordnancesurvey.co.uk/ontology/admingeo/District,Norfolk,http://data.ordnancesurvey.co.uk/id/7000000000007238,http://data.ordnancesurvey.co.uk/ontology/admingeo/County,Eastern,http://data.ordnancesurvey.co.uk/id/7000000000041425,England,http://data.ordnancesurvey.co.uk/id/country/england,,,
osgb4000000026942816,http://data.ordnancesurvey.co.uk/id/4000000026942816,Newcombe Close,,,,transportNetwork,Named Road,553787,314409,1000,20000,553772,314385,553787,314430,PE14,http://data.ordnancesurvey.co.uk/id/postcodedistrict/PE14,Terrington St John,http://data.ordnancesurvey.co.uk/id/4000000074550941,http://www.ordnancesurvey.co.uk/xml/codelists/localtype.xml#village,King's Lynn and West Norfolk,http://data.ordnancesurvey.co.uk/id/7000000000007016,http://data.ordnancesurvey.co.uk/ontology/admingeo/District,Norfolk,http://data.ordnancesurvey.co.uk/id/7000000000007238,http://data.ordnancesurvey.co.uk/ontology/admingeo/County,Eastern,http://data.ordnancesurvey.co.uk/id/7000000000041425,England,http://data.ordnancesurvey.co.uk/id/country/england,,,
osgb4000000026935048,http://data.ordnancesurvey.co.uk/id/4000000026935048,New Bridge Road,,,,transportNetwork,Named Road,549911,302220,1000,20000,549816,302103,550046,302301,PE14,http://data.ordnancesurvey.co.uk/id/postcodedistrict/PE14,Upwell,http://data.ordnancesurvey.co.uk/id/4000000074550938,http://www.ordnancesurvey.co.uk/xml/codelists/localtype.xml#village,King's Lynn and West Norfolk,http://data.ordnancesurvey.co.uk/id/7000000000007016,http://data.ordnancesurvey.co.uk/ontology/admingeo/District,Norfolk,http://data.ordnancesurvey.co.uk/id/7000000000007238,http://data.ordnancesurvey.co.uk/ontology/admingeo/County,Eastern,http://data.ordnancesurvey.co.uk/id/7000000000041425,England,http://data.ordnancesurvey.co.uk/id/country/england,,,
osgb4000000026937335,http://data.ordnancesurvey.co.uk/id/4000000026937335,Hall Bridge Road,,,,transportNetwork,Named Road,549607,302316,2000,20000,549490,302223,549763,302368,PE14,http://data.ordnancesurvey.co.uk/id/postcodedistrict/PE14,Upwell,http://data.ordnancesurvey.co.uk/id/4000000074550938,http://www.ordnancesurvey.co.uk/xml/codelists/localtype.xml#village,King's Lynn and West Norfolk,http://data.ordnancesurvey.co.uk/id/7000000000007016,http://data.ordnancesurvey.co.uk/ontology/admingeo/District,Norfolk,http://data.ordnancesurvey.co.uk/id/7000000000007238,http://data.ordnancesurvey.co.uk/ontology/admingeo/County,Eastern,http://data.ordnancesurvey.co.uk/id/7000000000041425,England,http://data.ordnancesurvey.co.uk/id/country/england,,,
osgb4000000026937492,http://data.ordnancesurvey.co.uk/id/4000000026937492,St Augustines Road,,,,transportNetwork,Named Road,546363,309974,1000,20000,546350,309848,546398,310021,PE13,http://data.ordnancesurvey.co.uk/id/postcodedistrict/PE13,Wisbech,http://data.ordnancesurvey.co.uk/id/4000000074551318,http://www.ordnancesurvey.co.uk/xml/codelists/localtype.xml#town,Fenland,http://data.ordnancesurvey.co.uk/id/7000000000001357,http://data.ordnancesurvey.co.uk/ontology/admingeo/District,Cambridgeshire,http://data.ordnancesurvey.co.uk/id/7000000000001386,http://data.ordnancesurvey.co.uk/ontology/admingeo/County,Eastern,http://data.ordnancesurvey.co.uk/id/7000000000041425,England,http://data.ordnancesurvey.co.uk/id/country/england,,,
osgb4000000026932262,http://data.ordnancesurvey.co.uk/id/4000000026932262,Mouth Lane,,,,transportNetwork,Named Road,541312,305439,11000,20000,540512,305201,542130,305694,PE13,http://data.ordnancesurvey.co.uk/id/postcodedistrict/PE13,,,,Fenland,http://data.ordnancesurvey.co.uk/id/7000000000001357,http://data.ordnancesurvey.co.uk/ontology/admingeo/District,Cambridgeshire,http://data.ordnancesurvey.co.uk/id/7000000000001386,http://data.ordnancesurvey.co.uk/ontology/admingeo/County,Eastern,http://data.ordnancesurvey.co.uk/id/7000000000041425,England,http://data.ordnancesurvey.co.uk/id/country/england,,,
osgb4000000026949532,http://data.ordnancesurvey.co.uk/id/4000000026949532,Meer Dyke Lane,,,,transportNetwork,Named Road,549557,310998,4000,20000,549457,310707,549671,311315,PE14,http://data.ordnancesurvey.co.uk/id/postcodedistrict/PE14,,,,King's Lynn and West Norfolk,http://data.ordnancesurvey.co.uk/id/7000000000007016,http://data.ordnancesurvey.co.uk/ontology/admingeo/District,Norfolk,http://data.ordnancesurvey.co.uk/id/7000000000007238,http://data.ordnancesurvey.co.uk/ontology/admingeo/County,Eastern,http://data.ordnancesurvey.co.uk/id/7000000000041425,England,http://data.ordnancesurvey.co.uk/id/country/england,,,
osgb4000000026940356,http://data.ordnancesurvey.co.uk/id/4000000026940356,Westfield Road,,,,transportNetwork,Named Road,542793,314530,1000,20000,542787,314491,542825,314578,PE13,http://data.ordnancesurvey.co.uk/id/postcodedistrict/PE13,Newton-in-the-Isle,http://data.ordnancesurvey.co.uk/id/4000000074548769,http://www.ordnancesurvey.co.uk/xml/codelists/localtype.xml#village,Fenland,http://data.ordnancesurvey.co.uk/id/7000000000001357,http://data.ordnancesurvey.co.uk/ontology/admingeo/District,Cambridgeshire,http://data.ordnancesurvey.co.uk/id/7000000000001386,http://data.ordnancesurvey.co.uk/ontology/admingeo/County,Eastern,http://data.ordnancesurvey.co.uk/id/7000000000041425,England,http://data.ordnancesurvey.co.uk/id/country/england,,,
osgb4000000026942726,http://data.ordnancesurvey.co.uk/id/4000000026942726,Wykes Drive,,,,transportNetwork,Named Road,541857,308206,1000,20000,541844,308187,541873,308231,PE13,http://data.ordnancesurvey.co.uk/id/postcodedistrict/PE13,Wisbech St Mary,http://data.ordnancesurvey.co.uk/id/4000000074551315,http://www.ordnancesurvey.co.uk/xml/codelists/localtype.xml#village,Fenland,http://data.ordnancesurvey.co.uk/id/7000000000001357,http://data.ordnancesurvey.co.uk/ontology/admingeo/District,Cambridgeshire,http://data.ordnancesurvey.co.uk/id/7000000000001386,http://data.ordnancesurvey.co.uk/ontology/admingeo/County,Eastern,http://data.ordnancesurvey.co.uk/id/7000000000041425,England,http://data.ordnancesurvey.co.uk/id/country/england,,,
osgb4000000026991772,http://data.ordnancesurvey.co.uk/id/4000000026991772,Cedar Way,,,,transportNetwork,Named Road,546817,306743,1000,20000,546786,306672,546840,306800,PE14,http://data.ordnancesurvey.co.uk/id/postcodedistrict/PE14,Elm,http://data.ordnancesurvey.co.uk/id/4000000074341528,http://www.ordnancesurvey.co.uk/xml/codelists/localtype.xml#village,Fenland,http://data.ordnancesurvey.co.uk/id/7000000000001357,http://data.ordnancesurvey.co.uk/ontology/admingeo/District,Cambridgeshire,http://data.ordnancesurvey.co.uk/id/7000000000001386,http://data.ordnancesurvey.co.uk/ontology/admingeo/County,Eastern,http://data.ordnancesurvey.co.uk/id/7000000000041425,England,http://data.ordnancesurvey.co.uk/id/country/england,,,
osgb4000000026932268,http://data.ordnancesurvey.co.uk/id/4000000026932268,Belt Drove,,,,transportNetwork,Named Road,544993,305725,8000,20000,544639,305016,545641,306317,PE14,http://data.ordnancesurvey.co.uk/id/postcodedistrict/PE14,,,,Fenland,http://data.ordnancesurvey.co.uk/id/7000000000001357,http://data.ordnancesurvey.co.uk/ontology/admingeo/District,Cambridgeshire,http://data.ordnancesurvey.co.uk/id/7000000000001386,http://data.ordnancesurvey.co.uk/ontology/admingeo/County,Eastern,http://data.ordnancesurvey.co.uk/id/7000000000041425,England,http://data.ordnancesurvey.co.uk/id/country/england,,,
19250aca-597c-4c08-859d-184cec17b488,http://data.ordnancesurvey.co.uk/id/19250aca-597c-4c08-859d-184cec17b488,Silt Road,,,,transportNetwork,Section Of Named Road,555557,300936,1000,25000,555376,300809,555606,300964,PE38,http://data.ordnancesurvey.co.uk/id/postcodedistrict/PE38,Nordelph,http://data.ordnancesurvey.co.uk/id/4000000074550935,http://www.ordnancesurvey.co.uk/xml/codelists/localtype.xml#village,King's Lynn and West Norfolk,http://data.ordnancesurvey.co.uk/id/7000000000007016,http://data.ordnancesurvey.co.uk/ontology/admingeo/District,Norfolk,http://data.ordnancesurvey.co.uk/id/7000000000007238,http://data.ordnancesurvey.co.uk/ontology/admingeo/County,Eastern,http://data.ordnancesurvey.co.uk/id/7000000000041425,England,http://data.ordnancesurvey.co.uk/id/country/england,osgb4000000028035048,,
9e07cb2c-168e-40a9-9d54-4a2f3ac46699,http://data.ordnancesurvey.co.uk/id/9e07cb2c-168e-40a9-9d54-4a2f3ac46699,The Still,,,,transportNetwork,Section Of Named Road,544526,310639,1000,25000,544487,310529,544597,310733,PE13,http://data.ordnancesurvey.co.uk/id/postcodedistrict/PE13,Leverington,http://data.ordnancesurvey.co.uk/id/4000000074551313,http://www.ordnancesurvey.co.uk/xml/codelists/localtype.xml#village,Fenland,http://data.ordnancesurvey.co.uk/id/7000000000001357,http://data.ordnancesurvey.co.uk/ontology/admingeo/District,Cambridgeshire,http://data.ordnancesurvey.co.uk/id/7000000000001386,http://data.ordnancesurvey.co.uk/ontology/admingeo/County,Eastern,http://data.ordnancesurvey.co.uk/id/7000000000041425,England,http://data.ordnancesurvey.co.uk/id/country/england,osgb4000000026978725,,
osgb4000000026937452,http://data.ordnancesurvey.co.uk/id/4000000026937452,Duke Street,,,,transportNetwork,Named Road,546638,309500,1000,20000,546625,309400,546663,309532,PE13,http://data.ordnancesurvey.co.uk/id/postcodedistrict/PE13,Wisbech,http://data.ordnancesurvey.co.uk/id/4000000074551318,http://www.ordnancesurvey.co.uk/xml/codelists/localtype.xml#town,Fenland,http://data.ordnancesurvey.co.uk/id/7000000000001357,http://data.ordnancesurvey.co.uk/ontology/admingeo/District,Cambridgeshire,http://data.ordnancesurvey.co.uk/id/7000000000001386,http://data.ordnancesurvey.co.uk/ontology/admingeo/County,Eastern,http://data.ordnancesurvey.co.uk/id/7000000000041425,England,http://data.ordnancesurvey.co.uk/id/country/england,,,
osgb4000000026935164,http://data.ordnancesurvey.co.uk/id/4000000026935164,Sandringham Avenue,,,,transportNetwork,Named Road,546908,310354,2000,20000,546859,310237,546953,310478,PE13,http://data.ordnancesurvey.co.uk/id/postcodedistrict/PE13,Wisbech,http://data.ordnancesurvey.co.uk/id/4000000074551318,http://www.ordnancesurvey.co.uk/xml/codelists/localtype.xml#town,Fenland,http://data.ordnancesurvey.co.uk/id/7000000000001357,http://data.ordnancesurvey.co.uk/ontology/admingeo/District,Cambridgeshire,http://data.ordnancesurvey.co.uk/id/7000000000001386,http://data.ordnancesurvey.co.uk/ontology/admingeo/County,Eastern,http://data.ordnancesurvey.co.uk/id/7000000000041425,England,http://data.ordnancesurvey.co.uk/id/country/england,,,
osgb4000000026950037,http://data.ordnancesurvey.co.uk/id/4000000026950037,Spartan Close,,,,transportNetwork,Named Road,547166,308407,1000,20000,547166,308393,547167,308407,PE13,http://data.ordnancesurvey.co.uk/id/postcodedistrict/PE13,Wisbech,http://data.ordnancesurvey.co.uk/id/4000000074551318,http://www.ordnancesurvey.co.uk/xml/codelists/localtype.xml#town,Fenland,http://data.ordnancesurvey.co.uk/id/7000000000001357,http://data.ordnancesurvey.co.uk/ontology/admingeo/District,Cambridgeshire,http://data.ordnancesurvey.co.uk/id/7000000000001386,http://data.ordnancesurvey.co.uk/ontology/admingeo/County,Eastern,http://data.ordnancesurvey.co.uk/id/7000000000041425,England,http://data.ordnancesurvey.co.uk/id/country/england,,,
osgb4000000026937512,http://data.ordnancesurvey.co.uk/id/4000000026937512,Felsted Avenue,,,,transportNetwork,Named Road,547456,309761,1000,20000,547351,309747,547567,309783,PE13,http://data.ordnancesurvey.co.uk/id/postcodedistrict/PE13,Wisbech,http://data.ordnancesurvey.co.uk/id/4000000074551318,http://www.ordnancesurvey.co.uk/xml/codelists/localtype.xml#town,Fenland,http://data.ordnancesurvey.co.uk/id/7000000000001357,http://data.ordnancesurvey.co.uk/ontology/admingeo/District,Cambridgeshire,http://data.ordnancesurvey.co.uk/id/7000000000001386,http://data.ordnancesurvey.co.uk/ontology/admingeo/County,Eastern,http://data.ordnancesurvey.co.uk/id/7000000000041425,England,http://data.ordnancesurvey.co.uk/id/country/england,,,
osgb4000000026933450,http://data.ordnancesurvey.co.uk/id/4000000026933450,Well Creek Road,,,,transportNetwork,Named Road,552347,303365,11000,20000,551407,302939,553069,303650,PE14,http://data.ordnancesurvey.co.uk/id/postcodedistrict/PE14,,,,King's Lynn and West Norfolk,http://data.ordnancesurvey.co.uk/id/7000000000007016,http://data.ordnancesurvey.co.uk/ontology/admingeo/District,Norfolk,http://data.ordnancesurvey.co.uk/id/7000000000007238,http://data.ordnancesurvey.co.uk/ontology/admingeo/County,Eastern,http://data.ordnancesurvey.co.uk/id/7000000000041425,England,http://data.ordnancesurvey.co.uk/id/country/england,,,
osgb5000005184290726,http://data.ordnancesurvey.co.uk/id/5000005184290726,Cotterell Way,,,,transportNetwork,Named Road,546248,310219,1000,20000,546188,310202,546309,310223,PE13,http://data.ordnancesurvey.co.uk/id/postcodedistrict/PE13,Wisbech,http://data.ordnancesurvey.co.uk/id/4000000074551318,http://www.ordnancesurvey.co.uk/xml/codelists/localtype.xml#town,Fenland,http://data.ordnancesurvey.co.uk/id/7000000000001357,http://data.ordnancesurvey.co.uk/ontology/admingeo/District,Cambridgeshire,http://data.ordnancesurvey.co.uk/id/7000000000001386,http://data.ordnancesurvey.co.uk/ontology/admingeo/County,Eastern,http://data.ordnancesurvey.co.uk/id/7000000000041425,England,http://data.ordnancesurvey.co.uk/id/country/england,,,
osgb4000000026932357,http://data.ordnancesurvey.co.uk/id/4000000026932357,Childersgate Lane,,,,transportNetwork,Named Road,541086,319143,7000,20000,540571,318540,541369,319655,PE12,http://data.ordnancesurvey.co.uk/id/postcodedistrict/PE12,,,,South Holland,http://data.ordnancesurvey.co.uk/id/7000000000005599,http://data.ordnancesurvey.co.uk/ontology/admingeo/District,Lincolnshire,http://data.ordnancesurvey.co.uk/id/7000000000005942,http://data.ordnancesurvey.co.uk/ontology/admingeo/County,East Midlands,http://data.ordnancesurvey.co.uk/id/7000000000041423,England,http://data.ordnancesurvey.co.uk/id/country/england,,,
2a6e8c9f-5892-47e8-b23b-d9a796e6788e,http://data.ordnancesurvey.co.uk/id/2a6e8c9f-5892-47e8-b23b-d9a796e6788e,Small Lode,,,,transportNetwork,Section Of Named Road,551195,302581,9000,25000,550523,302390,551905,302894,PE14,http://data.ordnancesurvey.co.uk/id/postcodedistrict/PE14,Upwell,http://data.ordnancesurvey.co.uk/id/4000000074550938,http://www.ordnancesurvey.co.uk/xml/codelists/localtype.xml#village,King's Lynn and West Norfolk,http://data.ordnancesurvey.co.uk/id/7000000000007016,http://data.ordnancesurvey.co.uk/ontology/admingeo/District,Norfolk,http://data.ordnancesurvey.co.uk/id/7000000000007238,http://data.ordnancesurvey.co.uk/ontology/admingeo/County,Eastern,http://data.ordnancesurvey.co.uk/id/7000000000041425,England,http://data.ordnancesurvey.co.uk/id/country/england,osgb4000000026931708,,
osgb4000000026943893,http://data.ordnancesurvey.co.uk/id/4000000026943893,Fendyke Road,,,,transportNetwork,Named Road,551143,306145,11000,20000,549848,305302,551487,306660,PE14,http://data.ordnancesurvey.co.uk/id/postcodedistrict/PE14,,,,King's Lynn and West Norfolk,http://data.ordnancesurvey.co.uk/id/7000000000007016,http://data.ordnancesurvey.co.uk/ontology/admingeo/District,Norfolk,http://data.ordnancesurvey.co.uk/id/7000000000007238,http://data.ordnancesurvey.co.uk/ontology/admingeo/County,Eastern,http://data.ordnancesurvey.co.uk/id/7000000000041425,England,http://data.ordnancesurvey.co.uk/id/country/england,,,
osgb4000000026937510,http://data.ordnancesurvey.co.uk/id/4000000026937510,Prins Avenue,,,,transportNetwork,Named Road,546878,310655,1000,20000,546795,310635,546945,310713,PE13,http://data.ordnancesurvey.co.uk/id/postcodedistrict/PE13,Wisbech,http://data.ordnancesurvey.co.uk/id/4000000074551318,http://www.ordnancesurvey.co.uk/xml/codelists/localtype.xml#town,Fenland,http://data.ordnancesurvey.co.uk/id/7000000000001357,http://data.ordnancesurvey.co.uk/ontology/admingeo/District,Cambridgeshire,http://data.ordnancesurvey.co.uk/id/7000000000001386,http://data.ordnancesurvey.co.uk/ontology/admingeo/County,Eastern,http://data.ordnancesurvey.co.uk/id/7000000000041425,England,http://data.ordnancesurvey.co.uk/id/country/england,,,
osgb4000000026933599,http://data.ordnancesurvey.co.uk/id/4000000026933599,Common Way,,,,transportNetwork,Named Road,544574,318655,3000,20000,544299,318587,544829,318714,PE13,http://data.ordnancesurvey.co.uk/id/postcodedistrict/PE13,Tydd St Mary,http://data.ordnancesurvey.co.uk/id/4000000074548410,http://www.ordnancesurvey.co.uk/xml/codelists/localtype.xml#village,South Holland,http://data.ordnancesurvey.co.uk/id/7000000000005599,http://data.ordnancesurvey.co.uk/ontology/admingeo/District,Lincolnshire,http://data.ordnancesurvey.co.uk/id/7000000000005942,http://data.ordnancesurvey.co.uk/ontology/admingeo/County,East Midlands,http://data.ordnancesurvey.co.uk/id/7000000000041423,England,http://data.ordnancesurvey.co.uk/id/country/england,,,
osgb4000000026933446,http://data.ordnancesurvey.co.uk/id/4000000026933446,Green Drove,,,,transportNetwork,Named Road,549231,303630,10000,20000,548790,302887,550284,304019,PE14,http://data.ordnancesurvey.co.uk/id/postcodedistrict/PE14,,,,Fenland,http://data.ordnancesurvey.co.uk/id/7000000000001357,http://data.ordnancesurvey.co.uk/ontology/admingeo/District,Cambridgeshire,http://data.ordnancesurvey.co.uk/id/7000000000001386,http://data.ordnancesurvey.co.uk/ontology/admingeo/County,Eastern,http://data.ordnancesurvey.co.uk/id/7000000000041425,England,http://data.ordnancesurvey.co.uk/id/country/england,,,
osgb4000000026937503,http://data.ordnancesurvey.co.uk/id/4000000026937503,York Road,,,,transportNetwork,Named Road,546750,310194,1000,20000,546701,310143,546839,310248,PE13,http://data.ordnancesurvey.co.uk/id/postcodedistrict/PE13,Wisbech,http://data.ordnancesurvey.co.uk/id/4000000074551318,http://www.ordnancesurvey.co.uk/xml/codelists/localtype.xml#town,Fenland,http://data.ordnancesurvey.co.uk/id/7000000000001357,http://data.ordnancesurvey.co.uk/ontology/admingeo/District,Cambridgeshire,http://data.ordnancesurvey.co.uk/id/7000000000001386,http://data.ordnancesurvey.co.uk/ontology/admingeo/County,Eastern,http://data.ordnancesurvey.co.uk/id/7000000000041425,England,http://data.ordnancesurvey.co.uk/id/country/england,,,
4d8cceeb-1546-43db-a9cf-aad9802e2780,http://data.ordnancesurvey.co.uk/id/4d8cceeb-1546-43db-a9cf-aad9802e2780,Sparrowgate Road,,,,transportNetwork,Section Of Named Road,548390,310432,3000,25000,548172,310202,548479,310592,PE14,http://data.ordnancesurvey.co.uk/id/postcodedistrict/PE14,Wisbech,http://data.ordnancesurvey.co.uk/id/4000000074551318,http://www.ordnancesurvey.co.uk/xml/codelists/localtype.xml#town,King's Lynn and West Norfolk,http://data.ordnancesurvey.co.uk/id/7000000000007016,http://data.ordnancesurvey.co.uk/ontology/admingeo/District,Norfolk,http://data.ordnancesurvey.co.uk/id/7000000000007238,http://data.ordnancesurvey.co.uk/ontology/admingeo/County,Eastern,http://data.ordnancesurvey.co.uk/id/7000000000041425,England,http://data.ordnancesurvey.co.uk/id/country/england,osgb4000000026933642,,
osgb4000000026937521,http://data.ordnancesurvey.co.uk/id/4000000026937521,Petts Close,,,,transportNetwork,Named Road,547214,310697,1000,20000,547194,310618,547265,310750,PE13,http://data.ordnancesurvey.co.uk/id/postcodedistrict/PE13,Wisbech,http://data.ordnancesurvey.co.uk/id/4000000074551318,http://www.ordnancesurvey.co.uk/xml/codelists/localtype.xml#town,Fenland,http://data.ordnancesurvey.co.uk/id/7000000000001357,http://data.ordnancesurvey.co.uk/ontology/admingeo/District,Cambridgeshire,http://data.ordnancesurvey.co.uk/id/7000000000001386,http://data.ordnancesurvey.co.uk/ontology/admingeo/County,Eastern,http://data.ordnancesurvey.co.uk/id/7000000000041425,England,http://data.ordnancesurvey.co.uk/id/country/england,,,
osgb4000000026935169,http://data.ordnancesurvey.co.uk/id/4000000026935169,Colvile Road,,,,transportNetwork,Named Road,547048,310000,2000,20000,546889,309854,547217,310136,PE13,http://data.ordnancesurvey.co.uk/id/postcodedistrict/PE13,Wisbech,http://data.ordnancesurvey.co.uk/id/4000000074551318,http://www.ordnancesurvey.co.uk/xml/codelists/localtype.xml#town,Fenland,http://data.ordnancesurvey.co.uk/id/7000000000001357,http://data.ordnancesurvey.co.uk/ontology/admingeo/District,Cambridgeshire,http://data.ordnancesurvey.co.uk/id/7000000000001386,http://data.ordnancesurvey.co.uk/ontology/admingeo/County,Eastern,http://data.ordnancesurvey.co.uk/id/7000000000041425,England,http://data.ordnancesurvey.co.uk/id/country/england,,,
osgb4000000026997150,http://data.ordnancesurvey.co.uk/id/4000000026997150,Balding Close,,,,transportNetwork,Named Road,546609,309611,1000,20000,546601,309549,546656,309646,PE13,http://data.ordnancesurvey.co.uk/id/postcodedistrict/PE13,Wisbech,http://data.ordnancesurvey.co.uk/id/4000000074551318,http://www.ordnancesurvey.co.uk/xml/codelists/localtype.xml#town,Fenland,http://data.ordnancesurvey.co.uk/id/7000000000001357,http://data.ordnancesurvey.co.uk/ontology/admingeo/District,Cambridgeshire,http://data.ordnancesurvey.co.uk/id/7000000000001386,http://data.ordnancesurvey.co.uk/ontology/admingeo/County,Eastern,http://data.ordnancesurvey.co.uk/id/7000000000041425,England,http://data.ordnancesurvey.co.uk/id/country/england,,,
osgb4000000026937470,http://data.ordnancesurvey.co.uk/id/4000000026937470,St Marks Road,,,,transportNetwork,Named Road,541654,312146,1000,20000,541588,312041,541725,312229,PE13,http://data.ordnancesurvey.co.uk/id/postcodedistrict/PE13,Gorefield,http://data.ordnancesurvey.co.uk/id/4000000074551667,http://www.ordnancesurvey.co.uk/xml/codelists/localtype.xml#village,Fenland,http://data.ordnancesurvey.co.uk/id/7000000000001357,http://data.ordnancesurvey.co.uk/ontology/admingeo/District,Cambridgeshire,http://data.ordnancesurvey.co.uk/id/7000000000001386,http://data.ordnancesurvey.co.uk/ontology/admingeo/County,Eastern,http://data.ordnancesurvey.co.uk/id/7000000000041425,England,http://data.ordnancesurvey.co.uk/id/country/england,,,
osgb4000000026937497,http://data.ordnancesurvey.co.uk/id/4000000026937497,Silver Street,,,,transportNetwork,Named Road,546137,310233,1000,20000,546111,310224,546177,310245,PE13,http://data.ordnancesurvey.co.uk/id/postcodedistrict/PE13,Wisbech,http://data.ordnancesurvey.co.uk/id/4000000074551318,http://www.ordnancesurvey.co.uk/xml/codelists/localtype.xml#town,Fenland,http://data.ordnancesurvey.co.uk/id/7000000000001357,http://data.ordnancesurvey.co.uk/ontology/admingeo/District,Cambridgeshire,http://data.ordnancesurvey.co.uk/id/7000000000001386,http://data.ordnancesurvey.co.uk/ontology/admingeo/County,Eastern,http://data.ordnancesurvey.co.uk/id/7000000000041425,England,http://data.ordnancesurvey.co.uk/id/country/england,,,
osgb4000000026935042,http://data.ordnancesurvey.co.uk/id/4000000026935042,The Chase,,,,transportNetwork,Named Road,549494,300526,2000,20000,549327,300329,549589,300671,PE14,http://data.ordnancesurvey.co.uk/id/postcodedistrict/PE14,,,,King's Lynn and West Norfolk,http://data.ordnancesurvey.co.uk/id/7000000000007016,http://data.ordnancesurvey.co.uk/ontology/admingeo/District,Norfolk,http://data.ordnancesurvey.co.uk/id/7000000000007238,http://data.ordnancesurvey.co.uk/ontology/admingeo/County,Eastern,http://data.ordnancesurvey.co.uk/id/7000000000041425,England,http://data.ordnancesurvey.co.uk/id/country/england,,,
osgb4000000026933515,http://data.ordnancesurvey.co.uk/id/4000000026933515,Chalk Road,,,,transportNetwork,Named Road,540318,310122,4000,20000,540125,310081,540813,310258,PE13,http://data.ordnancesurvey.co.uk/id/postcodedistrict/PE13,,,,Fenland,http://data.ordnancesurvey.co.uk/id/7000000000001357,http://data.ordnancesurvey.co.uk/ontology/admingeo/District,Cambridgeshire,http://data.ordnancesurvey.co.uk/id/7000000000001386,http://data.ordnancesurvey.co.uk/ontology/admingeo/County,Eastern,http://data.ordnancesurvey.co.uk/id/7000000000041425,England,http://data.ordnancesurvey.co.uk/id/country/england,,,
osgb4000000026937449,http://data.ordnancesurvey.co.uk/id/4000000026937449,Bridge Street,,,,transportNetwork,Named Road,546083,309614,1000,20000,546030,309593,546152,309649,PE13,http://data.ordnancesurvey.co.uk/id/postcodedistrict/PE13,Wisbech,http://data.ordnancesurvey.co.uk/id/4000000074551318,http://www.ordnancesurvey.co.uk/xml/codelists/localtype.xml#town,Fenland,http://data.ordnancesurvey.co.uk/id/7000000000001357,http://data.ordnancesurvey.co.uk/ontology/admingeo/District,Cambridgeshire,http://data.ordnancesurvey.co.uk/id/7000000000001386,http://data.ordnancesurvey.co.uk/ontology/admingeo/County,Eastern,http://data.ordnancesurvey.co.uk/id/7000000000041425,England,http://data.ordnancesurvey.co.uk/id/country/england,,,
osgb4000000026937477,http://data.ordnancesurvey.co.uk/id/4000000026937477,Burcroft Road,,,,transportNetwork,Named Road,545763,310432,1000,20000,545701,310341,545795,310492,PE13,http://data.ordnancesurvey.co.uk/id/postcodedistrict/PE13,Wisbech,http://data.ordnancesurvey.co.uk/id/4000000074551318,http://www.ordnancesurvey.co.uk/xml/codelists/localtype.xml#town,Fenland,http://data.ordnancesurvey.co.uk/id/7000000000001357,http://data.ordnancesurvey.co.uk/ontology/admingeo/District,Cambridgeshire,http://data.ordnancesurvey.co.uk/id/7000000000001386,http://data.ordnancesurvey.co.uk/ontology/admingeo/County,Eastern,http://data.ordnancesurvey.co.uk/id/7000000000041425,England,http://data.ordnancesurvey.co.uk/id/country/england,,,
osgb4000000026940520,http://data.ordnancesurvey.co.uk/id/4000000026940520,Lynn Road Terrace,,,,transportNetwork,Named Road,549312,313232,1000,20000,549259,313181,549383,313291,PE14,http://data.ordnancesurvey.co.uk/id/postcodedistrict/PE14,Walton Highway,http://data.ordnancesurvey.co.uk/id/4000000074552040,http://www.ordnancesurvey.co.uk/xml/codelists/localtype.xml#village,King's Lynn and West Norfolk,http://data.ordnancesurvey.co.uk/id/7000000000007016,http://data.ordnancesurvey.co.uk/ontology/admingeo/District,Norfolk,http://data.ordnancesurvey.co.uk/id/7000000000007238,http://data.ordnancesurvey.co.uk/ontology/admingeo/County,Eastern,http://data.ordnancesurvey.co.uk/id/7000000000041425,England,http://data.ordnancesurvey.co.uk/id/country/england,,,
osgb4000000026935107,http://data.ordnancesurvey.co.uk/id/4000000026935107,Abington Grove,,,,transportNetwork,Named Road,546902,306556,2000,20000,546765,306526,547024,306592,PE14,http://data.ordnancesurvey.co.uk/id/postcodedistrict/PE14,Elm,http://data.ordnancesurvey.co.uk/id/4000000074341528,http://www.ordnancesurvey.co.uk/xml/codelists/localtype.xml#village,Fenland,http://data.ordnancesurvey.co.uk/id/7000000000001357,http://data.ordnancesurvey.co.uk/ontology/admingeo/District,Cambridgeshire,http://data.ordnancesurvey.co.uk/id/7000000000001386,http://data.ordnancesurvey.co.uk/ontology/admingeo/County,Eastern,http://data.ordnancesurvey.co.uk/id/7000000000041425,England,http://data.ordnancesurvey.co.uk/id/country/england,,,
osgb4000000026940389,http://data.ordnancesurvey.co.uk/id/4000000026940389,Weston Miller Drive,,,,transportNetwork,Named Road,546033,310764,1000,20000,545983,310712,546040,310773,PE13,http://data.ordnancesurvey.co.uk/id/postcodedistrict/PE13,Wisbech,http://data.ordnancesurvey.co.uk/id/4000000074551318,http://www.ordnancesurvey.co.uk/xml/codelists/localtype.xml#town,Fenland,http://data.ordnancesurvey.co.uk/id/7000000000001357,http://data.ordnancesurvey.co.uk/ontology/admingeo/District,Cambridgeshire,http://data.ordnancesurvey.co.uk/id/7000000000001386,http://data.ordnancesurvey.co.uk/ontology/admingeo/County,Eastern,http://data.ordnancesurvey.co.uk/id/7000000000041425,England,http://data.ordnancesurvey.co.uk/id/country/england,,,
osgb4000000026942766,http://data.ordnancesurvey.co.uk/id/4000000026942766,Littlechild Drive,,,,transportNetwork,Named Road,544199,311687,1000,20000,544154,311678,544215,311691,PE13,http://data.ordnancesurvey.co.uk/id/postcodedistrict/PE13,Leverington,http://data.ordnancesurvey.co.uk/id/4000000074551313,http://www.ordnancesurvey.co.uk/xml/codelists/localtype.xml#village,Fenland,http://data.ordnancesurvey.co.uk/id/7000000000001357,http://data.ordnancesurvey.co.uk/ontology/admingeo/District,Cambridgeshire,http://data.ordnancesurvey.co.uk/id/7000000000001386,http://data.ordnancesurvey.co.uk/ontology/admingeo/County,Eastern,http://data.ordnancesurvey.co.uk/id/7000000000041425,England,http://data.ordnancesurvey.co.uk/id/country/england,,,
osgb4000000026933682,http://data.ordnancesurvey.co.uk/id/4000000026933682,Police Road,,,,transportNetwork,Named Road,549769,317000,4000,20000,549591,316655,549803,317343,PE14,http://data.ordnancesurvey.co.uk/id/postcodedistrict/PE14,,,,King's Lynn and West Norfolk,http://data.ordnancesurvey.co.uk/id/7000000000007016,http://data.ordnancesurvey.co.uk/ontology/admingeo/District,Norfolk,http://data.ordnancesurvey.co.uk/id/7000000000007238,http://data.ordnancesurvey.co.uk/ontology/admingeo/County,Eastern,http://data.ordnancesurvey.co.uk/id/7000000000041425,England,http://data.ordnancesurvey.co.uk/id/country/england,,,
osgb4000000026932363,http://data.ordnancesurvey.co.uk/id/4000000026932363,Barton Lane,,,,transportNetwork,Named Road,542773,317756,7000,20000,542249,317406,543395,317847,PE13,http://data.ordnancesurvey.co.uk/id/postcodedistrict/PE13,,,,South Holland,http://data.ordnancesurvey.co.uk/id/7000000000005599,http://data.ordnancesurvey.co.uk/ontology/admingeo/District,Lincolnshire,http://data.ordnancesurvey.co.uk/id/7000000000005942,http://data.ordnancesurvey.co.uk/ontology/admingeo/County,East Midlands,http://data.ordnancesurvey.co.uk/id/7000000000041423,England,http://data.ordnancesurvey.co.uk/id/country/england,,,
osgb4000000026933531,http://data.ordnancesurvey.co.uk/id/4000000026933531,West Parade,,,,transportNetwork,Named Road,545848,310476,5000,20000,545542,310066,546036,310838,PE13,http://data.ordnancesurvey.co.uk/id/postcodedistrict/PE13,Wisbech,http://data.ordnancesurvey.co.uk/id/4000000074551318,http://www.ordnancesurvey.co.uk/xml/codelists/localtype.xml#town,Fenland,http://data.ordnancesurvey.co.uk/id/7000000000001357,http://data.ordnancesurvey.co.uk/ontology/admingeo/District,Cambridgeshire,http://data.ordnancesurvey.co.uk/id/7000000000001386,http://data.ordnancesurvey.co.uk/ontology/admingeo/County,Eastern,http://data.ordnancesurvey.co.uk/id/7000000000041425,England,http://data.ordnancesurvey.co.uk/id/country/england,,,
osgb4000000026943744,http://data.ordnancesurvey.co.uk/id/4000000026943744,Prins Court,,,,transportNetwork,Named Road,546870,310688,1000,20000,546863,310661,546889,310693,PE13,http://data.ordnancesurvey.co.uk/id/postcodedistrict/PE13,Wisbech,http://data.ordnancesurvey.co.uk/id/4000000074551318,http://www.ordnancesurvey.co.uk/xml/codelists/localtype.xml#town,Fenland,http://data.ordnancesurvey.co.uk/id/7000000000001357,http://data.ordnancesurvey.co.uk/ontology/admingeo/District,Cambridgeshire,http://data.ordnancesurvey.co.uk/id/7000000000001386,http://data.ordnancesurvey.co.uk/ontology/admingeo/County,Eastern,http://data.ordnancesurvey.co.uk/id/7000000000041425,England,http://data.ordnancesurvey.co.uk/id/country/england,,,
7c034321-ed83-456d-8fbe-4ef79484dfbc,http://data.ordnancesurvey.co.uk/id/7c034321-ed83-456d-8fbe-4ef79484dfbc,Cox's Lane,,,,transportNetwork,Section Of Named Road,544823,308909,5000,25000,544527,308553,545158,309325,PE13,http://data.ordnancesurvey.co.uk/id/postcodedistrict/PE13,Wisbech,http://data.ordnancesurvey.co.uk/id/4000000074551318,http://www.ordnancesurvey.co.uk/xml/codelists/localtype.xml#town,Fenland,http://data.ordnancesurvey.co.uk/id/7000000000001357,http://data.ordnancesurvey.co.uk/ontology/admingeo/District,Cambridgeshire,http://data.ordnancesurvey.co.uk/id/7000000000001386,http://data.ordnancesurvey.co.uk/ontology/admingeo/County,Eastern,http://data.ordnancesurvey.co.uk/id/7000000000041425,England,http://data.ordnancesurvey.co.uk/id/country/england,osgb4000000026933505,,
5e97c280-67cf-4a19-a03f-0915b7fefcb6,http://data.ordnancesurvey.co.uk/id/5e97c280-67cf-4a19-a03f-0915b7fefcb6,Mill Lane,,,,transportNetwork,Section Of Named Road,555059,315586,1000,25000,554979,315543,555146,315636,PE34,http://data.ordnancesurvey.co.uk/id/postcodedistrict/PE34,Tilney St Lawrence,http://data.ordnancesurvey.co.uk/id/4000000074550579,http://www.ordnancesurvey.co.uk/xml/codelists/localtype.xml#village,King's Lynn and West Norfolk,http://data.ordnancesurvey.co.uk/id/7000000000007016,http://data.ordnancesurvey.co.uk/ontology/admingeo/District,Norfolk,http://data.ordnancesurvey.co.uk/id/7000000000007238,http://data.ordnancesurvey.co.uk/ontology/admingeo/County,Eastern,http://data.ordnancesurvey.co.uk/id/7000000000041425,England,http://data.ordnancesurvey.co.uk/id/country/england,osgb4000000026933688,,
osgb4000000026940246,http://data.ordnancesurvey.co.uk/id/4000000026940246,Glenfield Close,,,,transportNetwork,Named Road,552337,302502,1000,20000,552303,302439,552354,302522,PE14,http://data.ordnancesurvey.co.uk/id/postcodedistrict/PE14,Outwell,http://data.ordnancesurvey.co.uk/id/4000000074548389,http://www.ordnancesurvey.co.uk/xml/codelists/localtype.xml#village,King's Lynn and West Norfolk,http://data.ordnancesurvey.co.uk/id/7000000000007016,http://data.ordnancesurvey.co.uk/ontology/admingeo/District,Norfolk,http://data.ordnancesurvey.co.uk/id/7000000000007238,http://data.ordnancesurvey.co.uk/ontology/admingeo/County,Eastern,http://data.ordnancesurvey.co.uk/id/7000000000041425,England,http://data.ordnancesurvey.co.uk/id/country/england,,,
osgb4000000026942725,http://data.ordnancesurvey.co.uk/id/4000000026942725,The Jetty,,,,transportNetwork,Named Road,542034,308100,1000,20000,542021,308064,542053,308125,PE13,http://data.ordnancesurvey.co.uk/id/postcodedistrict/PE13,Wisbech St Mary,http://data.ordnancesurvey.co.uk/id/4000000074551315,http://www.ordnancesurvey.co.uk/xml/codelists/localtype.xml#village,Fenland,http://data.ordnancesurvey.co.uk/id/7000000000001357,http://data.ordnancesurvey.co.uk/ontology/admingeo/District,Cambridgeshire,http://data.ordnancesurvey.co.uk/id/7000000000001386,http://data.ordnancesurvey.co.uk/ontology/admingeo/County,Eastern,http://data.ordnancesurvey.co.uk/id/7000000000041425,England,http://data.ordnancesurvey.co.uk/id/country/england,,,
2a650918-ff41-40e5-b63c-1c6cf8e47455,http://data.ordnancesurvey.co.uk/id/2a650918-ff41-40e5-b63c-1c6cf8e47455,Edge Bank,,,,transportNetwork,Section Of Named Road,551598,307346,1000,25000,551503,307346,551679,307467,PE14,http://data.ordnancesurvey.co.uk/id/postcodedistrict/PE14,Emneth Hungate,http://data.ordnancesurvey.co.uk/id/4000000074548394,http://www.ordnancesurvey.co.uk/xml/codelists/localtype.xml#hamlet,King's Lynn and West Norfolk,http://data.ordnancesurvey.co.uk/id/7000000000007016,http://data.ordnancesurvey.co.uk/ontology/admingeo/District,Norfolk,http://data.ordnancesurvey.co.uk/id/7000000000007238,http://data.ordnancesurvey.co.uk/ontology/admingeo/County,Eastern,http://data.ordnancesurvey.co.uk/id/7000000000041425,England,http://data.ordnancesurvey.co.uk/id/country/england,osgb4000000026931759,,
osgb4000000026940413,http://data.ordnancesurvey.co.uk/id/4000000026940413,Rowan Close,,,,transportNetwork,Named Road,547678,310723,1000,20000,547608,310666,547709,310738,PE13,http://data.ordnancesurvey.co.uk/id/postcodedistrict/PE13,Wisbech,http://data.ordnancesurvey.co.uk/id/4000000074551318,http://www.ordnancesurvey.co.uk/xml/codelists/localtype.xml#town,Fenland,http://data.ordnancesurvey.co.uk/id/7000000000001357,http://data.ordnancesurvey.co.uk/ontology/admingeo/District,Cambridgeshire,http://data.ordnancesurvey.co.uk/id/7000000000001386,http://data.ordnancesurvey.co.uk/ontology/admingeo/County,Eastern,http://data.ordnancesurvey.co.uk/id/7000000000041425,England,http://data.ordnancesurvey.co.uk/id/country/england,,,
osgb4000000026932297,http://data.ordnancesurvey.co.uk/id/4000000026932297,Norwich Road,,,,transportNetwork,Named Road,547019,309774,7000,20000,546456,309379,547553,310337,PE13,http://data.ordnancesurvey.co.uk/id/postcodedistrict/PE13,Wisbech,http://data.ordnancesurvey.co.uk/id/4000000074551318,http://www.ordnancesurvey.co.uk/xml/codelists/localtype.xml#town,Fenland,http://data.ordnancesurvey.co.uk/id/7000000000001357,http://data.ordnancesurvey.co.uk/ontology/admingeo/District,Cambridgeshire,http://data.ordnancesurvey.co.uk/id/7000000000001386,http://data.ordnancesurvey.co.uk/ontology/admingeo/County,Eastern,http://data.ordnancesurvey.co.uk/id/7000000000041425,England,http://data.ordnancesurvey.co.uk/id/country/england,,,
osgb4000000026937418,http://data.ordnancesurvey.co.uk/id/4000000026937418,Roseberry Road,,,,transportNetwork,Named Road,547100,306360,1000,20000,547076,306281,547128,306434,PE14,http://data.ordnancesurvey.co.uk/id/postcodedistrict/PE14,Elm,http://data.ordnancesurvey.co.uk/id/4000000074341528,http://www.ordnancesurvey.co.uk/xml/codelists/localtype.xml#village,Fenland,http://data.ordnancesurvey.co.uk/id/7000000000001357,http://data.ordnancesurvey.co.uk/ontology/admingeo/District,Cambridgeshire,http://data.ordnancesurvey.co.uk/id/7000000000001386,http://data.ordnancesurvey.co.uk/ontology/admingeo/County,Eastern,http://data.ordnancesurvey.co.uk/id/7000000000041425,England,http://data.ordnancesurvey.co.uk/id/country/england,,,
osgb4000000026932221,http://data.ordnancesurvey.co.uk/id/4000000026932221,Green Road,,,,transportNetwork,Named Road,550682,301997,7000,20000,550577,301403,550995,302445,PE14,http://data.ordnancesurvey.co.uk/id/postcodedistrict/PE14,,,,King's Lynn and West Norfolk,http://data.ordnancesurvey.co.uk/id/7000000000007016,http://data.ordnancesurvey.co.uk/ontology/admingeo/District,Norfolk,http://data.ordnancesurvey.co.uk/id/7000000000007238,http://data.ordnancesurvey.co.uk/ontology/admingeo/County,Eastern,http://data.ordnancesurvey.co.uk/id/7000000000041425,England,http://data.ordnancesurvey.co.uk/id/country/england,,,
osgb4000000026940376,http://data.ordnancesurvey.co.uk/id/4000000026940376,Oil Mill Lane,,,,transportNetwork,Named Road,546021,309839,1000,20000,546005,309811,546032,309881,PE13,http://data.ordnancesurvey.co.uk/id/postcodedistrict/PE13,Wisbech,http://data.ordnancesurvey.co.uk/id/4000000074551318,http://www.ordnancesurvey.co.uk/xml/codelists/localtype.xml#town,Fenland,http://data.ordnancesurvey.co.uk/id/7000000000001357,http://data.ordnancesurvey.co.uk/ontology/admingeo/District,Cambridgeshire,http://data.ordnancesurvey.co.uk/id/7000000000001386,http://data.ordnancesurvey.co.uk/ontology/admingeo/County,Eastern,http://data.ordnancesurvey.co.uk/id/7000000000041425,England,http://data.ordnancesurvey.co.uk/id/country/england,,,
osgb4000000026933640,http://data.ordnancesurvey.co.uk/id/4000000026933640,Broad End Road,,,,transportNetwork,Named Road,548443,309231,7000,20000,547883,308821,548992,309478,PE14,http://data.ordnancesurvey.co.uk/id/postcodedistrict/PE14,Paradise,http://data.ordnancesurvey.co.uk/id/4000000074541379,http://www.ordnancesurvey.co.uk/xml/codelists/localtype.xml#hamlet,King's Lynn and West Norfolk,http://data.ordnancesurvey.co.uk/id/7000000000007016,http://data.ordnancesurvey.co.uk/ontology/admingeo/District,Norfolk,http://data.ordnancesurvey.co.uk/id/7000000000007238,http://data.ordnancesurvey.co.uk/ontology/admingeo/County,Eastern,http://data.ordnancesurvey.co.uk/id/7000000000041425,England,http://data.ordnancesurvey.co.uk/id/country/england,,,
osgb4000000026935043,http://data.ordnancesurvey.co.uk/id/4000000026935043,Main Road,,,,transportNetwork,Named Road,550564,300277,3000,20000,550450,300029,550577,300496,PE14,http://data.ordnancesurvey.co.uk/id/postcodedistrict/PE14,Three Holes,http://data.ordnancesurvey.co.uk/id/4000000074550936,http://www.ordnancesurvey.co.uk/xml/codelists/localtype.xml#village,King's Lynn and West Norfolk,http://data.ordnancesurvey.co.uk/id/7000000000007016,http://data.ordnancesurvey.co.uk/ontology/admingeo/District,Norfolk,http://data.ordnancesurvey.co.uk/id/7000000000007238,http://data.ordnancesurvey.co.uk/ontology/admingeo/County,Eastern,http://data.ordnancesurvey.co.uk/id/7000000000041425,England,http://data.ordnancesurvey.co.uk/id/country/england,,,
osgb4000000026940521,http://data.ordnancesurvey.co.uk/id/4000000026940521,Five Alls Road,,,,transportNetwork,Named Road,551781,313979,1000,20000,551759,313946,551796,314014,PE14,http://data.ordnancesurvey.co.uk/id/postcodedistrict/PE14,Walpole Highway,http://data.ordnancesurvey.co.uk/id/4000000074550945,http://www.ordnancesurvey.co.uk/xml/codelists/localtype.xml#village,King's Lynn and West Norfolk,http://data.ordnancesurvey.co.uk/id/7000000000007016,http://data.ordnancesurvey.co.uk/ontology/admingeo/District,Norfolk,http://data.ordnancesurvey.co.uk/id/7000000000007238,http://data.ordnancesurvey.co.uk/ontology/admingeo/County,Eastern,http://data.ordnancesurvey.co.uk/id/7000000000041425,England,http://data.ordnancesurvey.co.uk/id/country/england,,,
osgb4000000026932409,http://data.ordnancesurvey.co.uk/id/4000000026932409,Rands Road,,,,transportNetwork,Named Road,554165,309942,14000,20000,553845,308879,554574,311028,PE14,http://data.ordnancesurvey.co.uk/id/postcodedistrict/PE14,,,,King's Lynn and West Norfolk,http://data.ordnancesurvey.co.uk/id/7000000000007016,http://data.ordnancesurvey.co.uk/ontology/admingeo/District,Norfolk,http://data.ordnancesurvey.co.uk/id/7000000000007238,http://data.ordnancesurvey.co.uk/ontology/admingeo/County,Eastern,http://data.ordnancesurvey.co.uk/id/7000000000041425,England,http://data.ordnancesurvey.co.uk/id/country/england,,,
osgb4000000026933512,http://data.ordnancesurvey.co.uk/id/4000000026933512,Sandall Road,,,,transportNetwork,Named Road,546171,308665,2000,20000,546061,308480,546269,308821,PE13,http://data.ordnancesurvey.co.uk/id/postcodedistrict/PE13,Wisbech,http://data.ordnancesurvey.co.uk/id/4000000074551318,http://www.ordnancesurvey.co.uk/xml/codelists/localtype.xml#town,Fenland,http://data.ordnancesurvey.co.uk/id/7000000000001357,http://data.ordnancesurvey.co.uk/ontology/admingeo/District,Cambridgeshire,http://data.ordnancesurvey.co.uk/id/7000000000001386,http://data.ordnancesurvey.co.uk/ontology/admingeo/County,Eastern,http://data.ordnancesurvey.co.uk/id/7000000000041425,England,http://data.ordnancesurvey.co.uk/id/country/england,,,
osgb4000000026935294,http://data.ordnancesurvey.co.uk/id/4000000026935294,Hay Green Road (South),,,,transportNetwork,Named Road,553194,318685,3000,20000,552944,318510,553424,318776,PE34,http://data.ordnancesurvey.co.uk/id/postcodedistrict/PE34,,,,King's Lynn and West Norfolk,http://data.ordnancesurvey.co.uk/id/7000000000007016,http://data.ordnancesurvey.co.uk/ontology/admingeo/District,Norfolk,http://data.ordnancesurvey.co.uk/id/7000000000007238,http://data.ordnancesurvey.co.uk/ontology/admingeo/County,Eastern,http://data.ordnancesurvey.co.uk/id/7000000000041425,England,http://data.ordnancesurvey.co.uk/id/country/england,,,
osgb5000005232449463,http://data.ordnancesurvey.co.uk/id/5000005232449463,Town Drove,,,,transportNetwork,Named Road,553200,304888,2000,20000,553007,304767,553380,305022,PE14,http://data.ordnancesurvey.co.uk/id/postcodedistrict/PE14,,,,King's Lynn and West Norfolk,http://data.ordnancesurvey.co.uk/id/7000000000007016,http://data.ordnancesurvey.co.uk/ontology/admingeo/District,Norfolk,http://data.ordnancesurvey.co.uk/id/7000000000007238,http://data.ordnancesurvey.co.uk/ontology/admingeo/County,Eastern,http://data.ordnancesurvey.co.uk/id/7000000000041425,England,http://data.ordnancesurvey.co.uk/id/country/england,,,
osgb5000005238902870,http://data.ordnancesurvey.co.uk/id/5000005238902870,Sapphire Close,,,,transportNetwork,Named Road,541895,315970,1000,20000,541865,315949,541907,316003,PE13,http://data.ordnancesurvey.co.uk/id/postcodedistrict/PE13,Tydd St Giles,http://data.ordnancesurvey.co.uk/id/4000000074548770,http://www.ordnancesurvey.co.uk/xml/codelists/localtype.xml#village,Fenland,http://data.ordnancesurvey.co.uk/id/7000000000001357,http://data.ordnancesurvey.co.uk/ontology/admingeo/District,Cambridgeshire,http://data.ordnancesurvey.co.uk/id/7000000000001386,http://data.ordnancesurvey.co.uk/ontology/admingeo/County,Eastern,http://data.ordnancesurvey.co.uk/id/7000000000041425,England,http://data.ordnancesurvey.co.uk/id/country/england,,,
osgb4000000026940306,http://data.ordnancesurvey.co.uk/id/4000000026940306,Sywell Grove,,,,transportNetwork,Named Road,546870,306580,1000,20000,546837,306556,546902,306580,PE14,http://data.ordnancesurvey.co.uk/id/postcodedistrict/PE14,Elm,http://data.ordnancesurvey.co.uk/id/4000000074341528,http://www.ordnancesurvey.co.uk/xml/codelists/localtype.xml#village,Fenland,http://data.ordnancesurvey.co.uk/id/7000000000001357,http://data.ordnancesurvey.co.uk/ontology/admingeo/District,Cambridgeshire,http://data.ordnancesurvey.co.uk/id/7000000000001386,http://data.ordnancesurvey.co.uk/ontology/admingeo/County,Eastern,http://data.ordnancesurvey.co.uk/id/7000000000041425,England,http://data.ordnancesurvey.co.uk/id/country/england,,,
osgb4000000026937458,http://data.ordnancesurvey.co.uk/id/4000000026937458,Penrose Gardens,,,,transportNetwork,Named Road,547107,309023,1000,20000,546989,308996,547208,309060,PE13,http://data.ordnancesurvey.co.uk/id/postcodedistrict/PE13,Wisbech,http://data.ordnancesurvey.co.uk/id/4000000074551318,http://www.ordnancesurvey.co.uk/xml/codelists/localtype.xml#town,Fenland,http://data.ordnancesurvey.co.uk/id/7000000000001357,http://data.ordnancesurvey.co.uk/ontology/admingeo/District,Cambridgeshire,http://data.ordnancesurvey.co.uk/id/7000000000001386,http://data.ordnancesurvey.co.uk/ontology/admingeo/County,Eastern,http://data.ordnancesurvey.co.uk/id/7000000000041425,England,http://data.ordnancesurvey.co.uk/id/country/england,,,
osgb4000000026935162,http://data.ordnancesurvey.co.uk/id/4000000026935162,Brigstock Road,,,,transportNetwork,Named Road,545869,310810,2000,20000,545742,310710,545985,310890,PE13,http://data.ordnancesurvey.co.uk/id/postcodedistrict/PE13,Wisbech,http://data.ordnancesurvey.co.uk/id/4000000074551318,http://www.ordnancesurvey.co.uk/xml/codelists/localtype.xml#town,Fenland,http://data.ordnancesurvey.co.uk/id/7000000000001357,http://data.ordnancesurvey.co.uk/ontology/admingeo/District,Cambridgeshire,http://data.ordnancesurvey.co.uk/id/7000000000001386,http://data.ordnancesurvey.co.uk/ontology/admingeo/County,Eastern,http://data.ordnancesurvey.co.uk/id/7000000000041425,England,http://data.ordnancesurvey.co.uk/id/country/england,,,
osgb4000000027031894,http://data.ordnancesurvey.co.uk/id/4000000027031894,Rose Fair Close,,,,transportNetwork,Named Road,546546,308965,1000,20000,546532,308924,546598,309011,PE13,http://data.ordnancesurvey.co.uk/id/postcodedistrict/PE13,Wisbech,http://data.ordnancesurvey.co.uk/id/4000000074551318,http://www.ordnancesurvey.co.uk/xml/codelists/localtype.xml#town,Fenland,http://data.ordnancesurvey.co.uk/id/7000000000001357,http://data.ordnancesurvey.co.uk/ontology/admingeo/District,Cambridgeshire,http://data.ordnancesurvey.co.uk/id/7000000000001386,http://data.ordnancesurvey.co.uk/ontology/admingeo/County,Eastern,http://data.ordnancesurvey.co.uk/id/7000000000041425,England,http://data.ordnancesurvey.co.uk/id/country/england,,,
osgb4000000026935102,http://data.ordnancesurvey.co.uk/id/4000000026935102,Tower Road,,,,transportNetwork,Named Road,546276,304701,2000,20000,546170,304619,546447,304750,PE14,http://data.ordnancesurvey.co.uk/id/postcodedistrict/PE14,Friday Bridge,http://data.ordnancesurvey.co.uk/id/4000000074550225,http://www.ordnancesurvey.co.uk/xml/codelists/localtype.xml#village,Fenland,http://data.ordnancesurvey.co.uk/id/7000000000001357,http://data.ordnancesurvey.co.uk/ontology/admingeo/District,Cambridgeshire,http://data.ordnancesurvey.co.uk/id/7000000000001386,http://data.ordnancesurvey.co.uk/ontology/admingeo/County,Eastern,http://data.ordnancesurvey.co.uk/id/7000000000041425,England,http://data.ordnancesurvey.co.uk/id/country/england,,,
osgb4000000026933641,http://data.ordnancesurvey.co.uk/id/4000000026933641,Fences Farm Road,,,,transportNetwork,Named Road,556754,304946,5000,20000,556629,304583,556877,305310,PE34,http://data.ordnancesurvey.co.uk/id/postcodedistrict/PE34,,,,King's Lynn and West Norfolk,http://data.ordnancesurvey.co.uk/id/7000000000007016,http://data.ordnancesurvey.co.uk/ontology/admingeo/District,Norfolk,http://data.ordnancesurvey.co.uk/id/7000000000007238,http://data.ordnancesurvey.co.uk/ontology/admingeo/County,Eastern,http://data.ordnancesurvey.co.uk/id/7000000000041425,England,http://data.ordnancesurvey.co.uk/id/country/england,,,
osgb4000000026942748,http://data.ordnancesurvey.co.uk/id/4000000026942748,Blackfriars Road,,,,transportNetwork,Named Road,546321,309721,1000,20000,546321,309721,546369,309722,PE13,http://data.ordnancesurvey.co.uk/id/postcodedistrict/PE13,Wisbech,http://data.ordnancesurvey.co.uk/id/4000000074551318,http://www.ordnancesurvey.co.uk/xml/codelists/localtype.xml#town,Fenland,http://data.ordnancesurvey.co.uk/id/7000000000001357,http://data.ordnancesurvey.co.uk/ontology/admingeo/District,Cambridgeshire,http://data.ordnancesurvey.co.uk/id/7000000000001386,http://data.ordnancesurvey.co.uk/ontology/admingeo/County,Eastern,http://data.ordnancesurvey.co.uk/id/7000000000041425,England,http://data.ordnancesurvey.co.uk/id/country/england,,,
716b0173-3a89-4f98-a03e-6ef41e3e2e2e,http://data.ordnancesurvey.co.uk/id/716b0173-3a89-4f98-a03e-6ef41e3e2e2e,Highbridge Road,,,,transportNetwork,Section Of Named Road,557551,305626,1000,25000,557514,305538,557595,305714,PE34,http://data.ordnancesurvey.co.uk/id/postcodedistrict/PE34,West Head,http://data.ordnancesurvey.co.uk/id/4000000074550934,http://www.ordnancesurvey.co.uk/xml/codelists/localtype.xml#hamlet,King's Lynn and West Norfolk,http://data.ordnancesurvey.co.uk/id/7000000000007016,http://data.ordnancesurvey.co.uk/ontology/admingeo/District,Norfolk,http://data.ordnancesurvey.co.uk/id/7000000000007238,http://data.ordnancesurvey.co.uk/ontology/admingeo/County,Eastern,http://data.ordnancesurvey.co.uk/id/7000000000041425,England,http://data.ordnancesurvey.co.uk/id/country/england,osgb4000000026932400,,
osgb4000000026935161,http://data.ordnancesurvey.co.uk/id/4000000026935161,Wilberforce Road,,,,transportNetwork,Named Road,546881,309783,2000,20000,546750,309748,547009,309824,PE13,http://data.ordnancesurvey.co.uk/id/postcodedistrict/PE13,Wisbech,http://data.ordnancesurvey.co.uk/id/4000000074551318,http://www.ordnancesurvey.co.uk/xml/codelists/localtype.xml#town,Fenland,http://data.ordnancesurvey.co.uk/id/7000000000001357,http://data.ordnancesurvey.co.uk/ontology/admingeo/District,Cambridgeshire,http://data.ordnancesurvey.co.uk/id/7000000000001386,http://data.ordnancesurvey.co.uk/ontology/admingeo/County,Eastern,http://data.ordnancesurvey.co.uk/id/7000000000041425,England,http://data.ordnancesurvey.co.uk/id/country/england,,,
23817987-5d6c-4556-8225-512c7349034f,http://data.ordnancesurvey.co.uk/id/23817987-5d6c-4556-8225-512c7349034f,Mill Road,,,,transportNetwork,Section Of Named Road,547024,313439,2000,25000,546988,313298,547121,313672,PE14,http://data.ordnancesurvey.co.uk/id/postcodedistrict/PE14,West Walton,http://data.ordnancesurvey.co.uk/id/4000000074552041,http://www.ordnancesurvey.co.uk/xml/codelists/localtype.xml#village,King's Lynn and West Norfolk,http://data.ordnancesurvey.co.uk/id/7000000000007016,http://data.ordnancesurvey.co.uk/ontology/admingeo/District,Norfolk,http://data.ordnancesurvey.co.uk/id/7000000000007238,http://data.ordnancesurvey.co.uk/ontology/admingeo/County,Eastern,http://data.ordnancesurvey.co.uk/id/7000000000041425,England,http://data.ordnancesurvey.co.uk/id/country/england,osgb4000000026932304,,
osgb4000000026933526,http://data.ordnancesurvey.co.uk/id/4000000026933526,Dowgate Road,,,,transportNetwork,Named Road,544866,310724,4000,20000,544524,310594,545156,310795,PE13,http://data.ordnancesurvey.co.uk/id/postcodedistrict/PE13,Wisbech,http://data.ordnancesurvey.co.uk/id/4000000074551318,http://www.ordnancesurvey.co.uk/xml/codelists/localtype.xml#town,Fenland,http://data.ordnancesurvey.co.uk/id/7000000000001357,http://data.ordnancesurvey.co.uk/ontology/admingeo/District,Cambridgeshire,http://data.ordnancesurvey.co.uk/id/7000000000001386,http://data.ordnancesurvey.co.uk/ontology/admingeo/County,Eastern,http://data.ordnancesurvey.co.uk/id/7000000000041425,England,http://data.ordnancesurvey.co.uk/id/country/england,,,
osgb4000000026942737,http://data.ordnancesurvey.co.uk/id/4000000026942737,Great Eastern Road,,,,transportNetwork,Named Road,545960,309040,1000,20000,545959,309000,545995,309045,PE13,http://data.ordnancesurvey.co.uk/id/postcodedistrict/PE13,Wisbech,http://data.ordnancesurvey.co.uk/id/4000000074551318,http://www.ordnancesurvey.co.uk/xml/codelists/localtype.xml#town,Fenland,http://data.ordnancesurvey.co.uk/id/7000000000001357,http://data.ordnancesurvey.co.uk/ontology/admingeo/District,Cambridgeshire,http://data.ordnancesurvey.co.uk/id/7000000000001386,http://data.ordnancesurvey.co.uk/ontology/admingeo/County,Eastern,http://data.ordnancesurvey.co.uk/id/7000000000041425,England,http://data.ordnancesurvey.co.uk/id/country/england,,,
osgb4000000026931708,http://data.ordnancesurvey.co.uk/id/4000000026931708,Small Lode,,,,transportNetwork,Named Road,551419,302531,12000,20000,550523,302116,552309,302894,PE14,http://data.ordnancesurvey.co.uk/id/postcodedistrict/PE14,Upwell,http://data.ordnancesurvey.co.uk/id/4000000074550938,http://www.ordnancesurvey.co.uk/xml/codelists/localtype.xml#village,King's Lynn and West Norfolk,http://data.ordnancesurvey.co.uk/id/7000000000007016,http://data.ordnancesurvey.co.uk/ontology/admingeo/District,Norfolk,http://data.ordnancesurvey.co.uk/id/7000000000007238,http://data.ordnancesurvey.co.uk/ontology/admingeo/County,Eastern,http://data.ordnancesurvey.co.uk/id/7000000000041425,England,http://data.ordnancesurvey.co.uk/id/country/england,,,
osgb4000000026940408,http://data.ordnancesurvey.co.uk/id/4000000026940408,Westry Close,,,,transportNetwork,Named Road,548189,310350,1000,20000,548148,310336,548236,310354,PE14,http://data.ordnancesurvey.co.uk/id/postcodedistrict/PE14,Wisbech,http://data.ordnancesurvey.co.uk/id/4000000074551318,http://www.ordnancesurvey.co.uk/xml/codelists/localtype.xml#town,King's Lynn and West Norfolk,http://data.ordnancesurvey.co.uk/id/7000000000007016,http://data.ordnancesurvey.co.uk/ontology/admingeo/District,Norfolk,http://data.ordnancesurvey.co.uk/id/7000000000007238,http://data.ordnancesurvey.co.uk/ontology/admingeo/County,Eastern,http://data.ordnancesurvey.co.uk/id/7000000000041425,England,http://data.ordnancesurvey.co.uk/id/country/england,,,
osgb4000000026935132,http://data.ordnancesurvey.co.uk/id/4000000026935132,Mount Drive,,,,transportNetwork,Named Road,547005,309500,3000,20000,546862,309287,547170,309686,PE13,http://data.ordnancesurvey.co.uk/id/postcodedistrict/PE13,Wisbech,http://data.ordnancesurvey.co.uk/id/4000000074551318,http://www.ordnancesurvey.co.uk/xml/codelists/localtype.xml#town,Fenland,http://data.ordnancesurvey.co.uk/id/7000000000001357,http://data.ordnancesurvey.co.uk/ontology/admingeo/District,Cambridgeshire,http://data.ordnancesurvey.co.uk/id/7000000000001386,http://data.ordnancesurvey.co.uk/ontology/admingeo/County,Eastern,http://data.ordnancesurvey.co.uk/id/7000000000041425,England,http://data.ordnancesurvey.co.uk/id/country/england,,,
f465d02d-bb9b-4bad-b202-e7dc03930f54,http://data.ordnancesurvey.co.uk/id/f465d02d-bb9b-4bad-b202-e7dc03930f54,Ringers Lane,,,,transportNetwork,Section Of Named Road,544194,311129,4000,25000,544149,310783,544257,311467,PE13,http://data.ordnancesurvey.co.uk/id/postcodedistrict/PE13,Leverington,http://data.ordnancesurvey.co.uk/id/4000000074551313,http://www.ordnancesurvey.co.uk/xml/codelists/localtype.xml#village,Fenland,http://data.ordnancesurvey.co.uk/id/7000000000001357,http://data.ordnancesurvey.co.uk/ontology/admingeo/District,Cambridgeshire,http://data.ordnancesurvey.co.uk/id/7000000000001386,http://data.ordnancesurvey.co.uk/ontology/admingeo/County,Eastern,http://data.ordnancesurvey.co.uk/id/7000000000041425,England,http://data.ordnancesurvey.co.uk/id/country/england,osgb4000000026935150,,
osgb5000005232275653,http://data.ordnancesurvey.co.uk/id/5000005232275653,Diddle's Dam,,,,transportNetwork,Named Road,557217,318575,8000,20000,556634,318474,557799,318694,PE34,http://data.ordnancesurvey.co.uk/id/postcodedistrict/PE34,,,,King's Lynn and West Norfolk,http://data.ordnancesurvey.co.uk/id/7000000000007016,http://data.ordnancesurvey.co.uk/ontology/admingeo/District,Norfolk,http://data.ordnancesurvey.co.uk/id/7000000000007238,http://data.ordnancesurvey.co.uk/ontology/admingeo/County,Eastern,http://data.ordnancesurvey.co.uk/id/7000000000041425,England,http://data.ordnancesurvey.co.uk/id/country/england,,,
osgb4000000026937447,http://data.ordnancesurvey.co.uk/id/4000000026937447,Hillburn Road,,,,transportNetwork,Named Road,546000,309210,1000,20000,545935,309127,546062,309280,PE13,http://data.ordnancesurvey.co.uk/id/postcodedistrict/PE13,Wisbech,http://data.ordnancesurvey.co.uk/id/4000000074551318,http://www.ordnancesurvey.co.uk/xml/codelists/localtype.xml#town,Fenland,http://data.ordnancesurvey.co.uk/id/7000000000001357,http://data.ordnancesurvey.co.uk/ontology/admingeo/District,Cambridgeshire,http://data.ordnancesurvey.co.uk/id/7000000000001386,http://data.ordnancesurvey.co.uk/ontology/admingeo/County,Eastern,http://data.ordnancesurvey.co.uk/id/7000000000041425,England,http://data.ordnancesurvey.co.uk/id/country/england,,,
osgb4000000026935044,http://data.ordnancesurvey.co.uk/id/4000000026935044,Dovecote Road,,,,transportNetwork,Named Road,549436,300958,3000,20000,549434,300774,549573,301165,PE14,http://data.ordnancesurvey.co.uk/id/postcodedistrict/PE14,Upwell,http://data.ordnancesurvey.co.uk/id/4000000074550938,http://www.ordnancesurvey.co.uk/xml/codelists/localtype.xml#village,King's Lynn and West Norfolk,http://data.ordnancesurvey.co.uk/id/7000000000007016,http://data.ordnancesurvey.co.uk/ontology/admingeo/District,Norfolk,http://data.ordnancesurvey.co.uk/id/7000000000007238,http://data.ordnancesurvey.co.uk/ontology/admingeo/County,Eastern,http://data.ordnancesurvey.co.uk/id/7000000000041425,England,http://data.ordnancesurvey.co.uk/id/country/england,,,
6158ea2b-de9b-43ab-ba3c-c00644144840,http://data.ordnancesurvey.co.uk/id/6158ea2b-de9b-43ab-ba3c-c00644144840,Horseshoe Court,,,,transportNetwork,Section Of Named Road,550917,303395,1000,25000,550901,303376,550938,303425,PE14,http://data.ordnancesurvey.co.uk/id/postcodedistrict/PE14,Outwell,http://data.ordnancesurvey.co.uk/id/4000000074548389,http://www.ordnancesurvey.co.uk/xml/codelists/localtype.xml#village,King's Lynn and West Norfolk,http://data.ordnancesurvey.co.uk/id/7000000000007016,http://data.ordnancesurvey.co.uk/ontology/admingeo/District,Norfolk,http://data.ordnancesurvey.co.uk/id/7000000000007238,http://data.ordnancesurvey.co.uk/ontology/admingeo/County,Eastern,http://data.ordnancesurvey.co.uk/id/7000000000041425,England,http://data.ordnancesurvey.co.uk/id/country/england,osgb4000000027014591,,
osgb4000000026940549,http://data.ordnancesurvey.co.uk/id/4000000026940549,Legge Place,,,,transportNetwork,Named Road,559881,314110,1000,20000,559823,314097,559927,314111,PE34,http://data.ordnancesurvey.co.uk/id/postcodedistrict/PE34,Wiggenhall St Germans,http://data.ordnancesurvey.co.uk/id/4000000074550213,http://www.ordnancesurvey.co.uk/xml/codelists/localtype.xml#village,King's Lynn and West Norfolk,http://data.ordnancesurvey.co.uk/id/7000000000007016,http://data.ordnancesurvey.co.uk/ontology/admingeo/District,Norfolk,http://data.ordnancesurvey.co.uk/id/7000000000007238,http://data.ordnancesurvey.co.uk/ontology/admingeo/County,Eastern,http://data.ordnancesurvey.co.uk/id/7000000000041425,England,http://data.ordnancesurvey.co.uk/id/country/england,,,
osgb4000000026950035,http://data.ordnancesurvey.co.uk/id/4000000026950035,Orchard Gardens,,,,transportNetwork,Named Road,549759,306691,1000,20000,549720,306668,549794,306709,PE14,http://data.ordnancesurvey.co.uk/id/postcodedistrict/PE14,Emneth,http://data.ordnancesurvey.co.uk/id/4000000074550948,http://www.ordnancesurvey.co.uk/xml/codelists/localtype.xml#village,King's Lynn and West Norfolk,http://data.ordnancesurvey.co.uk/id/7000000000007016,http://data.ordnancesurvey.co.uk/ontology/admingeo/District,Norfolk,http://data.ordnancesurvey.co.uk/id/7000000000007238,http://data.ordnancesurvey.co.uk/ontology/admingeo/County,Eastern,http://data.ordnancesurvey.co.uk/id/7000000000041425,England,http://data.ordnancesurvey.co.uk/id/country/england,,,
osgb4000000026940362,http://data.ordnancesurvey.co.uk/id/4000000026940362,Rose Walk,,,,transportNetwork,Named Road,545207,310500,1000,20000,545188,310427,545257,310526,PE13,http://data.ordnancesurvey.co.uk/id/postcodedistrict/PE13,Wisbech,http://data.ordnancesurvey.co.uk/id/4000000074551318,http://www.ordnancesurvey.co.uk/xml/codelists/localtype.xml#town,Fenland,http://data.ordnancesurvey.co.uk/id/7000000000001357,http://data.ordnancesurvey.co.uk/ontology/admingeo/District,Cambridgeshire,http://data.ordnancesurvey.co.uk/id/7000000000001386,http://data.ordnancesurvey.co.uk/ontology/admingeo/County,Eastern,http://data.ordnancesurvey.co.uk/id/7000000000041425,England,http://data.ordnancesurvey.co.uk/id/country/england,,,
osgb4000000026937531,http://data.ordnancesurvey.co.uk/id/4000000026937531,Colvile Road,,,,transportNetwork,Named Road,543816,314762,1000,20000,543755,314702,543852,314823,PE13,http://data.ordnancesurvey.co.uk/id/postcodedistrict/PE13,Newton-in-the-Isle,http://data.ordnancesurvey.co.uk/id/4000000074548769,http://www.ordnancesurvey.co.uk/xml/codelists/localtype.xml#village,Fenland,http://data.ordnancesurvey.co.uk/id/7000000000001357,http://data.ordnancesurvey.co.uk/ontology/admingeo/District,Cambridgeshire,http://data.ordnancesurvey.co.uk/id/7000000000001386,http://data.ordnancesurvey.co.uk/ontology/admingeo/County,Eastern,http://data.ordnancesurvey.co.uk/id/7000000000041425,England,http://data.ordnancesurvey.co.uk/id/country/england,,,
osgb4000000026933574,http://data.ordnancesurvey.co.uk/id/4000000026933574,Broad Drove East,,,,transportNetwork,Named Road,541745,315856,4000,20000,541421,315627,542073,316038,PE13,http://data.ordnancesurvey.co.uk/id/postcodedistrict/PE13,Tydd St Giles,http://data.ordnancesurvey.co.uk/id/4000000074548770,http://www.ordnancesurvey.co.uk/xml/codelists/localtype.xml#village,Fenland,http://data.ordnancesurvey.co.uk/id/7000000000001357,http://data.ordnancesurvey.co.uk/ontology/admingeo/District,Cambridgeshire,http://data.ordnancesurvey.co.uk/id/7000000000001386,http://data.ordnancesurvey.co.uk/ontology/admingeo/County,Eastern,http://data.ordnancesurvey.co.uk/id/7000000000041425,England,http://data.ordnancesurvey.co.uk/id/country/england,,,
osgb4000000026933687,http://data.ordnancesurvey.co.uk/id/4000000026933687,Victoria Road,,,,transportNetwork,Named Road,554286,315897,3000,20000,554062,315869,554476,315932,PE14,http://data.ordnancesurvey.co.uk/id/postcodedistrict/PE14,,,,King's Lynn and West Norfolk,http://data.ordnancesurvey.co.uk/id/7000000000007016,http://data.ordnancesurvey.co.uk/ontology/admingeo/District,Norfolk,http://data.ordnancesurvey.co.uk/id/7000000000007238,http://data.ordnancesurvey.co.uk/ontology/admingeo/County,Eastern,http://data.ordnancesurvey.co.uk/id/7000000000041425,England,http://data.ordnancesurvey.co.uk/id/country/england,,,
osgb4000000026935296,http://data.ordnancesurvey.co.uk/id/4000000026935296,Jankin Lane,,,,transportNetwork,Named Road,553822,317503,9000,20000,553618,316703,554160,318040,PE34,http://data.ordnancesurvey.co.uk/id/postcodedistrict/PE34,,,,King's Lynn and West Norfolk,http://data.ordnancesurvey.co.uk/id/7000000000007016,http://data.ordnancesurvey.co.uk/ontology/admingeo/District,Norfolk,http://data.ordnancesurvey.co.uk/id/7000000000007238,http://data.ordnancesurvey.co.uk/ontology/admingeo/County,Eastern,http://data.ordnancesurvey.co.uk/id/7000000000041425,England,http://data.ordnancesurvey.co.uk/id/country/england,,,
d9d901e2-1768-4f14-9a2d-15be80d72e60,http://data.ordnancesurvey.co.uk/id/d9d901e2-1768-4f14-9a2d-15be80d72e60,Church Lane,,,,transportNetwork,Section Of Named Road,553678,315677,4000,25000,553350,315657,553991,315696,PE14,http://data.ordnancesurvey.co.uk/id/postcodedistrict/PE14,Terrington St John,http://data.ordnancesurvey.co.uk/id/4000000074550941,http://www.ordnancesurvey.co.uk/xml/codelists/localtype.xml#village,King's Lynn and West Norfolk,http://data.ordnancesurvey.co.uk/id/7000000000007016,http://data.ordnancesurvey.co.uk/ontology/admingeo/District,Norfolk,http://data.ordnancesurvey.co.uk/id/7000000000007238,http://data.ordnancesurvey.co.uk/ontology/admingeo/County,Eastern,http://data.ordnancesurvey.co.uk/id/7000000000041425,England,http://data.ordnancesurvey.co.uk/id/country/england,osgb4000000026932444,,
44fd1355-8f71-4eaf-8196-8ce9e1b0e448,http://data.ordnancesurvey.co.uk/id/44fd1355-8f71-4eaf-8196-8ce9e1b0e448,Green Lane,,,,transportNetwork,Section Of Named Road,547905,309244,1000,25000,547879,309232,547916,309270,PE14,http://data.ordnancesurvey.co.uk/id/postcodedistrict/PE14,Paradise,http://data.ordnancesurvey.co.uk/id/4000000074541379,http://www.ordnancesurvey.co.uk/xml/codelists/localtype.xml#hamlet,King's Lynn and West Norfolk,http://data.ordnancesurvey.co.uk/id/7000000000007016,http://data.ordnancesurvey.co.uk/ontology/admingeo/District,Norfolk,http://data.ordnancesurvey.co.uk/id/7000000000007238,http://data.ordnancesurvey.co.uk/ontology/admingeo/County,Eastern,http://data.ordnancesurvey.co.uk/id/7000000000041425,England,http://data.ordnancesurvey.co.uk/id/country/england,osgb4000000026935142,,
osgb4000000026933513,http://data.ordnancesurvey.co.uk/id/4000000026933513,Queens Road,,,,transportNetwork,Named Road,546082,309261,3000,20000,545892,309063,546248,309487,PE13,http://data.ordnancesurvey.co.uk/id/postcodedistrict/PE13,Wisbech,http://data.ordnancesurvey.co.uk/id/4000000074551318,http://www.ordnancesurvey.co.uk/xml/codelists/localtype.xml#town,Fenland,http://data.ordnancesurvey.co.uk/id/7000000000001357,http://data.ordnancesurvey.co.uk/ontology/admingeo/District,Cambridgeshire,http://data.ordnancesurvey.co.uk/id/7000000000001386,http://data.ordnancesurvey.co.uk/ontology/admingeo/County,Eastern,http://data.ordnancesurvey.co.uk/id/7000000000041425,England,http://data.ordnancesurvey.co.uk/id/country/england,,,
osgb4000000026940525,http://data.ordnancesurvey.co.uk/id/4000000026940525,Manor Drive,,,,transportNetwork,Named Road,553891,314215,1000,20000,553872,314172,553904,314276,PE14,http://data.ordnancesurvey.co.uk/id/postcodedistrict/PE14,Terrington St John,http://data.ordnancesurvey.co.uk/id/4000000074550941,http://www.ordnancesurvey.co.uk/xml/codelists/localtype.xml#village,King's Lynn and West Norfolk,http://data.ordnancesurvey.co.uk/id/7000000000007016,http://data.ordnancesurvey.co.uk/ontology/admingeo/District,Norfolk,http://data.ordnancesurvey.co.uk/id/7000000000007238,http://data.ordnancesurvey.co.uk/ontology/admingeo/County,Eastern,http://data.ordnancesurvey.co.uk/id/7000000000041425,England,http://data.ordnancesurvey.co.uk/id/country/england,,,
osgb4000000026932444,http://data.ordnancesurvey.co.uk/id/4000000026932444,Church Lane,,,,transportNetwork,Named Road,553250,315707,9000,20000,552532,315657,553991,315791,PE14,http://data.ordnancesurvey.co.uk/id/postcodedistrict/PE14,,,,King's Lynn and West Norfolk,http://data.ordnancesurvey.co.uk/id/7000000000007016,http://data.ordnancesurvey.co.uk/ontology/admingeo/District,Norfolk,http://data.ordnancesurvey.co.uk/id/7000000000007238,http://data.ordnancesurvey.co.uk/ontology/admingeo/County,Eastern,http://data.ordnancesurvey.co.uk/id/7000000000041425,England,http://data.ordnancesurvey.co.uk/id/country/england,,,
osgb4000000026931758,http://data.ordnancesurvey.co.uk/id/4000000026931758,Needham Bank,,,,transportNetwork,Named Road,548738,305097,20000,21000,547114,304181,550279,305199,PE14,http://data.ordnancesurvey.co.uk/id/postcodedistrict/PE14,,,,Fenland,http://data.ordnancesurvey.co.uk/id/7000000000001357,http://data.ordnancesurvey.co.uk/ontology/admingeo/District,Cambridgeshire,http://data.ordnancesurvey.co.uk/id/7000000000001386,http://data.ordnancesurvey.co.uk/ontology/admingeo/County,Eastern,http://data.ordnancesurvey.co.uk/id/7000000000041425,England,http://data.ordnancesurvey.co.uk/id/country/england,,,
osgb5000005232421771,http://data.ordnancesurvey.co.uk/id/5000005232421771,Fenland Gate,,,,transportNetwork,Named Road,544111,315396,4000,20000,543891,315121,544170,315738,PE13,http://data.ordnancesurvey.co.uk/id/postcodedistrict/PE13,,,,Fenland,http://data.ordnancesurvey.co.uk/id/7000000000001357,http://data.ordnancesurvey.co.uk/ontology/admingeo/District,Cambridgeshire,http://data.ordnancesurvey.co.uk/id/7000000000001386,http://data.ordnancesurvey.co.uk/ontology/admingeo/County,Eastern,http://data.ordnancesurvey.co.uk/id/7000000000041425,England,http://data.ordnancesurvey.co.uk/id/country/england,,,
osgb4000000026935299,http://data.ordnancesurvey.co.uk/id/4000000026935299,Hay Green Road (North),,,,transportNetwork,Named Road,553930,319225,3000,20000,553889,319006,553963,319461,PE34,http://data.ordnancesurvey.co.uk/id/postcodedistrict/PE34,Terrington St Clement,http://data.ordnancesurvey.co.uk/id/4000000074548395,http://www.ordnancesurvey.co.uk/xml/codelists/localtype.xml#otherSettlement,King's Lynn and West Norfolk,http://data.ordnancesurvey.co.uk/id/7000000000007016,http://data.ordnancesurvey.co.uk/ontology/admingeo/District,Norfolk,http://data.ordnancesurvey.co.uk/id/7000000000007238,http://data.ordnancesurvey.co.uk/ontology/admingeo/County,Eastern,http://data.ordnancesurvey.co.uk/id/7000000000041425,England,http://data.ordnancesurvey.co.uk/id/country/england,,,
09cb1efd-85ad-4bbd-8c93-69cf6706bebb,http://data.ordnancesurvey.co.uk/id/09cb1efd-85ad-4bbd-8c93-69cf6706bebb,Police Road,,,,transportNetwork,Section Of Named Road,549800,316756,1000,25000,549789,316655,549803,316857,PE14,http://data.ordnancesurvey.co.uk/id/postcodedistrict/PE14,Walpole St Peter,http://data.ordnancesurvey.co.uk/id/4000000074550943,http://www.ordnancesurvey.co.uk/xml/codelists/localtype.xml#village,King's Lynn and West Norfolk,http://data.ordnancesurvey.co.uk/id/7000000000007016,http://data.ordnancesurvey.co.uk/ontology/admingeo/District,Norfolk,http://data.ordnancesurvey.co.uk/id/7000000000007238,http://data.ordnancesurvey.co.uk/ontology/admingeo/County,Eastern,http://data.ordnancesurvey.co.uk/id/7000000000041425,England,http://data.ordnancesurvey.co.uk/id/country/england,osgb4000000026933682,,
osgb4000000026940388,http://data.ordnancesurvey.co.uk/id/4000000026940388,Worcester Road,,,,transportNetwork,Named Road,546500,310906,1000,20000,546406,310892,546528,310910,PE13,http://data.ordnancesurvey.co.uk/id/postcodedistrict/PE13,Wisbech,http://data.ordnancesurvey.co.uk/id/4000000074551318,http://www.ordnancesurvey.co.uk/xml/codelists/localtype.xml#town,Fenland,http://data.ordnancesurvey.co.uk/id/7000000000001357,http://data.ordnancesurvey.co.uk/ontology/admingeo/District,Cambridgeshire,http://data.ordnancesurvey.co.uk/id/7000000000001386,http://data.ordnancesurvey.co.uk/ontology/admingeo/County,Eastern,http://data.ordnancesurvey.co.uk/id/7000000000041425,England,http://data.ordnancesurvey.co.uk/id/country/england,,,
osgb4000000026948340,http://data.ordnancesurvey.co.uk/id/4000000026948340,The Tramway,,,,transportNetwork,Named Road,551304,303709,1000,20000,551291,303660,551319,303732,PE14,http://data.ordnancesurvey.co.uk/id/postcodedistrict/PE14,Outwell,http://data.ordnancesurvey.co.uk/id/4000000074548389,http://www.ordnancesurvey.co.uk/xml/codelists/localtype.xml#village,King's Lynn and West Norfolk,http://data.ordnancesurvey.co.uk/id/7000000000007016,http://data.ordnancesurvey.co.uk/ontology/admingeo/District,Norfolk,http://data.ordnancesurvey.co.uk/id/7000000000007238,http://data.ordnancesurvey.co.uk/ontology/admingeo/County,Eastern,http://data.ordnancesurvey.co.uk/id/7000000000041425,England,http://data.ordnancesurvey.co.uk/id/country/england,,,
osgb4000000026940419,http://data.ordnancesurvey.co.uk/id/4000000026940419,Conference Way,,,,transportNetwork,Named Road,546226,311141,1000,20000,546145,311141,546303,311175,PE13,http://data.ordnancesurvey.co.uk/id/postcodedistrict/PE13,Wisbech,http://data.ordnancesurvey.co.uk/id/4000000074551318,http://www.ordnancesurvey.co.uk/xml/codelists/localtype.xml#town,Fenland,http://data.ordnancesurvey.co.uk/id/7000000000001357,http://data.ordnancesurvey.co.uk/ontology/admingeo/District,Cambridgeshire,http://data.ordnancesurvey.co.uk/id/7000000000001386,http://data.ordnancesurvey.co.uk/ontology/admingeo/County,Eastern,http://data.ordnancesurvey.co.uk/id/7000000000041425,England,http://data.ordnancesurvey.co.uk/id/country/england,,,
55a4dab8-ddd6-43e4-b299-f8245e2b4cbe,http://data.ordnancesurvey.co.uk/id/55a4dab8-ddd6-43e4-b299-f8245e2b4cbe,May's Lane,,,,transportNetwork,Section Of Named Road,543399,310640,1000,25000,543398,310566,543412,310702,PE13,http://data.ordnancesurvey.co.uk/id/postcodedistrict/PE13,Leverington,http://data.ordnancesurvey.co.uk/id/4000000074551313,http://www.ordnancesurvey.co.uk/xml/codelists/localtype.xml#village,Fenland,http://data.ordnancesurvey.co.uk/id/7000000000001357,http://data.ordnancesurvey.co.uk/ontology/admingeo/District,Cambridgeshire,http://data.ordnancesurvey.co.uk/id/7000000000001386,http://data.ordnancesurvey.co.uk/ontology/admingeo/County,Eastern,http://data.ordnancesurvey.co.uk/id/7000000000041425,England,http://data.ordnancesurvey.co.uk/id/country/england,osgb4000000026932293,,
osgb4000000026978727,http://data.ordnancesurvey.co.uk/id/4000000026978727,Stables Court,,,,transportNetwork,Named Road,544061,311834,1000,20000,544048,311800,544080,311848,PE13,http://data.ordnancesurvey.co.uk/id/postcodedistrict/PE13,Leverington,http://data.ordnancesurvey.co.uk/id/4000000074551313,http://www.ordnancesurvey.co.uk/xml/codelists/localtype.xml#village,Fenland,http://data.ordnancesurvey.co.uk/id/7000000000001357,http://data.ordnancesurvey.co.uk/ontology/admingeo/District,Cambridgeshire,http://data.ordnancesurvey.co.uk/id/7000000000001386,http://data.ordnancesurvey.co.uk/ontology/admingeo/County,Eastern,http://data.ordnancesurvey.co.uk/id/7000000000041425,England,http://data.ordnancesurvey.co.uk/id/country/england,,,
osgb4000000026940308,http://data.ordnancesurvey.co.uk/id/4000000026940308,Rose Lane,,,,transportNetwork,Named Road,547000,306967,1000,20000,546944,306939,547023,306972,PE14,http://data.ordnancesurvey.co.uk/id/postcodedistrict/PE14,Elm,http://data.ordnancesurvey.co.uk/id/4000000074341528,http://www.ordnancesurvey.co.uk/xml/codelists/localtype.xml#village,Fenland,http://data.ordnancesurvey.co.uk/id/7000000000001357,http://data.ordnancesurvey.co.uk/ontology/admingeo/District,Cambridgeshire,http://data.ordnancesurvey.co.uk/id/7000000000001386,http://data.ordnancesurvey.co.uk/ontology/admingeo/County,Eastern,http://data.ordnancesurvey.co.uk/id/7000000000041425,England,http://data.ordnancesurvey.co.uk/id/country/england,,,
osgb4000000026933699,http://data.ordnancesurvey.co.uk/id/4000000026933699,Pope's Lane,,,,transportNetwork,Named Road,553908,319923,3000,20000,553790,319785,554303,320317,PE34,http://data.ordnancesurvey.co.uk/id/postcodedistrict/PE34,Terrington St Clement,http://data.ordnancesurvey.co.uk/id/4000000074548395,http://www.ordnancesurvey.co.uk/xml/codelists/localtype.xml#otherSettlement,King's Lynn and West Norfolk,http://data.ordnancesurvey.co.uk/id/7000000000007016,http://data.ordnancesurvey.co.uk/ontology/admingeo/District,Norfolk,http://data.ordnancesurvey.co.uk/id/7000000000007238,http://data.ordnancesurvey.co.uk/ontology/admingeo/County,Eastern,http://data.ordnancesurvey.co.uk/id/7000000000041425,England,http://data.ordnancesurvey.co.uk/id/country/england,,,
osgb4000000026942777,http://data.ordnancesurvey.co.uk/id/4000000026942777,Laburnum Close,,,,transportNetwork,Named Road,547461,310712,1000,20000,547461,310683,547474,310753,PE13,http://data.ordnancesurvey.co.uk/id/postcodedistrict/PE13,Wisbech,http://data.ordnancesurvey.co.uk/id/4000000074551318,http://www.ordnancesurvey.co.uk/xml/codelists/localtype.xml#town,Fenland,http://data.ordnancesurvey.co.uk/id/7000000000001357,http://data.ordnancesurvey.co.uk/ontology/admingeo/District,Cambridgeshire,http://data.ordnancesurvey.co.uk/id/7000000000001386,http://data.ordnancesurvey.co.uk/ontology/admingeo/County,Eastern,http://data.ordnancesurvey.co.uk/id/7000000000041425,England,http://data.ordnancesurvey.co.uk/id/country/england,,,
osgb4000000027030030,http://data.ordnancesurvey.co.uk/id/4000000027030030,Hickathrift Field,,,,transportNetwork,Named Road,552361,309757,1000,20000,552303,309755,552402,309802,PE14,http://data.ordnancesurvey.co.uk/id/postcodedistrict/PE14,Marshland St James,http://data.ordnancesurvey.co.uk/id/4000000074548753,http://www.ordnancesurvey.co.uk/xml/codelists/localtype.xml#village,King's Lynn and West Norfolk,http://data.ordnancesurvey.co.uk/id/7000000000007016,http://data.ordnancesurvey.co.uk/ontology/admingeo/District,Norfolk,http://data.ordnancesurvey.co.uk/id/7000000000007238,http://data.ordnancesurvey.co.uk/ontology/admingeo/County,Eastern,http://data.ordnancesurvey.co.uk/id/7000000000041425,England,http://data.ordnancesurvey.co.uk/id/country/england,,,
osgb4000000026935218,http://data.ordnancesurvey.co.uk/id/4000000026935218,Rectory Road,,,,transportNetwork,Named Road,544138,318434,2000,20000,543970,318282,544299,318593,PE13,http://data.ordnancesurvey.co.uk/id/postcodedistrict/PE13,Tydd St Mary,http://data.ordnancesurvey.co.uk/id/4000000074548410,http://www.ordnancesurvey.co.uk/xml/codelists/localtype.xml#village,South Holland,http://data.ordnancesurvey.co.uk/id/7000000000005599,http://data.ordnancesurvey.co.uk/ontology/admingeo/District,Lincolnshire,http://data.ordnancesurvey.co.uk/id/7000000000005942,http://data.ordnancesurvey.co.uk/ontology/admingeo/County,East Midlands,http://data.ordnancesurvey.co.uk/id/7000000000041423,England,http://data.ordnancesurvey.co.uk/id/country/england,,,
osgb4000000026997147,http://data.ordnancesurvey.co.uk/id/4000000026997147,Reed Way,,,,transportNetwork,Named Road,546839,305161,1000,20000,546838,305102,546840,305161,PE14,http://data.ordnancesurvey.co.uk/id/postcodedistrict/PE14,Friday Bridge,http://data.ordnancesurvey.co.uk/id/4000000074550225,http://www.ordnancesurvey.co.uk/xml/codelists/localtype.xml#village,Fenland,http://data.ordnancesurvey.co.uk/id/7000000000001357,http://data.ordnancesurvey.co.uk/ontology/admingeo/District,Cambridgeshire,http://data.ordnancesurvey.co.uk/id/7000000000001386,http://data.ordnancesurvey.co.uk/ontology/admingeo/County,Eastern,http://data.ordnancesurvey.co.uk/id/7000000000041425,England,http://data.ordnancesurvey.co.uk/id/country/england,,,
984bf1e4-3fb4-472b-ab51-39f5bec610fb,http://data.ordnancesurvey.co.uk/id/984bf1e4-3fb4-472b-ab51-39f5bec610fb,Fen Road,,,,transportNetwork,Section Of Named Road,559103,310380,1000,25000,558996,310310,559180,310456,PE34,http://data.ordnancesurvey.co.uk/id/postcodedistrict/PE34,Wiggenhall St Mary Magdalen,http://data.ordnancesurvey.co.uk/id/4000000074548392,http://www.ordnancesurvey.co.uk/xml/codelists/localtype.xml#village,King's Lynn and West Norfolk,http://data.ordnancesurvey.co.uk/id/7000000000007016,http://data.ordnancesurvey.co.uk/ontology/admingeo/District,Norfolk,http://data.ordnancesurvey.co.uk/id/7000000000007238,http://data.ordnancesurvey.co.uk/ontology/admingeo/County,Eastern,http://data.ordnancesurvey.co.uk/id/7000000000041425,England,http://data.ordnancesurvey.co.uk/id/country/england,osgb4000000027005922,,
osgb4000000026935111,http://data.ordnancesurvey.co.uk/id/4000000026935111,New Bridge Lane,,,,transportNetwork,Named Road,545700,307475,9000,20000,544904,306649,546175,308057,PE14,http://data.ordnancesurvey.co.uk/id/postcodedistrict/PE14,,,,Fenland,http://data.ordnancesurvey.co.uk/id/7000000000001357,http://data.ordnancesurvey.co.uk/ontology/admingeo/District,Cambridgeshire,http://data.ordnancesurvey.co.uk/id/7000000000001386,http://data.ordnancesurvey.co.uk/ontology/admingeo/County,Eastern,http://data.ordnancesurvey.co.uk/id/7000000000041425,England,http://data.ordnancesurvey.co.uk/id/country/england,,,
osgb4000000026943742,http://data.ordnancesurvey.co.uk/id/4000000026943742,York Gardens,,,,transportNetwork,Named Road,546856,310239,1000,20000,546839,310239,546856,310248,PE13,http://data.ordnancesurvey.co.uk/id/postcodedistrict/PE13,Wisbech,http://data.ordnancesurvey.co.uk/id/4000000074551318,http://www.ordnancesurvey.co.uk/xml/codelists/localtype.xml#town,Fenland,http://data.ordnancesurvey.co.uk/id/7000000000001357,http://data.ordnancesurvey.co.uk/ontology/admingeo/District,Cambridgeshire,http://data.ordnancesurvey.co.uk/id/7000000000001386,http://data.ordnancesurvey.co.uk/ontology/admingeo/County,Eastern,http://data.ordnancesurvey.co.uk/id/7000000000041425,England,http://data.ordnancesurvey.co.uk/id/country/england,,,
osgb4000000026932300,http://data.ordnancesurvey.co.uk/id/4000000026932300,Fitton End Road,,,,transportNetwork,Named Road,543164,312999,11000,20000,542365,312725,544063,313099,PE13,http://data.ordnancesurvey.co.uk/id/postcodedistrict/PE13,,,,Fenland,http://data.ordnancesurvey.co.uk/id/7000000000001357,http://data.ordnancesurvey.co.uk/ontology/admingeo/District,Cambridgeshire,http://data.ordnancesurvey.co.uk/id/7000000000001386,http://data.ordnancesurvey.co.uk/ontology/admingeo/County,Eastern,http://data.ordnancesurvey.co.uk/id/7000000000041425,England,http://data.ordnancesurvey.co.uk/id/country/england,,,
1a3d98aa-d11e-4ddc-a608-2c3d557a72fe,http://data.ordnancesurvey.co.uk/id/1a3d98aa-d11e-4ddc-a608-2c3d557a72fe,High Road,,,,transportNetwork,Section Of Named Road,541707,307915,9000,25000,541035,307560,542368,308185,PE13,http://data.ordnancesurvey.co.uk/id/postcodedistrict/PE13,Wisbech St Mary,http://data.ordnancesurvey.co.uk/id/4000000074551315,http://www.ordnancesurvey.co.uk/xml/codelists/localtype.xml#village,Fenland,http://data.ordnancesurvey.co.uk/id/7000000000001357,http://data.ordnancesurvey.co.uk/ontology/admingeo/District,Cambridgeshire,http://data.ordnancesurvey.co.uk/id/7000000000001386,http://data.ordnancesurvey.co.uk/ontology/admingeo/County,Eastern,http://data.ordnancesurvey.co.uk/id/7000000000041425,England,http://data.ordnancesurvey.co.uk/id/country/england,osgb4000000026935098,,
osgb4000000026931775,http://data.ordnancesurvey.co.uk/id/4000000026931775,Magdalen Road,,,,transportNetwork,Named Road,555852,313004,16000,20000,554717,312449,557129,313810,PE34,http://data.ordnancesurvey.co.uk/id/postcodedistrict/PE34,,,,King's Lynn and West Norfolk,http://data.ordnancesurvey.co.uk/id/7000000000007016,http://data.ordnancesurvey.co.uk/ontology/admingeo/District,Norfolk,http://data.ordnancesurvey.co.uk/id/7000000000007238,http://data.ordnancesurvey.co.uk/ontology/admingeo/County,Eastern,http://data.ordnancesurvey.co.uk/id/7000000000041425,England,http://data.ordnancesurvey.co.uk/id/country/england,,,
osgb4000000026931786,http://data.ordnancesurvey.co.uk/id/4000000026931786,King John Bank,,,,transportNetwork,Named Road,549207,319038,13000,20000,548268,317941,550272,319989,PE14,http://data.ordnancesurvey.co.uk/id/postcodedistrict/PE14,,,,South Holland,http://data.ordnancesurvey.co.uk/id/7000000000005599,http://data.ordnancesurvey.co.uk/ontology/admingeo/District,Lincolnshire,http://data.ordnancesurvey.co.uk/id/7000000000005942,http://data.ordnancesurvey.co.uk/ontology/admingeo/County,East Midlands,http://data.ordnancesurvey.co.uk/id/7000000000041423,England,http://data.ordnancesurvey.co.uk/id/country/england,,,
ef96d645-0780-4336-a8c3-b32de9fd8650,http://data.ordnancesurvey.co.uk/id/ef96d645-0780-4336-a8c3-b32de9fd8650,Sandy Lane,,,,transportNetwork,Section Of Named Road,547582,309488,1000,25000,547556,309488,547622,309546,PE13,http://data.ordnancesurvey.co.uk/id/postcodedistrict/PE13,Wisbech,http://data.ordnancesurvey.co.uk/id/4000000074551318,http://www.ordnancesurvey.co.uk/xml/codelists/localtype.xml#town,Fenland,http://data.ordnancesurvey.co.uk/id/7000000000001357,http://data.ordnancesurvey.co.uk/ontology/admingeo/District,Cambridgeshire,http://data.ordnancesurvey.co.uk/id/7000000000001386,http://data.ordnancesurvey.co.uk/ontology/admingeo/County,Eastern,http://data.ordnancesurvey.co.uk/id/7000000000041425,England,http://data.ordnancesurvey.co.uk/id/country/england,osgb4000000026935141,,
osgb4000000026935176,http://data.ordnancesurvey.co.uk/id/4000000026935176,Southwell Road,,,,transportNetwork,Named Road,546108,310841,3000,20000,546081,310640,546130,311055,PE13,http://data.ordnancesurvey.co.uk/id/postcodedistrict/PE13,Wisbech,http://data.ordnancesurvey.co.uk/id/4000000074551318,http://www.ordnancesurvey.co.uk/xml/codelists/localtype.xml#town,Fenland,http://data.ordnancesurvey.co.uk/id/7000000000001357,http://data.ordnancesurvey.co.uk/ontology/admingeo/District,Cambridgeshire,http://data.ordnancesurvey.co.uk/id/7000000000001386,http://data.ordnancesurvey.co.uk/ontology/admingeo/County,Eastern,http://data.ordnancesurvey.co.uk/id/7000000000041425,England,http://data.ordnancesurvey.co.uk/id/country/england,,,
osgb4000000026937513,http://data.ordnancesurvey.co.uk/id/4000000026937513,Council Road,,,,transportNetwork,Named Road,547350,310000,1000,20000,547282,309949,547414,310052,PE13,http://data.ordnancesurvey.co.uk/id/postcodedistrict/PE13,Wisbech,http://data.ordnancesurvey.co.uk/id/4000000074551318,http://www.ordnancesurvey.co.uk/xml/codelists/localtype.xml#town,Fenland,http://data.ordnancesurvey.co.uk/id/7000000000001357,http://data.ordnancesurvey.co.uk/ontology/admingeo/District,Cambridgeshire,http://data.ordnancesurvey.co.uk/id/7000000000001386,http://data.ordnancesurvey.co.uk/ontology/admingeo/County,Eastern,http://data.ordnancesurvey.co.uk/id/7000000000041425,England,http://data.ordnancesurvey.co.uk/id/country/england,,,
osgb4000000026997151,http://data.ordnancesurvey.co.uk/id/4000000026997151,Highfields,,,,transportNetwork,Named Road,549846,306231,1000,20000,549810,306224,549900,306243,PE14,http://data.ordnancesurvey.co.uk/id/postcodedistrict/PE14,Emneth,http://data.ordnancesurvey.co.uk/id/4000000074550948,http://www.ordnancesurvey.co.uk/xml/codelists/localtype.xml#village,King's Lynn and West Norfolk,http://data.ordnancesurvey.co.uk/id/7000000000007016,http://data.ordnancesurvey.co.uk/ontology/admingeo/District,Norfolk,http://data.ordnancesurvey.co.uk/id/7000000000007238,http://data.ordnancesurvey.co.uk/ontology/admingeo/County,Eastern,http://data.ordnancesurvey.co.uk/id/7000000000041425,England,http://data.ordnancesurvey.co.uk/id/country/england,,,
osgb4000000026937424,http://data.ordnancesurvey.co.uk/id/4000000026937424,Coalwharf Road,,,,transportNetwork,Named Road,545756,309449,1000,20000,545721,309408,545800,309506,PE13,http://data.ordnancesurvey.co.uk/id/postcodedistrict/PE13,Wisbech,http://data.ordnancesurvey.co.uk/id/4000000074551318,http://www.ordnancesurvey.co.uk/xml/codelists/localtype.xml#town,Fenland,http://data.ordnancesurvey.co.uk/id/7000000000001357,http://data.ordnancesurvey.co.uk/ontology/admingeo/District,Cambridgeshire,http://data.ordnancesurvey.co.uk/id/7000000000001386,http://data.ordnancesurvey.co.uk/ontology/admingeo/County,Eastern,http://data.ordnancesurvey.co.uk/id/7000000000041425,England,http://data.ordnancesurvey.co.uk/id/country/england,,,
3e8c27f4-3d25-4c62-8be7-3e431de5a50e,http://data.ordnancesurvey.co.uk/id/3e8c27f4-3d25-4c62-8be7-3e431de5a50e,Goredike Bank,,,,transportNetwork,Section Of Named Road,542085,312826,4000,25000,541798,312790,542365,312863,PE13,http://data.ordnancesurvey.co.uk/id/postcodedistrict/PE13,Fitton End,http://data.ordnancesurvey.co.uk/id/4000000074548411,http://www.ordnancesurvey.co.uk/xml/codelists/localtype.xml#hamlet,Fenland,http://data.ordnancesurvey.co.uk/id/7000000000001357,http://data.ordnancesurvey.co.uk/ontology/admingeo/District,Cambridgeshire,http://data.ordnancesurvey.co.uk/id/7000000000001386,http://data.ordnancesurvey.co.uk/ontology/admingeo/County,Eastern,http://data.ordnancesurvey.co.uk/id/7000000000041425,England,http://data.ordnancesurvey.co.uk/id/country/england,osgb4000000026931730,,
osgb4000000026942735,http://data.ordnancesurvey.co.uk/id/4000000026942735,Tram Station Lane,,,,transportNetwork,Named Road,547916,307413,1000,20000,547902,307405,547952,307435,PE14,http://data.ordnancesurvey.co.uk/id/postcodedistrict/PE14,Elm,http://data.ordnancesurvey.co.uk/id/4000000074341528,http://www.ordnancesurvey.co.uk/xml/codelists/localtype.xml#village,King's Lynn and West Norfolk,http://data.ordnancesurvey.co.uk/id/7000000000007016,http://data.ordnancesurvey.co.uk/ontology/admingeo/District,Norfolk,http://data.ordnancesurvey.co.uk/id/7000000000007238,http://data.ordnancesurvey.co.uk/ontology/admingeo/County,Eastern,http://data.ordnancesurvey.co.uk/id/7000000000041425,England,http://data.ordnancesurvey.co.uk/id/country/england,,,
osgb4000000026942759,http://data.ordnancesurvey.co.uk/id/4000000026942759,Woolcroft Close,,,,transportNetwork,Named Road,543867,310696,1000,20000,543859,310657,543875,310697,PE13,http://data.ordnancesurvey.co.uk/id/postcodedistrict/PE13,Leverington,http://data.ordnancesurvey.co.uk/id/4000000074551313,http://www.ordnancesurvey.co.uk/xml/codelists/localtype.xml#village,Fenland,http://data.ordnancesurvey.co.uk/id/7000000000001357,http://data.ordnancesurvey.co.uk/ontology/admingeo/District,Cambridgeshire,http://data.ordnancesurvey.co.uk/id/7000000000001386,http://data.ordnancesurvey.co.uk/ontology/admingeo/County,Eastern,http://data.ordnancesurvey.co.uk/id/7000000000041425,England,http://data.ordnancesurvey.co.uk/id/country/england,,,
osgb4000000026940331,http://data.ordnancesurvey.co.uk/id/4000000026940331,Chapel Street,,,,transportNetwork,Named Road,546413,309110,1000,20000,546391,309093,546456,309143,PE13,http://data.ordnancesurvey.co.uk/id/postcodedistrict/PE13,Wisbech,http://data.ordnancesurvey.co.uk/id/4000000074551318,http://www.ordnancesurvey.co.uk/xml/codelists/localtype.xml#town,Fenland,http://data.ordnancesurvey.co.uk/id/7000000000001357,http://data.ordnancesurvey.co.uk/ontology/admingeo/District,Cambridgeshire,http://data.ordnancesurvey.co.uk/id/7000000000001386,http://data.ordnancesurvey.co.uk/ontology/admingeo/County,Eastern,http://data.ordnancesurvey.co.uk/id/7000000000041425,England,http://data.ordnancesurvey.co.uk/id/country/england,,,
osgb4000000026937432,http://data.ordnancesurvey.co.uk/id/4000000026937432,Bambers Lane,,,,transportNetwork,Named Road,548211,307421,2000,20000,548150,307305,548216,307541,PE14,http://data.ordnancesurvey.co.uk/id/postcodedistrict/PE14,Emneth,http://data.ordnancesurvey.co.uk/id/4000000074550948,http://www.ordnancesurvey.co.uk/xml/codelists/localtype.xml#village,King's Lynn and West Norfolk,http://data.ordnancesurvey.co.uk/id/7000000000007016,http://data.ordnancesurvey.co.uk/ontology/admingeo/District,Norfolk,http://data.ordnancesurvey.co.uk/id/7000000000007238,http://data.ordnancesurvey.co.uk/ontology/admingeo/County,Eastern,http://data.ordnancesurvey.co.uk/id/7000000000041425,England,http://data.ordnancesurvey.co.uk/id/country/england,,,
osgb4000000026935123,http://data.ordnancesurvey.co.uk/id/4000000026935123,Railway Road,,,,transportNetwork,Named Road,546269,308821,2000,20000,546127,308642,546359,308950,PE13,http://data.ordnancesurvey.co.uk/id/postcodedistrict/PE13,Wisbech,http://data.ordnancesurvey.co.uk/id/4000000074551318,http://www.ordnancesurvey.co.uk/xml/codelists/localtype.xml#town,Fenland,http://data.ordnancesurvey.co.uk/id/7000000000001357,http://data.ordnancesurvey.co.uk/ontology/admingeo/District,Cambridgeshire,http://data.ordnancesurvey.co.uk/id/7000000000001386,http://data.ordnancesurvey.co.uk/ontology/admingeo/County,Eastern,http://data.ordnancesurvey.co.uk/id/7000000000041425,England,http://data.ordnancesurvey.co.uk/id/country/england,,,
osgb4000000026937443,http://data.ordnancesurvey.co.uk/id/4000000026937443,Kingsley Avenue,,,,transportNetwork,Named Road,545932,309367,1000,20000,545879,309323,545983,309410,PE13,http://data.ordnancesurvey.co.uk/id/postcodedistrict/PE13,Wisbech,http://data.ordnancesurvey.co.uk/id/4000000074551318,http://www.ordnancesurvey.co.uk/xml/codelists/localtype.xml#town,Fenland,http://data.ordnancesurvey.co.uk/id/7000000000001357,http://data.ordnancesurvey.co.uk/ontology/admingeo/District,Cambridgeshire,http://data.ordnancesurvey.co.uk/id/7000000000001386,http://data.ordnancesurvey.co.uk/ontology/admingeo/County,Eastern,http://data.ordnancesurvey.co.uk/id/7000000000041425,England,http://data.ordnancesurvey.co.uk/id/country/england,,,
feaa498e-3abd-4445-bb98-7567d33ecb5a,http://data.ordnancesurvey.co.uk/id/feaa498e-3abd-4445-bb98-7567d33ecb5a,New Road,,,,transportNetwork,Section Of Named Road,554281,314581,3000,25000,553998,314338,554435,314747,PE14,http://data.ordnancesurvey.co.uk/id/postcodedistrict/PE14,Terrington St John,http://data.ordnancesurvey.co.uk/id/4000000074550941,http://www.ordnancesurvey.co.uk/xml/codelists/localtype.xml#village,King's Lynn and West Norfolk,http://data.ordnancesurvey.co.uk/id/7000000000007016,http://data.ordnancesurvey.co.uk/ontology/admingeo/District,Norfolk,http://data.ordnancesurvey.co.uk/id/7000000000007238,http://data.ordnancesurvey.co.uk/ontology/admingeo/County,Eastern,http://data.ordnancesurvey.co.uk/id/7000000000041425,England,http://data.ordnancesurvey.co.uk/id/country/england,osgb4000000026932443,,
osgb4000000026935209,http://data.ordnancesurvey.co.uk/id/4000000026935209,Field Avenue,,,,transportNetwork,Named Road,542171,316139,2000,20000,542084,316046,542325,316155,PE13,http://data.ordnancesurvey.co.uk/id/postcodedistrict/PE13,Tydd St Giles,http://data.ordnancesurvey.co.uk/id/4000000074548770,http://www.ordnancesurvey.co.uk/xml/codelists/localtype.xml#village,Fenland,http://data.ordnancesurvey.co.uk/id/7000000000001357,http://data.ordnancesurvey.co.uk/ontology/admingeo/District,Cambridgeshire,http://data.ordnancesurvey.co.uk/id/7000000000001386,http://data.ordnancesurvey.co.uk/ontology/admingeo/County,Eastern,http://data.ordnancesurvey.co.uk/id/7000000000041425,England,http://data.ordnancesurvey.co.uk/id/country/england,,,
osgb4000000026942822,http://data.ordnancesurvey.co.uk/id/4000000026942822,Queen's Place,,,,transportNetwork,Named Road,559158,314102,1000,20000,559151,314068,559177,314105,PE34,http://data.ordnancesurvey.co.uk/id/postcodedistrict/PE34,Wiggenhall St Germans,http://data.ordnancesurvey.co.uk/id/4000000074550213,http://www.ordnancesurvey.co.uk/xml/codelists/localtype.xml#village,King's Lynn and West Norfolk,http://data.ordnancesurvey.co.uk/id/7000000000007016,http://data.ordnancesurvey.co.uk/ontology/admingeo/District,Norfolk,http://data.ordnancesurvey.co.uk/id/7000000000007238,http://data.ordnancesurvey.co.uk/ontology/admingeo/County,Eastern,http://data.ordnancesurvey.co.uk/id/7000000000041425,England,http://data.ordnancesurvey.co.uk/id/country/england,,,
osgb4000000026942695,http://data.ordnancesurvey.co.uk/id/4000000026942695,Hillcrest Drive,,,,transportNetwork,Named Road,540245,303927,1000,20000,540227,303898,540275,303963,PE13,http://data.ordnancesurvey.co.uk/id/postcodedistrict/PE13,Guyhirn,http://data.ordnancesurvey.co.uk/id/4000000074550590,http://www.ordnancesurvey.co.uk/xml/codelists/localtype.xml#village,Fenland,http://data.ordnancesurvey.co.uk/id/7000000000001357,http://data.ordnancesurvey.co.uk/ontology/admingeo/District,Cambridgeshire,http://data.ordnancesurvey.co.uk/id/7000000000001386,http://data.ordnancesurvey.co.uk/ontology/admingeo/County,Eastern,http://data.ordnancesurvey.co.uk/id/7000000000041425,England,http://data.ordnancesurvey.co.uk/id/country/england,,,
osgb4000000026935222,http://data.ordnancesurvey.co.uk/id/4000000026935222,Cross Road,,,,transportNetwork,Named Road,544460,319337,2000,20000,544294,319296,544553,319363,PE13,http://data.ordnancesurvey.co.uk/id/postcodedistrict/PE13,,,,South Holland,http://data.ordnancesurvey.co.uk/id/7000000000005599,http://data.ordnancesurvey.co.uk/ontology/admingeo/District,Lincolnshire,http://data.ordnancesurvey.co.uk/id/7000000000005942,http://data.ordnancesurvey.co.uk/ontology/admingeo/County,East Midlands,http://data.ordnancesurvey.co.uk/id/7000000000041423,England,http://data.ordnancesurvey.co.uk/id/country/england,,,
d1cfc990-f4ea-4800-82c5-542ec70bf591,http://data.ordnancesurvey.co.uk/id/d1cfc990-f4ea-4800-82c5-542ec70bf591,Osborne Road,,,,transportNetwork,Section Of Named Road,545954,311000,5000,25000,545917,310627,546105,311434,PE13,http://data.ordnancesurvey.co.uk/id/postcodedistrict/PE13,Wisbech,http://data.ordnancesurvey.co.uk/id/4000000074551318,http://www.ordnancesurvey.co.uk/xml/codelists/localtype.xml#town,Fenland,http://data.ordnancesurvey.co.uk/id/7000000000001357,http://data.ordnancesurvey.co.uk/ontology/admingeo/District,Cambridgeshire,http://data.ordnancesurvey.co.uk/id/7000000000001386,http://data.ordnancesurvey.co.uk/ontology/admingeo/County,Eastern,http://data.ordnancesurvey.co.uk/id/7000000000041425,England,http://data.ordnancesurvey.co.uk/id/country/england,osgb4000000026932298,,
osgb5000005232275772,http://data.ordnancesurvey.co.uk/id/5000005232275772,Pingle Lane,,,,transportNetwork,Named Road,551255,319129,10000,20000,551206,318342,551416,319912,PE34,http://data.ordnancesurvey.co.uk/id/postcodedistrict/PE34,,,,King's Lynn and West Norfolk,http://data.ordnancesurvey.co.uk/id/7000000000007016,http://data.ordnancesurvey.co.uk/ontology/admingeo/District,Norfolk,http://data.ordnancesurvey.co.uk/id/7000000000007238,http://data.ordnancesurvey.co.uk/ontology/admingeo/County,Eastern,http://data.ordnancesurvey.co.uk/id/7000000000041425,England,http://data.ordnancesurvey.co.uk/id/country/england,,,
osgb4000000026943737,http://data.ordnancesurvey.co.uk/id/4000000026943737,Pippin Place,,,,transportNetwork,Named Road,547301,308421,1000,20000,547288,308401,547305,308433,PE13,http://data.ordnancesurvey.co.uk/id/postcodedistrict/PE13,Wisbech,http://data.ordnancesurvey.co.uk/id/4000000074551318,http://www.ordnancesurvey.co.uk/xml/codelists/localtype.xml#town,Fenland,http://data.ordnancesurvey.co.uk/id/7000000000001357,http://data.ordnancesurvey.co.uk/ontology/admingeo/District,Cambridgeshire,http://data.ordnancesurvey.co.uk/id/7000000000001386,http://data.ordnancesurvey.co.uk/ontology/admingeo/County,Eastern,http://data.ordnancesurvey.co.uk/id/7000000000041425,England,http://data.ordnancesurvey.co.uk/id/country/england,,,
osgb4000000026940317,http://data.ordnancesurvey.co.uk/id/4000000026940317,Kestrel Drive,,,,transportNetwork,Named Road,546725,308380,1000,20000,546708,308345,546766,308423,PE13,http://data.ordnancesurvey.co.uk/id/postcodedistrict/PE13,Wisbech,http://data.ordnancesurvey.co.uk/id/4000000074551318,http://www.ordnancesurvey.co.uk/xml/codelists/localtype.xml#town,Fenland,http://data.ordnancesurvey.co.uk/id/7000000000001357,http://data.ordnancesurvey.co.uk/ontology/admingeo/District,Cambridgeshire,http://data.ordnancesurvey.co.uk/id/7000000000001386,http://data.ordnancesurvey.co.uk/ontology/admingeo/County,Eastern,http://data.ordnancesurvey.co.uk/id/7000000000041425,England,http://data.ordnancesurvey.co.uk/id/country/england,,,
a7d91f5d-1de1-413d-97f7-8823b3b4106c,http://data.ordnancesurvey.co.uk/id/a7d91f5d-1de1-413d-97f7-8823b3b4106c,Gipsy Lane,,,,transportNetwork,Section Of Named Road,543724,319459,1000,25000,543704,319454,543785,319459,PE13,http://data.ordnancesurvey.co.uk/id/postcodedistrict/PE13,Tydd St Mary,http://data.ordnancesurvey.co.uk/id/4000000074548410,http://www.ordnancesurvey.co.uk/xml/codelists/localtype.xml#village,South Holland,http://data.ordnancesurvey.co.uk/id/7000000000005599,http://data.ordnancesurvey.co.uk/ontology/admingeo/District,Lincolnshire,http://data.ordnancesurvey.co.uk/id/7000000000005942,http://data.ordnancesurvey.co.uk/ontology/admingeo/County,East Midlands,http://data.ordnancesurvey.co.uk/id/7000000000041423,England,http://data.ordnancesurvey.co.uk/id/country/england,osgb4000000026935221,,
21cb8032-b295-430c-ae2d-3072c86954b6,http://data.ordnancesurvey.co.uk/id/21cb8032-b295-430c-ae2d-3072c86954b6,Middle Drove,,,,transportNetwork,Section Of Named Road,554669,310981,1000,25000,554667,310971,554669,310985,PE14,http://data.ordnancesurvey.co.uk/id/postcodedistrict/PE14,Tilney Fen End,http://data.ordnancesurvey.co.uk/id/4000000074548751,http://www.ordnancesurvey.co.uk/xml/codelists/localtype.xml#hamlet,King's Lynn and West Norfolk,http://data.ordnancesurvey.co.uk/id/7000000000007016,http://data.ordnancesurvey.co.uk/ontology/admingeo/District,Norfolk,http://data.ordnancesurvey.co.uk/id/7000000000007238,http://data.ordnancesurvey.co.uk/ontology/admingeo/County,Eastern,http://data.ordnancesurvey.co.uk/id/7000000000041425,England,http://data.ordnancesurvey.co.uk/id/country/england,osgb4000000026963959,,
osgb4000000026931729,http://data.ordnancesurvey.co.uk/id/4000000026931729,High Side,,,,transportNetwork,Named Road,540123,310110,20000,23000,540098,308363,540286,311917,PE13,http://data.ordnancesurvey.co.uk/id/postcodedistrict/PE13,,,,Fenland,http://data.ordnancesurvey.co.uk/id/7000000000001357,http://data.ordnancesurvey.co.uk/ontology/admingeo/District,Cambridgeshire,http://data.ordnancesurvey.co.uk/id/7000000000001386,http://data.ordnancesurvey.co.uk/ontology/admingeo/County,Eastern,http://data.ordnancesurvey.co.uk/id/7000000000041425,England,http://data.ordnancesurvey.co.uk/id/country/england,,,
osgb4000000026935053,http://data.ordnancesurvey.co.uk/id/4000000026935053,Lister's Road,,,,transportNetwork,Named Road,550860,302433,2000,20000,550743,302296,551003,302611,PE14,http://data.ordnancesurvey.co.uk/id/postcodedistrict/PE14,Upwell,http://data.ordnancesurvey.co.uk/id/4000000074550938,http://www.ordnancesurvey.co.uk/xml/codelists/localtype.xml#village,King's Lynn and West Norfolk,http://data.ordnancesurvey.co.uk/id/7000000000007016,http://data.ordnancesurvey.co.uk/ontology/admingeo/District,Norfolk,http://data.ordnancesurvey.co.uk/id/7000000000007238,http://data.ordnancesurvey.co.uk/ontology/admingeo/County,Eastern,http://data.ordnancesurvey.co.uk/id/7000000000041425,England,http://data.ordnancesurvey.co.uk/id/country/england,,,
osgb4000000026942731,http://data.ordnancesurvey.co.uk/id/4000000026942731,Richmond Court,,,,transportNetwork,Named Road,545318,309190,1000,20000,545310,309189,545318,309191,PE13,http://data.ordnancesurvey.co.uk/id/postcodedistrict/PE13,Wisbech,http://data.ordnancesurvey.co.uk/id/4000000074551318,http://www.ordnancesurvey.co.uk/xml/codelists/localtype.xml#town,Fenland,http://data.ordnancesurvey.co.uk/id/7000000000001357,http://data.ordnancesurvey.co.uk/ontology/admingeo/District,Cambridgeshire,http://data.ordnancesurvey.co.uk/id/7000000000001386,http://data.ordnancesurvey.co.uk/ontology/admingeo/County,Eastern,http://data.ordnancesurvey.co.uk/id/7000000000041425,England,http://data.ordnancesurvey.co.uk/id/country/england,,,
osgb4000000026935051,http://data.ordnancesurvey.co.uk/id/4000000026935051,Back Lane,,,,transportNetwork,Named Road,550632,304507,2000,20000,550478,304429,550762,304645,PE14,http://data.ordnancesurvey.co.uk/id/postcodedistrict/PE14,,,,King's Lynn and West Norfolk,http://data.ordnancesurvey.co.uk/id/7000000000007016,http://data.ordnancesurvey.co.uk/ontology/admingeo/District,Norfolk,http://data.ordnancesurvey.co.uk/id/7000000000007238,http://data.ordnancesurvey.co.uk/ontology/admingeo/County,Eastern,http://data.ordnancesurvey.co.uk/id/7000000000041425,England,http://data.ordnancesurvey.co.uk/id/country/england,,,
osgb4000000026935183,http://data.ordnancesurvey.co.uk/id/4000000026935183,Nursery Drive,,,,transportNetwork,Named Road,547197,311108,1000,20000,547123,311105,547327,311111,PE13,http://data.ordnancesurvey.co.uk/id/postcodedistrict/PE13,Wisbech,http://data.ordnancesurvey.co.uk/id/4000000074551318,http://www.ordnancesurvey.co.uk/xml/codelists/localtype.xml#town,Fenland,http://data.ordnancesurvey.co.uk/id/7000000000001357,http://data.ordnancesurvey.co.uk/ontology/admingeo/District,Cambridgeshire,http://data.ordnancesurvey.co.uk/id/7000000000001386,http://data.ordnancesurvey.co.uk/ontology/admingeo/County,Eastern,http://data.ordnancesurvey.co.uk/id/7000000000041425,England,http://data.ordnancesurvey.co.uk/id/country/england,,,
osgb5000005136944821,http://data.ordnancesurvey.co.uk/id/5000005136944821,Poppy Mews,,,,transportNetwork,Named Road,547316,309982,1000,20000,547274,309967,547334,310013,PE13,http://data.ordnancesurvey.co.uk/id/postcodedistrict/PE13,Wisbech,http://data.ordnancesurvey.co.uk/id/4000000074551318,http://www.ordnancesurvey.co.uk/xml/codelists/localtype.xml#town,Fenland,http://data.ordnancesurvey.co.uk/id/7000000000001357,http://data.ordnancesurvey.co.uk/ontology/admingeo/District,Cambridgeshire,http://data.ordnancesurvey.co.uk/id/7000000000001386,http://data.ordnancesurvey.co.uk/ontology/admingeo/County,Eastern,http://data.ordnancesurvey.co.uk/id/7000000000041425,England,http://data.ordnancesurvey.co.uk/id/country/england,,,
osgb4000000026968905,http://data.ordnancesurvey.co.uk/id/4000000026968905,Bluebell Walk,,,,transportNetwork,Named Road,559204,313907,1000,20000,559173,313874,559228,313938,PE34,http://data.ordnancesurvey.co.uk/id/postcodedistrict/PE34,Wiggenhall St Germans,http://data.ordnancesurvey.co.uk/id/4000000074550213,http://www.ordnancesurvey.co.uk/xml/codelists/localtype.xml#village,King's Lynn and West Norfolk,http://data.ordnancesurvey.co.uk/id/7000000000007016,http://data.ordnancesurvey.co.uk/ontology/admingeo/District,Norfolk,http://data.ordnancesurvey.co.uk/id/7000000000007238,http://data.ordnancesurvey.co.uk/ontology/admingeo/County,Eastern,http://data.ordnancesurvey.co.uk/id/7000000000041425,England,http://data.ordnancesurvey.co.uk/id/country/england,,,
osgb5000005132595294,http://data.ordnancesurvey.co.uk/id/5000005132595294,Mikanda Close,,,,transportNetwork,Named Road,546499,308185,1000,20000,546450,308174,546542,308219,PE13,http://data.ordnancesurvey.co.uk/id/postcodedistrict/PE13,Wisbech,http://data.ordnancesurvey.co.uk/id/4000000074551318,http://www.ordnancesurvey.co.uk/xml/codelists/localtype.xml#town,Fenland,http://data.ordnancesurvey.co.uk/id/7000000000001357,http://data.ordnancesurvey.co.uk/ontology/admingeo/District,Cambridgeshire,http://data.ordnancesurvey.co.uk/id/7000000000001386,http://data.ordnancesurvey.co.uk/ontology/admingeo/County,Eastern,http://data.ordnancesurvey.co.uk/id/7000000000041425,England,http://data.ordnancesurvey.co.uk/id/country/england,,,
osgb4000000026937491,http://data.ordnancesurvey.co.uk/id/4000000026937491,Bedford Street,,,,transportNetwork,Named Road,546180,310025,1000,20000,546152,309955,546198,310115,PE13,http://data.ordnancesurvey.co.uk/id/postcodedistrict/PE13,Wisbech,http://data.ordnancesurvey.co.uk/id/4000000074551318,http://www.ordnancesurvey.co.uk/xml/codelists/localtype.xml#town,Fenland,http://data.ordnancesurvey.co.uk/id/7000000000001357,http://data.ordnancesurvey.co.uk/ontology/admingeo/District,Cambridgeshire,http://data.ordnancesurvey.co.uk/id/7000000000001386,http://data.ordnancesurvey.co.uk/ontology/admingeo/County,Eastern,http://data.ordnancesurvey.co.uk/id/7000000000041425,England,http://data.ordnancesurvey.co.uk/id/country/england,,,
95b028dc-47a3-4fea-8a81-43af7be9567e,http://data.ordnancesurvey.co.uk/id/95b028dc-47a3-4fea-8a81-43af7be9567e,King John Bank,,,,transportNetwork,Section Of Named Road,548299,318070,1000,25000,548268,317941,548316,318142,PE14,http://data.ordnancesurvey.co.uk/id/postcodedistrict/PE14,Walpole Marsh,http://data.ordnancesurvey.co.uk/id/4000000074548407,http://www.ordnancesurvey.co.uk/xml/codelists/localtype.xml#village,South Holland,http://data.ordnancesurvey.co.uk/id/7000000000005599,http://data.ordnancesurvey.co.uk/ontology/admingeo/District,Lincolnshire,http://data.ordnancesurvey.co.uk/id/7000000000005942,http://data.ordnancesurvey.co.uk/ontology/admingeo/County,East Midlands,http://data.ordnancesurvey.co.uk/id/7000000000041423,England,http://data.ordnancesurvey.co.uk/id/country/england,osgb4000000026931786,,
osgb4000000026932446,http://data.ordnancesurvey.co.uk/id/4000000026932446,Moorditch Lane,,,,transportNetwork,Named Road,556581,315700,8000,20000,556048,315339,557248,315784,PE34,http://data.ordnancesurvey.co.uk/id/postcodedistrict/PE34,,,,King's Lynn and West Norfolk,http://data.ordnancesurvey.co.uk/id/7000000000007016,http://data.ordnancesurvey.co.uk/ontology/admingeo/District,Norfolk,http://data.ordnancesurvey.co.uk/id/7000000000007238,http://data.ordnancesurvey.co.uk/ontology/admingeo/County,Eastern,http://data.ordnancesurvey.co.uk/id/7000000000041425,England,http://data.ordnancesurvey.co.uk/id/country/england,,,
osgb4000000026940390,http://data.ordnancesurvey.co.uk/id/4000000026940390,Sybil Road,,,,transportNetwork,Named Road,546327,310445,1000,20000,546297,310429,546376,310487,PE13,http://data.ordnancesurvey.co.uk/id/postcodedistrict/PE13,Wisbech,http://data.ordnancesurvey.co.uk/id/4000000074551318,http://www.ordnancesurvey.co.uk/xml/codelists/localtype.xml#town,Fenland,http://data.ordnancesurvey.co.uk/id/7000000000001357,http://data.ordnancesurvey.co.uk/ontology/admingeo/District,Cambridgeshire,http://data.ordnancesurvey.co.uk/id/7000000000001386,http://data.ordnancesurvey.co.uk/ontology/admingeo/County,Eastern,http://data.ordnancesurvey.co.uk/id/7000000000041425,England,http://data.ordnancesurvey.co.uk/id/country/england,,,
osgb4000000026968904,http://data.ordnancesurvey.co.uk/id/4000000026968904,Foxglove Walk,,,,transportNetwork,Named Road,559156,313821,1000,20000,559142,313791,559165,313863,PE34,http://data.ordnancesurvey.co.uk/id/postcodedistrict/PE34,Wiggenhall St Germans,http://data.ordnancesurvey.co.uk/id/4000000074550213,http://www.ordnancesurvey.co.uk/xml/codelists/localtype.xml#village,King's Lynn and West Norfolk,http://data.ordnancesurvey.co.uk/id/7000000000007016,http://data.ordnancesurvey.co.uk/ontology/admingeo/District,Norfolk,http://data.ordnancesurvey.co.uk/id/7000000000007238,http://data.ordnancesurvey.co.uk/ontology/admingeo/County,Eastern,http://data.ordnancesurvey.co.uk/id/7000000000041425,England,http://data.ordnancesurvey.co.uk/id/country/england,,,
osgb4000000026935158,http://data.ordnancesurvey.co.uk/id/4000000026935158,Sandyland,,,,transportNetwork,Named Road,545975,309976,1000,20000,545863,309956,546058,309997,PE13,http://data.ordnancesurvey.co.uk/id/postcodedistrict/PE13,Wisbech,http://data.ordnancesurvey.co.uk/id/4000000074551318,http://www.ordnancesurvey.co.uk/xml/codelists/localtype.xml#town,Fenland,http://data.ordnancesurvey.co.uk/id/7000000000001357,http://data.ordnancesurvey.co.uk/ontology/admingeo/District,Cambridgeshire,http://data.ordnancesurvey.co.uk/id/7000000000001386,http://data.ordnancesurvey.co.uk/ontology/admingeo/County,Eastern,http://data.ordnancesurvey.co.uk/id/7000000000041425,England,http://data.ordnancesurvey.co.uk/id/country/england,,,
osgb4000000026937635,http://data.ordnancesurvey.co.uk/id/4000000026937635,Church Close,,,,transportNetwork,Named Road,559802,311196,1000,20000,559734,311161,559874,311234,PE34,http://data.ordnancesurvey.co.uk/id/postcodedistrict/PE34,Wiggenhall St Mary Magdalen,http://data.ordnancesurvey.co.uk/id/4000000074548392,http://www.ordnancesurvey.co.uk/xml/codelists/localtype.xml#village,King's Lynn and West Norfolk,http://data.ordnancesurvey.co.uk/id/7000000000007016,http://data.ordnancesurvey.co.uk/ontology/admingeo/District,Norfolk,http://data.ordnancesurvey.co.uk/id/7000000000007238,http://data.ordnancesurvey.co.uk/ontology/admingeo/County,Eastern,http://data.ordnancesurvey.co.uk/id/7000000000041425,England,http://data.ordnancesurvey.co.uk/id/country/england,,,
osgb4000000026968902,http://data.ordnancesurvey.co.uk/id/4000000026968902,St Peter's Drove,,,,transportNetwork,Named Road,559190,312940,4000,20000,558890,312886,559493,313031,PE34,http://data.ordnancesurvey.co.uk/id/postcodedistrict/PE34,,,,King's Lynn and West Norfolk,http://data.ordnancesurvey.co.uk/id/7000000000007016,http://data.ordnancesurvey.co.uk/ontology/admingeo/District,Norfolk,http://data.ordnancesurvey.co.uk/id/7000000000007238,http://data.ordnancesurvey.co.uk/ontology/admingeo/County,Eastern,http://data.ordnancesurvey.co.uk/id/7000000000041425,England,http://data.ordnancesurvey.co.uk/id/country/england,,,
osgb4000000027036800,http://data.ordnancesurvey.co.uk/id/4000000027036800,Cox Close,,,,transportNetwork,Named Road,545292,308542,1000,20000,545262,308529,545333,308578,PE14,http://data.ordnancesurvey.co.uk/id/postcodedistrict/PE14,Wisbech,http://data.ordnancesurvey.co.uk/id/4000000074551318,http://www.ordnancesurvey.co.uk/xml/codelists/localtype.xml#town,Fenland,http://data.ordnancesurvey.co.uk/id/7000000000001357,http://data.ordnancesurvey.co.uk/ontology/admingeo/District,Cambridgeshire,http://data.ordnancesurvey.co.uk/id/7000000000001386,http://data.ordnancesurvey.co.uk/ontology/admingeo/County,Eastern,http://data.ordnancesurvey.co.uk/id/7000000000041425,England,http://data.ordnancesurvey.co.uk/id/country/england,,,
osgb4000000026940247,http://data.ordnancesurvey.co.uk/id/4000000026940247,Coronation Avenue,,,,transportNetwork,Named Road,555390,300866,1000,20000,555343,300834,555410,300947,PE38,http://data.ordnancesurvey.co.uk/id/postcodedistrict/PE38,Nordelph,http://data.ordnancesurvey.co.uk/id/4000000074550935,http://www.ordnancesurvey.co.uk/xml/codelists/localtype.xml#village,King's Lynn and West Norfolk,http://data.ordnancesurvey.co.uk/id/7000000000007016,http://data.ordnancesurvey.co.uk/ontology/admingeo/District,Norfolk,http://data.ordnancesurvey.co.uk/id/7000000000007238,http://data.ordnancesurvey.co.uk/ontology/admingeo/County,Eastern,http://data.ordnancesurvey.co.uk/id/7000000000041425,England,http://data.ordnancesurvey.co.uk/id/country/england,,,
osgb4000000026935144,http://data.ordnancesurvey.co.uk/id/4000000026935144,Black Dyke,,,,transportNetwork,Named Road,542377,313526,9000,20000,542365,312790,542397,314243,PE13,http://data.ordnancesurvey.co.uk/id/postcodedistrict/PE13,,,,Fenland,http://data.ordnancesurvey.co.uk/id/7000000000001357,http://data.ordnancesurvey.co.uk/ontology/admingeo/District,Cambridgeshire,http://data.ordnancesurvey.co.uk/id/7000000000001386,http://data.ordnancesurvey.co.uk/ontology/admingeo/County,Eastern,http://data.ordnancesurvey.co.uk/id/7000000000041425,England,http://data.ordnancesurvey.co.uk/id/country/england,,,
osgb4000000026937487,http://data.ordnancesurvey.co.uk/id/4000000026937487,Richmond Way,,,,transportNetwork,Named Road,544213,311698,2000,20000,544130,311578,544218,311829,PE13,http://data.ordnancesurvey.co.uk/id/postcodedistrict/PE13,Leverington,http://data.ordnancesurvey.co.uk/id/4000000074551313,http://www.ordnancesurvey.co.uk/xml/codelists/localtype.xml#village,Fenland,http://data.ordnancesurvey.co.uk/id/7000000000001357,http://data.ordnancesurvey.co.uk/ontology/admingeo/District,Cambridgeshire,http://data.ordnancesurvey.co.uk/id/7000000000001386,http://data.ordnancesurvey.co.uk/ontology/admingeo/County,Eastern,http://data.ordnancesurvey.co.uk/id/7000000000041425,England,http://data.ordnancesurvey.co.uk/id/country/england,,,
osgb4000000026942750,http://data.ordnancesurvey.co.uk/id/4000000026942750,Fardell Road,,,,transportNetwork,Named Road,546208,309199,1000,20000,546208,309199,546252,309232,PE13,http://data.ordnancesurvey.co.uk/id/postcodedistrict/PE13,Wisbech,http://data.ordnancesurvey.co.uk/id/4000000074551318,http://www.ordnancesurvey.co.uk/xml/codelists/localtype.xml#town,Fenland,http://data.ordnancesurvey.co.uk/id/7000000000001357,http://data.ordnancesurvey.co.uk/ontology/admingeo/District,Cambridgeshire,http://data.ordnancesurvey.co.uk/id/7000000000001386,http://data.ordnancesurvey.co.uk/ontology/admingeo/County,Eastern,http://data.ordnancesurvey.co.uk/id/7000000000041425,England,http://data.ordnancesurvey.co.uk/id/country/england,,,
osgb4000000026937455,http://data.ordnancesurvey.co.uk/id/4000000026937455,William Road,,,,transportNetwork,Named Road,546508,309580,1000,20000,546453,309565,546553,309596,PE13,http://data.ordnancesurvey.co.uk/id/postcodedistrict/PE13,Wisbech,http://data.ordnancesurvey.co.uk/id/4000000074551318,http://www.ordnancesurvey.co.uk/xml/codelists/localtype.xml#town,Fenland,http://data.ordnancesurvey.co.uk/id/7000000000001357,http://data.ordnancesurvey.co.uk/ontology/admingeo/District,Cambridgeshire,http://data.ordnancesurvey.co.uk/id/7000000000001386,http://data.ordnancesurvey.co.uk/ontology/admingeo/County,Eastern,http://data.ordnancesurvey.co.uk/id/7000000000041425,England,http://data.ordnancesurvey.co.uk/id/country/england,,,
osgb4000000027003280,http://data.ordnancesurvey.co.uk/id/4000000027003280,Turnover Bank,,,,transportNetwork,Named Road,540070,311903,1000,20000,539989,311891,540119,311917,PE13,http://data.ordnancesurvey.co.uk/id/postcodedistrict/PE13,,,,Fenland,http://data.ordnancesurvey.co.uk/id/7000000000001357,http://data.ordnancesurvey.co.uk/ontology/admingeo/District,Cambridgeshire,http://data.ordnancesurvey.co.uk/id/7000000000001386,http://data.ordnancesurvey.co.uk/ontology/admingeo/County,Eastern,http://data.ordnancesurvey.co.uk/id/7000000000041425,England,http://data.ordnancesurvey.co.uk/id/country/england,,,
osgb4000000026997143,http://data.ordnancesurvey.co.uk/id/4000000026997143,West Drive,,,,transportNetwork,Named Road,546750,305072,1000,20000,546693,305006,546797,305086,PE14,http://data.ordnancesurvey.co.uk/id/postcodedistrict/PE14,Friday Bridge,http://data.ordnancesurvey.co.uk/id/4000000074550225,http://www.ordnancesurvey.co.uk/xml/codelists/localtype.xml#village,Fenland,http://data.ordnancesurvey.co.uk/id/7000000000001357,http://data.ordnancesurvey.co.uk/ontology/admingeo/District,Cambridgeshire,http://data.ordnancesurvey.co.uk/id/7000000000001386,http://data.ordnancesurvey.co.uk/ontology/admingeo/County,Eastern,http://data.ordnancesurvey.co.uk/id/7000000000041425,England,http://data.ordnancesurvey.co.uk/id/country/england,,,
osgb4000000026933496,http://data.ordnancesurvey.co.uk/id/4000000026933496,Jew House Drove,,,,transportNetwork,Named Road,545197,304901,7000,20000,544639,304786,545735,305016,PE14,http://data.ordnancesurvey.co.uk/id/postcodedistrict/PE14,,,,Fenland,http://data.ordnancesurvey.co.uk/id/7000000000001357,http://data.ordnancesurvey.co.uk/ontology/admingeo/District,Cambridgeshire,http://data.ordnancesurvey.co.uk/id/7000000000001386,http://data.ordnancesurvey.co.uk/ontology/admingeo/County,Eastern,http://data.ordnancesurvey.co.uk/id/7000000000041425,England,http://data.ordnancesurvey.co.uk/id/country/england,,,
osgb4000000026942739,http://data.ordnancesurvey.co.uk/id/4000000026942739,Rhone Place,,,,transportNetwork,Named Road,547093,308839,1000,20000,547093,308817,547099,308883,PE13,http://data.ordnancesurvey.co.uk/id/postcodedistrict/PE13,Wisbech,http://data.ordnancesurvey.co.uk/id/4000000074551318,http://www.ordnancesurvey.co.uk/xml/codelists/localtype.xml#town,Fenland,http://data.ordnancesurvey.co.uk/id/7000000000001357,http://data.ordnancesurvey.co.uk/ontology/admingeo/District,Cambridgeshire,http://data.ordnancesurvey.co.uk/id/7000000000001386,http://data.ordnancesurvey.co.uk/ontology/admingeo/County,Eastern,http://data.ordnancesurvey.co.uk/id/7000000000041425,England,http://data.ordnancesurvey.co.uk/id/country/england,,,
osgb4000000026937500,http://data.ordnancesurvey.co.uk/id/4000000026937500,Clarence Road,,,,transportNetwork,Named Road,546841,310283,1000,20000,546764,310214,546852,310345,PE13,http://data.ordnancesurvey.co.uk/id/postcodedistrict/PE13,Wisbech,http://data.ordnancesurvey.co.uk/id/4000000074551318,http://www.ordnancesurvey.co.uk/xml/codelists/localtype.xml#town,Fenland,http://data.ordnancesurvey.co.uk/id/7000000000001357,http://data.ordnancesurvey.co.uk/ontology/admingeo/District,Cambridgeshire,http://data.ordnancesurvey.co.uk/id/7000000000001386,http://data.ordnancesurvey.co.uk/ontology/admingeo/County,Eastern,http://data.ordnancesurvey.co.uk/id/7000000000041425,England,http://data.ordnancesurvey.co.uk/id/country/england,,,
osgb4000000026932364,http://data.ordnancesurvey.co.uk/id/4000000026932364,Main Road,,,,transportNetwork,Named Road,544955,318320,5000,20000,544829,317933,545076,318714,PE13,http://data.ordnancesurvey.co.uk/id/postcodedistrict/PE13,,,,South Holland,http://data.ordnancesurvey.co.uk/id/7000000000005599,http://data.ordnancesurvey.co.uk/ontology/admingeo/District,Lincolnshire,http://data.ordnancesurvey.co.uk/id/7000000000005942,http://data.ordnancesurvey.co.uk/ontology/admingeo/County,East Midlands,http://data.ordnancesurvey.co.uk/id/7000000000041423,England,http://data.ordnancesurvey.co.uk/id/country/england,,,
osgb4000000026937507,http://data.ordnancesurvey.co.uk/id/4000000026937507,Coldhorn Crescent,,,,transportNetwork,Named Road,547001,310751,1000,20000,546910,310695,547040,310804,PE13,http://data.ordnancesurvey.co.uk/id/postcodedistrict/PE13,Wisbech,http://data.ordnancesurvey.co.uk/id/4000000074551318,http://www.ordnancesurvey.co.uk/xml/codelists/localtype.xml#town,Fenland,http://data.ordnancesurvey.co.uk/id/7000000000001357,http://data.ordnancesurvey.co.uk/ontology/admingeo/District,Cambridgeshire,http://data.ordnancesurvey.co.uk/id/7000000000001386,http://data.ordnancesurvey.co.uk/ontology/admingeo/County,Eastern,http://data.ordnancesurvey.co.uk/id/7000000000041425,England,http://data.ordnancesurvey.co.uk/id/country/england,,,
ae21fd1e-3a69-41f6-8454-323173d3a354,http://data.ordnancesurvey.co.uk/id/ae21fd1e-3a69-41f6-8454-323173d3a354,Elm High Road,,,,transportNetwork,Section Of Named Road,546930,308187,5000,25000,546808,307845,547106,308550,PE14,http://data.ordnancesurvey.co.uk/id/postcodedistrict/PE14,Wisbech,http://data.ordnancesurvey.co.uk/id/4000000074551318,http://www.ordnancesurvey.co.uk/xml/codelists/localtype.xml#town,King's Lynn and West Norfolk,http://data.ordnancesurvey.co.uk/id/7000000000007016,http://data.ordnancesurvey.co.uk/ontology/admingeo/District,Norfolk,http://data.ordnancesurvey.co.uk/id/7000000000007238,http://data.ordnancesurvey.co.uk/ontology/admingeo/County,Eastern,http://data.ordnancesurvey.co.uk/id/7000000000041425,England,http://data.ordnancesurvey.co.uk/id/country/england,osgb4000000026935119,,
osgb4000000026942781,http://data.ordnancesurvey.co.uk/id/4000000026942781,Haley Close,,,,transportNetwork,Named Road,546386,311113,1000,20000,546386,311113,546440,311120,PE13,http://data.ordnancesurvey.co.uk/id/postcodedistrict/PE13,Wisbech,http://data.ordnancesurvey.co.uk/id/4000000074551318,http://www.ordnancesurvey.co.uk/xml/codelists/localtype.xml#town,Fenland,http://data.ordnancesurvey.co.uk/id/7000000000001357,http://data.ordnancesurvey.co.uk/ontology/admingeo/District,Cambridgeshire,http://data.ordnancesurvey.co.uk/id/7000000000001386,http://data.ordnancesurvey.co.uk/ontology/admingeo/County,Eastern,http://data.ordnancesurvey.co.uk/id/7000000000041425,England,http://data.ordnancesurvey.co.uk/id/country/england,,,
osgb4000000026932401,http://data.ordnancesurvey.co.uk/id/4000000026932401,Biggs Road,,,,transportNetwork,Named Road,549255,309878,11000,20000,548986,308996,549456,310672,PE14,http://data.ordnancesurvey.co.uk/id/postcodedistrict/PE14,,,,King's Lynn and West Norfolk,http://data.ordnancesurvey.co.uk/id/7000000000007016,http://data.ordnancesurvey.co.uk/ontology/admingeo/District,Norfolk,http://data.ordnancesurvey.co.uk/id/7000000000007238,http://data.ordnancesurvey.co.uk/ontology/admingeo/County,Eastern,http://data.ordnancesurvey.co.uk/id/7000000000041425,England,http://data.ordnancesurvey.co.uk/id/country/england,,,
osgb4000000026942825,http://data.ordnancesurvey.co.uk/id/4000000026942825,Willow Drive,,,,transportNetwork,Named Road,556187,317216,1000,20000,556185,317190,556217,317240,PE34,http://data.ordnancesurvey.co.uk/id/postcodedistrict/PE34,Tilney High End,http://data.ordnancesurvey.co.uk/id/4000000074550940,http://www.ordnancesurvey.co.uk/xml/codelists/localtype.xml#village,King's Lynn and West Norfolk,http://data.ordnancesurvey.co.uk/id/7000000000007016,http://data.ordnancesurvey.co.uk/ontology/admingeo/District,Norfolk,http://data.ordnancesurvey.co.uk/id/7000000000007238,http://data.ordnancesurvey.co.uk/ontology/admingeo/County,Eastern,http://data.ordnancesurvey.co.uk/id/7000000000041425,England,http://data.ordnancesurvey.co.uk/id/country/england,,,
osgb4000000027035638,http://data.ordnancesurvey.co.uk/id/4000000027035638,Kingswood Park,,,,transportNetwork,Named Road,546920,308908,1000,20000,546864,308900,546950,308908,PE13,http://data.ordnancesurvey.co.uk/id/postcodedistrict/PE13,Wisbech,http://data.ordnancesurvey.co.uk/id/4000000074551318,http://www.ordnancesurvey.co.uk/xml/codelists/localtype.xml#town,Fenland,http://data.ordnancesurvey.co.uk/id/7000000000001357,http://data.ordnancesurvey.co.uk/ontology/admingeo/District,Cambridgeshire,http://data.ordnancesurvey.co.uk/id/7000000000001386,http://data.ordnancesurvey.co.uk/ontology/admingeo/County,Eastern,http://data.ordnancesurvey.co.uk/id/7000000000041425,England,http://data.ordnancesurvey.co.uk/id/country/england,,,
osgb4000000026940363,http://data.ordnancesurvey.co.uk/id/4000000026940363,Strawberry Close,,,,transportNetwork,Named Road,545232,310407,1000,20000,545185,310346,545234,310431,PE13,http://data.ordnancesurvey.co.uk/id/postcodedistrict/PE13,Wisbech,http://data.ordnancesurvey.co.uk/id/4000000074551318,http://www.ordnancesurvey.co.uk/xml/codelists/localtype.xml#town,Fenland,http://data.ordnancesurvey.co.uk/id/7000000000001357,http://data.ordnancesurvey.co.uk/ontology/admingeo/District,Cambridgeshire,http://data.ordnancesurvey.co.uk/id/7000000000001386,http://data.ordnancesurvey.co.uk/ontology/admingeo/County,Eastern,http://data.ordnancesurvey.co.uk/id/7000000000041425,England,http://data.ordnancesurvey.co.uk/id/country/england,,,
osgb4000000026937426,http://data.ordnancesurvey.co.uk/id/4000000026937426,Woodcote Park,,,,transportNetwork,Named Road,545323,309259,1000,20000,545302,309154,545326,309367,PE13,http://data.ordnancesurvey.co.uk/id/postcodedistrict/PE13,Wisbech,http://data.ordnancesurvey.co.uk/id/4000000074551318,http://www.ordnancesurvey.co.uk/xml/codelists/localtype.xml#town,Fenland,http://data.ordnancesurvey.co.uk/id/7000000000001357,http://data.ordnancesurvey.co.uk/ontology/admingeo/District,Cambridgeshire,http://data.ordnancesurvey.co.uk/id/7000000000001386,http://data.ordnancesurvey.co.uk/ontology/admingeo/County,Eastern,http://data.ordnancesurvey.co.uk/id/7000000000041425,England,http://data.ordnancesurvey.co.uk/id/country/england,,,
92889c84-8a44-40b7-a4e7-3570e83ae00c,http://data.ordnancesurvey.co.uk/id/92889c84-8a44-40b7-a4e7-3570e83ae00c,Back Drove,,,,transportNetwork,Section Of Named Road,549655,301048,1000,25000,549652,300960,549669,301140,PE14,http://data.ordnancesurvey.co.uk/id/postcodedistrict/PE14,Upwell,http://data.ordnancesurvey.co.uk/id/4000000074550938,http://www.ordnancesurvey.co.uk/xml/codelists/localtype.xml#village,King's Lynn and West Norfolk,http://data.ordnancesurvey.co.uk/id/7000000000007016,http://data.ordnancesurvey.co.uk/ontology/admingeo/District,Norfolk,http://data.ordnancesurvey.co.uk/id/7000000000007238,http://data.ordnancesurvey.co.uk/ontology/admingeo/County,Eastern,http://data.ordnancesurvey.co.uk/id/7000000000041425,England,http://data.ordnancesurvey.co.uk/id/country/england,osgb4000000026937332,,
osgb4000000026932434,http://data.ordnancesurvey.co.uk/id/4000000026932434,Cranny Field Chase,,,,transportNetwork,Named Road,550743,315031,6000,20000,550290,314878,551209,315195,PE14,http://data.ordnancesurvey.co.uk/id/postcodedistrict/PE14,,,,King's Lynn and West Norfolk,http://data.ordnancesurvey.co.uk/id/7000000000007016,http://data.ordnancesurvey.co.uk/ontology/admingeo/District,Norfolk,http://data.ordnancesurvey.co.uk/id/7000000000007238,http://data.ordnancesurvey.co.uk/ontology/admingeo/County,Eastern,http://data.ordnancesurvey.co.uk/id/7000000000041425,England,http://data.ordnancesurvey.co.uk/id/country/england,,,
osgb4000000026940341,http://data.ordnancesurvey.co.uk/id/4000000026940341,Union Street,,,,transportNetwork,Named Road,546187,309708,1000,20000,546175,309681,546209,309747,PE13,http://data.ordnancesurvey.co.uk/id/postcodedistrict/PE13,Wisbech,http://data.ordnancesurvey.co.uk/id/4000000074551318,http://www.ordnancesurvey.co.uk/xml/codelists/localtype.xml#town,Fenland,http://data.ordnancesurvey.co.uk/id/7000000000001357,http://data.ordnancesurvey.co.uk/ontology/admingeo/District,Cambridgeshire,http://data.ordnancesurvey.co.uk/id/7000000000001386,http://data.ordnancesurvey.co.uk/ontology/admingeo/County,Eastern,http://data.ordnancesurvey.co.uk/id/7000000000041425,England,http://data.ordnancesurvey.co.uk/id/country/england,,,
osgb4000000026935049,http://data.ordnancesurvey.co.uk/id/4000000026935049,Pinfold Road,,,,transportNetwork,Named Road,550392,302560,3000,20000,550354,302333,550474,302729,PE14,http://data.ordnancesurvey.co.uk/id/postcodedistrict/PE14,Upwell,http://data.ordnancesurvey.co.uk/id/4000000074550938,http://www.ordnancesurvey.co.uk/xml/codelists/localtype.xml#village,King's Lynn and West Norfolk,http://data.ordnancesurvey.co.uk/id/7000000000007016,http://data.ordnancesurvey.co.uk/ontology/admingeo/District,Norfolk,http://data.ordnancesurvey.co.uk/id/7000000000007238,http://data.ordnancesurvey.co.uk/ontology/admingeo/County,Eastern,http://data.ordnancesurvey.co.uk/id/7000000000041425,England,http://data.ordnancesurvey.co.uk/id/country/england,,,
88e25879-4626-43be-ac99-84b7f36ecad5,http://data.ordnancesurvey.co.uk/id/88e25879-4626-43be-ac99-84b7f36ecad5,Sixteen Foot Bank,,,,transportNetwork,Section Of Named Road,549966,300512,1000,25000,549952,300478,549979,300545,PE14,http://data.ordnancesurvey.co.uk/id/postcodedistrict/PE14,Upwell,http://data.ordnancesurvey.co.uk/id/4000000074550938,http://www.ordnancesurvey.co.uk/xml/codelists/localtype.xml#village,King's Lynn and West Norfolk,http://data.ordnancesurvey.co.uk/id/7000000000007016,http://data.ordnancesurvey.co.uk/ontology/admingeo/District,Norfolk,http://data.ordnancesurvey.co.uk/id/7000000000007238,http://data.ordnancesurvey.co.uk/ontology/admingeo/County,Eastern,http://data.ordnancesurvey.co.uk/id/7000000000041425,England,http://data.ordnancesurvey.co.uk/id/country/england,osgb4000000028032254,,
osgb4000000026935133,http://data.ordnancesurvey.co.uk/id/4000000026935133,Falklands Drive,,,,transportNetwork,Named Road,547130,308612,2000,20000,546974,308606,547267,308683,PE13,http://data.ordnancesurvey.co.uk/id/postcodedistrict/PE13,Wisbech,http://data.ordnancesurvey.co.uk/id/4000000074551318,http://www.ordnancesurvey.co.uk/xml/codelists/localtype.xml#town,Fenland,http://data.ordnancesurvey.co.uk/id/7000000000001357,http://data.ordnancesurvey.co.uk/ontology/admingeo/District,Cambridgeshire,http://data.ordnancesurvey.co.uk/id/7000000000001386,http://data.ordnancesurvey.co.uk/ontology/admingeo/County,Eastern,http://data.ordnancesurvey.co.uk/id/7000000000041425,England,http://data.ordnancesurvey.co.uk/id/country/england,,,
osgb4000000027008305,http://data.ordnancesurvey.co.uk/id/4000000027008305,Trotwood Mews,,,,transportNetwork,Named Road,546984,308931,1000,20000,546973,308913,546985,308960,PE13,http://data.ordnancesurvey.co.uk/id/postcodedistrict/PE13,Wisbech,http://data.ordnancesurvey.co.uk/id/4000000074551318,http://www.ordnancesurvey.co.uk/xml/codelists/localtype.xml#town,Fenland,http://data.ordnancesurvey.co.uk/id/7000000000001357,http://data.ordnancesurvey.co.uk/ontology/admingeo/District,Cambridgeshire,http://data.ordnancesurvey.co.uk/id/7000000000001386,http://data.ordnancesurvey.co.uk/ontology/admingeo/County,Eastern,http://data.ordnancesurvey.co.uk/id/7000000000041425,England,http://data.ordnancesurvey.co.uk/id/country/england,,,
osgb4000000026937435,http://data.ordnancesurvey.co.uk/id/4000000026937435,Cordon Street,,,,transportNetwork,Named Road,546411,309026,1000,20000,546328,308952,546461,309070,PE13,http://data.ordnancesurvey.co.uk/id/postcodedistrict/PE13,Wisbech,http://data.ordnancesurvey.co.uk/id/4000000074551318,http://www.ordnancesurvey.co.uk/xml/codelists/localtype.xml#town,Fenland,http://data.ordnancesurvey.co.uk/id/7000000000001357,http://data.ordnancesurvey.co.uk/ontology/admingeo/District,Cambridgeshire,http://data.ordnancesurvey.co.uk/id/7000000000001386,http://data.ordnancesurvey.co.uk/ontology/admingeo/County,Eastern,http://data.ordnancesurvey.co.uk/id/7000000000041425,England,http://data.ordnancesurvey.co.uk/id/country/england,,,
e7df0380-e30a-4864-a56a-d15c5979d347,http://data.ordnancesurvey.co.uk/id/e7df0380-e30a-4864-a56a-d15c5979d347,Eastlands Bank,,,,transportNetwork,Section Of Named Road,550122,317682,1000,25000,550113,317626,550142,317764,PE14,http://data.ordnancesurvey.co.uk/id/postcodedistrict/PE14,Walpole St Andrew,http://data.ordnancesurvey.co.uk/id/4000000074550944,http://www.ordnancesurvey.co.uk/xml/codelists/localtype.xml#village,King's Lynn and West Norfolk,http://data.ordnancesurvey.co.uk/id/7000000000007016,http://data.ordnancesurvey.co.uk/ontology/admingeo/District,Norfolk,http://data.ordnancesurvey.co.uk/id/7000000000007238,http://data.ordnancesurvey.co.uk/ontology/admingeo/County,Eastern,http://data.ordnancesurvey.co.uk/id/7000000000041425,England,http://data.ordnancesurvey.co.uk/id/country/england,osgb4000000026932440,,
osgb4000000026932396,http://data.ordnancesurvey.co.uk/id/4000000026932396,Marsh Road,,,,transportNetwork,Named Road,552326,305116,7000,20000,551854,304541,552772,305609,PE14,http://data.ordnancesurvey.co.uk/id/postcodedistrict/PE14,,,,King's Lynn and West Norfolk,http://data.ordnancesurvey.co.uk/id/7000000000007016,http://data.ordnancesurvey.co.uk/ontology/admingeo/District,Norfolk,http://data.ordnancesurvey.co.uk/id/7000000000007238,http://data.ordnancesurvey.co.uk/ontology/admingeo/County,Eastern,http://data.ordnancesurvey.co.uk/id/7000000000041425,England,http://data.ordnancesurvey.co.uk/id/country/england,,,
8d807954-8e03-44c0-9ac2-690e0fd1e017,http://data.ordnancesurvey.co.uk/id/8d807954-8e03-44c0-9ac2-690e0fd1e017,Bridle Close,,,,transportNetwork,Section Of Named Road,550939,303330,1000,25000,550929,303325,550950,303345,PE14,http://data.ordnancesurvey.co.uk/id/postcodedistrict/PE14,Upwell,http://data.ordnancesurvey.co.uk/id/4000000074550938,http://www.ordnancesurvey.co.uk/xml/codelists/localtype.xml#village,King's Lynn and West Norfolk,http://data.ordnancesurvey.co.uk/id/7000000000007016,http://data.ordnancesurvey.co.uk/ontology/admingeo/District,Norfolk,http://data.ordnancesurvey.co.uk/id/7000000000007238,http://data.ordnancesurvey.co.uk/ontology/admingeo/County,Eastern,http://data.ordnancesurvey.co.uk/id/7000000000041425,England,http://data.ordnancesurvey.co.uk/id/country/england,osgb4000000027007484,,
osgb4000000026940423,http://data.ordnancesurvey.co.uk/id/4000000026940423,Armada Close,,,,transportNetwork,Named Road,546669,311177,1000,20000,546659,311121,546682,311227,PE13,http://data.ordnancesurvey.co.uk/id/postcodedistrict/PE13,Wisbech,http://data.ordnancesurvey.co.uk/id/4000000074551318,http://www.ordnancesurvey.co.uk/xml/codelists/localtype.xml#town,Fenland,http://data.ordnancesurvey.co.uk/id/7000000000001357,http://data.ordnancesurvey.co.uk/ontology/admingeo/District,Cambridgeshire,http://data.ordnancesurvey.co.uk/id/7000000000001386,http://data.ordnancesurvey.co.uk/ontology/admingeo/County,Eastern,http://data.ordnancesurvey.co.uk/id/7000000000041425,England,http://data.ordnancesurvey.co.uk/id/country/england,,,
3324754b-a6c0-4f47-99fd-c898fbb16683,http://data.ordnancesurvey.co.uk/id/3324754b-a6c0-4f47-99fd-c898fbb16683,Begdale Road,,,,transportNetwork,Section Of Named Road,545726,306332,1000,25000,545641,306310,545784,306336,PE14,http://data.ordnancesurvey.co.uk/id/postcodedistrict/PE14,Begdale,http://data.ordnancesurvey.co.uk/id/4000000074550949,http://www.ordnancesurvey.co.uk/xml/codelists/localtype.xml#hamlet,Fenland,http://data.ordnancesurvey.co.uk/id/7000000000001357,http://data.ordnancesurvey.co.uk/ontology/admingeo/District,Cambridgeshire,http://data.ordnancesurvey.co.uk/id/7000000000001386,http://data.ordnancesurvey.co.uk/ontology/admingeo/County,Eastern,http://data.ordnancesurvey.co.uk/id/7000000000041425,England,http://data.ordnancesurvey.co.uk/id/country/england,osgb4000000026942729,,
osgb4000000026935212,http://data.ordnancesurvey.co.uk/id/4000000026935212,Broad Gate,,,,transportNetwork,Named Road,540027,319037,2000,20000,539933,318859,540146,319197,PE12,http://data.ordnancesurvey.co.uk/id/postcodedistrict/PE12,Sutton St James,http://data.ordnancesurvey.co.uk/id/4000000074548771,http://www.ordnancesurvey.co.uk/xml/codelists/localtype.xml#village,South Holland,http://data.ordnancesurvey.co.uk/id/7000000000005599,http://data.ordnancesurvey.co.uk/ontology/admingeo/District,Lincolnshire,http://data.ordnancesurvey.co.uk/id/7000000000005942,http://data.ordnancesurvey.co.uk/ontology/admingeo/County,East Midlands,http://data.ordnancesurvey.co.uk/id/7000000000041423,England,http://data.ordnancesurvey.co.uk/id/country/england,,,
osgb4000000026937409,http://data.ordnancesurvey.co.uk/id/4000000026937409,Sandy Lane,,,,transportNetwork,Named Road,542991,309881,5000,20000,542652,309491,543018,310293,PE13,http://data.ordnancesurvey.co.uk/id/postcodedistrict/PE13,,,,Fenland,http://data.ordnancesurvey.co.uk/id/7000000000001357,http://data.ordnancesurvey.co.uk/ontology/admingeo/District,Cambridgeshire,http://data.ordnancesurvey.co.uk/id/7000000000001386,http://data.ordnancesurvey.co.uk/ontology/admingeo/County,Eastern,http://data.ordnancesurvey.co.uk/id/7000000000041425,England,http://data.ordnancesurvey.co.uk/id/country/england,,,
osgb4000000027007209,http://data.ordnancesurvey.co.uk/id/4000000027007209,Ibstock Close,,,,transportNetwork,Named Road,543818,318412,1000,20000,543817,318402,543829,318441,PE13,http://data.ordnancesurvey.co.uk/id/postcodedistrict/PE13,Tydd St Mary,http://data.ordnancesurvey.co.uk/id/4000000074548410,http://www.ordnancesurvey.co.uk/xml/codelists/localtype.xml#village,South Holland,http://data.ordnancesurvey.co.uk/id/7000000000005599,http://data.ordnancesurvey.co.uk/ontology/admingeo/District,Lincolnshire,http://data.ordnancesurvey.co.uk/id/7000000000005942,http://data.ordnancesurvey.co.uk/ontology/admingeo/County,East Midlands,http://data.ordnancesurvey.co.uk/id/7000000000041423,England,http://data.ordnancesurvey.co.uk/id/country/england,,,
osgb4000000026932216,http://data.ordnancesurvey.co.uk/id/4000000026932216,Croft Road,,,,transportNetwork,Named Road,549979,300545,6000,20000,549505,300385,550445,300774,PE14,http://data.ordnancesurvey.co.uk/id/postcodedistrict/PE14,Upwell,http://data.ordnancesurvey.co.uk/id/4000000074550938,http://www.ordnancesurvey.co.uk/xml/codelists/localtype.xml#village,King's Lynn and West Norfolk,http://data.ordnancesurvey.co.uk/id/7000000000007016,http://data.ordnancesurvey.co.uk/ontology/admingeo/District,Norfolk,http://data.ordnancesurvey.co.uk/id/7000000000007238,http://data.ordnancesurvey.co.uk/ontology/admingeo/County,Eastern,http://data.ordnancesurvey.co.uk/id/7000000000041425,England,http://data.ordnancesurvey.co.uk/id/country/england,,,
016828ec-66f0-459e-8b60-c1220bcd056e,http://data.ordnancesurvey.co.uk/id/016828ec-66f0-459e-8b60-c1220bcd056e,Sluice Road,,,,transportNetwork,Section Of Named Road,559095,314021,3000,25000,558803,313966,559333,314165,PE34,http://data.ordnancesurvey.co.uk/id/postcodedistrict/PE34,Wiggenhall St Germans,http://data.ordnancesurvey.co.uk/id/4000000074550213,http://www.ordnancesurvey.co.uk/xml/codelists/localtype.xml#village,King's Lynn and West Norfolk,http://data.ordnancesurvey.co.uk/id/7000000000007016,http://data.ordnancesurvey.co.uk/ontology/admingeo/District,Norfolk,http://data.ordnancesurvey.co.uk/id/7000000000007238,http://data.ordnancesurvey.co.uk/ontology/admingeo/County,Eastern,http://data.ordnancesurvey.co.uk/id/7000000000041425,England,http://data.ordnancesurvey.co.uk/id/country/england,osgb4000000026932427,,
osgb4000000026933494,http://data.ordnancesurvey.co.uk/id/4000000026933494,Willock Lane,,,,transportNetwork,Named Road,541140,306592,7000,20000,540772,306248,541778,307068,PE13,http://data.ordnancesurvey.co.uk/id/postcodedistrict/PE13,,,,Fenland,http://data.ordnancesurvey.co.uk/id/7000000000001357,http://data.ordnancesurvey.co.uk/ontology/admingeo/District,Cambridgeshire,http://data.ordnancesurvey.co.uk/id/7000000000001386,http://data.ordnancesurvey.co.uk/ontology/admingeo/County,Eastern,http://data.ordnancesurvey.co.uk/id/7000000000041425,England,http://data.ordnancesurvey.co.uk/id/country/england,,,
b12989fd-607c-49d1-a315-2bd0b5e4d9ab,http://data.ordnancesurvey.co.uk/id/b12989fd-607c-49d1-a315-2bd0b5e4d9ab,Low Gate,,,,transportNetwork,Section Of Named Road,543615,318250,6000,25000,543398,317794,543691,318716,PE13,http://data.ordnancesurvey.co.uk/id/postcodedistrict/PE13,Tydd St Mary,http://data.ordnancesurvey.co.uk/id/4000000074548410,http://www.ordnancesurvey.co.uk/xml/codelists/localtype.xml#village,South Holland,http://data.ordnancesurvey.co.uk/id/7000000000005599,http://data.ordnancesurvey.co.uk/ontology/admingeo/District,Lincolnshire,http://data.ordnancesurvey.co.uk/id/7000000000005942,http://data.ordnancesurvey.co.uk/ontology/admingeo/County,East Midlands,http://data.ordnancesurvey.co.uk/id/7000000000041423,England,http://data.ordnancesurvey.co.uk/id/country/england,osgb4000000026931753,,
osgb4000000026997156,http://data.ordnancesurvey.co.uk/id/4000000026997156,Leach Close,,,,transportNetwork,Named Road,546275,308040,1000,20000,546251,308010,546275,308068,PE13,http://data.ordnancesurvey.co.uk/id/postcodedistrict/PE13,Wisbech,http://data.ordnancesurvey.co.uk/id/4000000074551318,http://www.ordnancesurvey.co.uk/xml/codelists/localtype.xml#town,Fenland,http://data.ordnancesurvey.co.uk/id/7000000000001357,http://data.ordnancesurvey.co.uk/ontology/admingeo/District,Cambridgeshire,http://data.ordnancesurvey.co.uk/id/7000000000001386,http://data.ordnancesurvey.co.uk/ontology/admingeo/County,Eastern,http://data.ordnancesurvey.co.uk/id/7000000000041425,England,http://data.ordnancesurvey.co.uk/id/country/england,,,
28af583c-b7a6-4e97-a8f3-96b1708f2ac6,http://data.ordnancesurvey.co.uk/id/28af583c-b7a6-4e97-a8f3-96b1708f2ac6,West Head Road,,,,transportNetwork,Section Of Named Road,557682,305846,2000,25000,557513,305714,557832,305913,PE34,http://data.ordnancesurvey.co.uk/id/postcodedistrict/PE34,West Head,http://data.ordnancesurvey.co.uk/id/4000000074550934,http://www.ordnancesurvey.co.uk/xml/codelists/localtype.xml#hamlet,King's Lynn and West Norfolk,http://data.ordnancesurvey.co.uk/id/7000000000007016,http://data.ordnancesurvey.co.uk/ontology/admingeo/District,Norfolk,http://data.ordnancesurvey.co.uk/id/7000000000007238,http://data.ordnancesurvey.co.uk/ontology/admingeo/County,Eastern,http://data.ordnancesurvey.co.uk/id/7000000000041425,England,http://data.ordnancesurvey.co.uk/id/country/england,osgb4000000026935256,,
1615163f-9525-43e0-b6e9-09c7c4492c23,http://data.ordnancesurvey.co.uk/id/1615163f-9525-43e0-b6e9-09c7c4492c23,High Road,,,,transportNetwork,Section Of Named Road,540146,303770,11000,25000,539660,303044,540525,304675,PE13,http://data.ordnancesurvey.co.uk/id/postcodedistrict/PE13,Guyhirn,http://data.ordnancesurvey.co.uk/id/4000000074550590,http://www.ordnancesurvey.co.uk/xml/codelists/localtype.xml#village,Fenland,http://data.ordnancesurvey.co.uk/id/7000000000001357,http://data.ordnancesurvey.co.uk/ontology/admingeo/District,Cambridgeshire,http://data.ordnancesurvey.co.uk/id/7000000000001386,http://data.ordnancesurvey.co.uk/ontology/admingeo/County,Eastern,http://data.ordnancesurvey.co.uk/id/7000000000041425,England,http://data.ordnancesurvey.co.uk/id/country/england,osgb4000000026935098,,
osgb5000005135745566,http://data.ordnancesurvey.co.uk/id/5000005135745566,Wanton's Lane,,,,transportNetwork,Named Road,541768,318883,4000,20000,541643,318566,541871,319218,PE12,http://data.ordnancesurvey.co.uk/id/postcodedistrict/PE12,,,,South Holland,http://data.ordnancesurvey.co.uk/id/7000000000005599,http://data.ordnancesurvey.co.uk/ontology/admingeo/District,Lincolnshire,http://data.ordnancesurvey.co.uk/id/7000000000005942,http://data.ordnancesurvey.co.uk/ontology/admingeo/County,East Midlands,http://data.ordnancesurvey.co.uk/id/7000000000041423,England,http://data.ordnancesurvey.co.uk/id/country/england,,,
osgb4000000026937465,http://data.ordnancesurvey.co.uk/id/4000000026937465,Welbeck Road,,,,transportNetwork,Named Road,547440,309417,2000,20000,547400,309300,547451,309543,PE13,http://data.ordnancesurvey.co.uk/id/postcodedistrict/PE13,Wisbech,http://data.ordnancesurvey.co.uk/id/4000000074551318,http://www.ordnancesurvey.co.uk/xml/codelists/localtype.xml#town,Fenland,http://data.ordnancesurvey.co.uk/id/7000000000001357,http://data.ordnancesurvey.co.uk/ontology/admingeo/District,Cambridgeshire,http://data.ordnancesurvey.co.uk/id/7000000000001386,http://data.ordnancesurvey.co.uk/ontology/admingeo/County,Eastern,http://data.ordnancesurvey.co.uk/id/7000000000041425,England,http://data.ordnancesurvey.co.uk/id/country/england,,,
osgb4000000026937469,http://data.ordnancesurvey.co.uk/id/4000000026937469,Maldon Road,,,,transportNetwork,Named Road,547496,309636,1000,20000,547475,309544,547522,309713,PE13,http://data.ordnancesurvey.co.uk/id/postcodedistrict/PE13,Wisbech,http://data.ordnancesurvey.co.uk/id/4000000074551318,http://www.ordnancesurvey.co.uk/xml/codelists/localtype.xml#town,Fenland,http://data.ordnancesurvey.co.uk/id/7000000000001357,http://data.ordnancesurvey.co.uk/ontology/admingeo/District,Cambridgeshire,http://data.ordnancesurvey.co.uk/id/7000000000001386,http://data.ordnancesurvey.co.uk/ontology/admingeo/County,Eastern,http://data.ordnancesurvey.co.uk/id/7000000000041425,England,http://data.ordnancesurvey.co.uk/id/country/england,,,
osgb4000000026991771,http://data.ordnancesurvey.co.uk/id/4000000026991771,Grove Gardens,,,,transportNetwork,Named Road,546906,306708,1000,20000,546823,306667,546988,306759,PE14,http://data.ordnancesurvey.co.uk/id/postcodedistrict/PE14,Elm,http://data.ordnancesurvey.co.uk/id/4000000074341528,http://www.ordnancesurvey.co.uk/xml/codelists/localtype.xml#village,Fenland,http://data.ordnancesurvey.co.uk/id/7000000000001357,http://data.ordnancesurvey.co.uk/ontology/admingeo/District,Cambridgeshire,http://data.ordnancesurvey.co.uk/id/7000000000001386,http://data.ordnancesurvey.co.uk/ontology/admingeo/County,Eastern,http://data.ordnancesurvey.co.uk/id/7000000000041425,England,http://data.ordnancesurvey.co.uk/id/country/england,,,
osgb5000005232421302,http://data.ordnancesurvey.co.uk/id/5000005232421302,The Chase,,,,transportNetwork,Named Road,556912,304115,5000,20000,556698,303761,557284,304583,PE38,http://data.ordnancesurvey.co.uk/id/postcodedistrict/PE38,,,,King's Lynn and West Norfolk,http://data.ordnancesurvey.co.uk/id/7000000000007016,http://data.ordnancesurvey.co.uk/ontology/admingeo/District,Norfolk,http://data.ordnancesurvey.co.uk/id/7000000000007238,http://data.ordnancesurvey.co.uk/ontology/admingeo/County,Eastern,http://data.ordnancesurvey.co.uk/id/7000000000041425,England,http://data.ordnancesurvey.co.uk/id/country/england,,,
osgb4000000026940373,http://data.ordnancesurvey.co.uk/id/4000000026940373,Sutton Meadows,,,,transportNetwork,Named Road,545145,311154,1000,20000,545061,311145,545184,311155,PE13,http://data.ordnancesurvey.co.uk/id/postcodedistrict/PE13,Wisbech,http://data.ordnancesurvey.co.uk/id/4000000074551318,http://www.ordnancesurvey.co.uk/xml/codelists/localtype.xml#town,Fenland,http://data.ordnancesurvey.co.uk/id/7000000000001357,http://data.ordnancesurvey.co.uk/ontology/admingeo/District,Cambridgeshire,http://data.ordnancesurvey.co.uk/id/7000000000001386,http://data.ordnancesurvey.co.uk/ontology/admingeo/County,Eastern,http://data.ordnancesurvey.co.uk/id/7000000000041425,England,http://data.ordnancesurvey.co.uk/id/country/england,,,
osgb5000005234285542,http://data.ordnancesurvey.co.uk/id/5000005234285542,Cranny Field Chase,,,,transportNetwork,Named Road,549969,315083,4000,20000,549612,314991,550259,315276,PE14,http://data.ordnancesurvey.co.uk/id/postcodedistrict/PE14,,,,King's Lynn and West Norfolk,http://data.ordnancesurvey.co.uk/id/7000000000007016,http://data.ordnancesurvey.co.uk/ontology/admingeo/District,Norfolk,http://data.ordnancesurvey.co.uk/id/7000000000007238,http://data.ordnancesurvey.co.uk/ontology/admingeo/County,Eastern,http://data.ordnancesurvey.co.uk/id/7000000000041425,England,http://data.ordnancesurvey.co.uk/id/country/england,,,
osgb4000000026932232,http://data.ordnancesurvey.co.uk/id/4000000026932232,Lady Drove,,,,transportNetwork,Named Road,558454,303185,14000,20000,557403,302899,559574,303873,PE38,http://data.ordnancesurvey.co.uk/id/postcodedistrict/PE38,,,,King's Lynn and West Norfolk,http://data.ordnancesurvey.co.uk/id/7000000000007016,http://data.ordnancesurvey.co.uk/ontology/admingeo/District,Norfolk,http://data.ordnancesurvey.co.uk/id/7000000000007238,http://data.ordnancesurvey.co.uk/ontology/admingeo/County,Eastern,http://data.ordnancesurvey.co.uk/id/7000000000041425,England,http://data.ordnancesurvey.co.uk/id/country/england,,,
4fab4eb0-5e73-4150-9ffb-e46768ce32ec,http://data.ordnancesurvey.co.uk/id/4fab4eb0-5e73-4150-9ffb-e46768ce32ec,Back Lane,,,,transportNetwork,Section Of Named Road,550667,304635,1000,25000,550664,304613,550672,304645,PE14,http://data.ordnancesurvey.co.uk/id/postcodedistrict/PE14,Outwell,http://data.ordnancesurvey.co.uk/id/4000000074548389,http://www.ordnancesurvey.co.uk/xml/codelists/localtype.xml#village,King's Lynn and West Norfolk,http://data.ordnancesurvey.co.uk/id/7000000000007016,http://data.ordnancesurvey.co.uk/ontology/admingeo/District,Norfolk,http://data.ordnancesurvey.co.uk/id/7000000000007238,http://data.ordnancesurvey.co.uk/ontology/admingeo/County,Eastern,http://data.ordnancesurvey.co.uk/id/7000000000041425,England,http://data.ordnancesurvey.co.uk/id/country/england,osgb4000000026935051,,
osgb4000000026933535,http://data.ordnancesurvey.co.uk/id/4000000026933535,Lerowe Road,,,,transportNetwork,Named Road,547335,310492,3000,20000,547066,310310,547534,310581,PE13,http://data.ordnancesurvey.co.uk/id/postcodedistrict/PE13,Wisbech,http://data.ordnancesurvey.co.uk/id/4000000074551318,http://www.ordnancesurvey.co.uk/xml/codelists/localtype.xml#town,Fenland,http://data.ordnancesurvey.co.uk/id/7000000000001357,http://data.ordnancesurvey.co.uk/ontology/admingeo/District,Cambridgeshire,http://data.ordnancesurvey.co.uk/id/7000000000001386,http://data.ordnancesurvey.co.uk/ontology/admingeo/County,Eastern,http://data.ordnancesurvey.co.uk/id/7000000000041425,England,http://data.ordnancesurvey.co.uk/id/country/england,,,
osgb4000000026940368,http://data.ordnancesurvey.co.uk/id/4000000026940368,Orchard Close,,,,transportNetwork,Named Road,544317,311031,1000,20000,544276,310992,544320,311074,PE13,http://data.ordnancesurvey.co.uk/id/postcodedistrict/PE13,Leverington,http://data.ordnancesurvey.co.uk/id/4000000074551313,http://www.ordnancesurvey.co.uk/xml/codelists/localtype.xml#village,Fenland,http://data.ordnancesurvey.co.uk/id/7000000000001357,http://data.ordnancesurvey.co.uk/ontology/admingeo/District,Cambridgeshire,http://data.ordnancesurvey.co.uk/id/7000000000001386,http://data.ordnancesurvey.co.uk/ontology/admingeo/County,Eastern,http://data.ordnancesurvey.co.uk/id/7000000000041425,England,http://data.ordnancesurvey.co.uk/id/country/england,,,
osgb4000000026933455,http://data.ordnancesurvey.co.uk/id/4000000026933455,High Street,,,,transportNetwork,Named Road,555827,300966,3000,20000,555606,300930,556075,301005,PE38,http://data.ordnancesurvey.co.uk/id/postcodedistrict/PE38,Nordelph,http://data.ordnancesurvey.co.uk/id/4000000074550935,http://www.ordnancesurvey.co.uk/xml/codelists/localtype.xml#village,King's Lynn and West Norfolk,http://data.ordnancesurvey.co.uk/id/7000000000007016,http://data.ordnancesurvey.co.uk/ontology/admingeo/District,Norfolk,http://data.ordnancesurvey.co.uk/id/7000000000007238,http://data.ordnancesurvey.co.uk/ontology/admingeo/County,Eastern,http://data.ordnancesurvey.co.uk/id/7000000000041425,England,http://data.ordnancesurvey.co.uk/id/country/england,,,
e124fb68-6716-458a-a964-91c615ee129b,http://data.ordnancesurvey.co.uk/id/e124fb68-6716-458a-a964-91c615ee129b,Smeeth Bank,,,,transportNetwork,Section Of Named Road,553751,311567,1000,25000,553709,311556,553794,311613,PE14,http://data.ordnancesurvey.co.uk/id/postcodedistrict/PE14,St John's Fen End,http://data.ordnancesurvey.co.uk/id/4000000074548752,http://www.ordnancesurvey.co.uk/xml/codelists/localtype.xml#village,King's Lynn and West Norfolk,http://data.ordnancesurvey.co.uk/id/7000000000007016,http://data.ordnancesurvey.co.uk/ontology/admingeo/District,Norfolk,http://data.ordnancesurvey.co.uk/id/7000000000007238,http://data.ordnancesurvey.co.uk/ontology/admingeo/County,Eastern,http://data.ordnancesurvey.co.uk/id/7000000000041425,England,http://data.ordnancesurvey.co.uk/id/country/england,osgb5000005232644234,,
8883dad9-1030-444b-b38b-9859940aba3b,http://data.ordnancesurvey.co.uk/id/8883dad9-1030-444b-b38b-9859940aba3b,Mile Tree Lane,,,,transportNetwork,Section Of Named Road,544862,308123,1000,25000,544842,308110,544886,308133,PE13,http://data.ordnancesurvey.co.uk/id/postcodedistrict/PE13,Wisbech,http://data.ordnancesurvey.co.uk/id/4000000074551318,http://www.ordnancesurvey.co.uk/xml/codelists/localtype.xml#town,Fenland,http://data.ordnancesurvey.co.uk/id/7000000000001357,http://data.ordnancesurvey.co.uk/ontology/admingeo/District,Cambridgeshire,http://data.ordnancesurvey.co.uk/id/7000000000001386,http://data.ordnancesurvey.co.uk/ontology/admingeo/County,Eastern,http://data.ordnancesurvey.co.uk/id/7000000000041425,England,http://data.ordnancesurvey.co.uk/id/country/england,osgb4000000026932274,,
osgb4000000026942755,http://data.ordnancesurvey.co.uk/id/4000000026942755,Les Baux Place,,,,transportNetwork,Named Road,547149,308801,1000,20000,547137,308787,547177,308831,PE13,http://data.ordnancesurvey.co.uk/id/postcodedistrict/PE13,Wisbech,http://data.ordnancesurvey.co.uk/id/4000000074551318,http://www.ordnancesurvey.co.uk/xml/codelists/localtype.xml#town,Fenland,http://data.ordnancesurvey.co.uk/id/7000000000001357,http://data.ordnancesurvey.co.uk/ontology/admingeo/District,Cambridgeshire,http://data.ordnancesurvey.co.uk/id/7000000000001386,http://data.ordnancesurvey.co.uk/ontology/admingeo/County,Eastern,http://data.ordnancesurvey.co.uk/id/7000000000041425,England,http://data.ordnancesurvey.co.uk/id/country/england,,,
osgb4000000026940333,http://data.ordnancesurvey.co.uk/id/4000000026940333,Prince's Road,,,,transportNetwork,Named Road,546172,309297,1000,20000,546121,309241,546213,309368,PE13,http://data.ordnancesurvey.co.uk/id/postcodedistrict/PE13,Wisbech,http://data.ordnancesurvey.co.uk/id/4000000074551318,http://www.ordnancesurvey.co.uk/xml/codelists/localtype.xml#town,Fenland,http://data.ordnancesurvey.co.uk/id/7000000000001357,http://data.ordnancesurvey.co.uk/ontology/admingeo/District,Cambridgeshire,http://data.ordnancesurvey.co.uk/id/7000000000001386,http://data.ordnancesurvey.co.uk/ontology/admingeo/County,Eastern,http://data.ordnancesurvey.co.uk/id/7000000000041425,England,http://data.ordnancesurvey.co.uk/id/country/england,,,
osgb4000000027002798,http://data.ordnancesurvey.co.uk/id/4000000027002798,Tointons Road,,,,transportNetwork,Named Road,551117,301359,2000,20000,551000,301270,551324,301408,PE14,http://data.ordnancesurvey.co.uk/id/postcodedistrict/PE14,Plaw Field,http://data.ordnancesurvey.co.uk/id/4000000074550937,http://www.ordnancesurvey.co.uk/xml/codelists/localtype.xml#hamlet,King's Lynn and West Norfolk,http://data.ordnancesurvey.co.uk/id/7000000000007016,http://data.ordnancesurvey.co.uk/ontology/admingeo/District,Norfolk,http://data.ordnancesurvey.co.uk/id/7000000000007238,http://data.ordnancesurvey.co.uk/ontology/admingeo/County,Eastern,http://data.ordnancesurvey.co.uk/id/7000000000041425,England,http://data.ordnancesurvey.co.uk/id/country/england,,,
2c8e9853-a5c7-46ec-9cef-007551756dd8,http://data.ordnancesurvey.co.uk/id/2c8e9853-a5c7-46ec-9cef-007551756dd8,The Wroe,,,,transportNetwork,Section Of Named Road,549031,306687,6000,25000,548521,306352,549515,307078,PE14,http://data.ordnancesurvey.co.uk/id/postcodedistrict/PE14,Emneth,http://data.ordnancesurvey.co.uk/id/4000000074550948,http://www.ordnancesurvey.co.uk/xml/codelists/localtype.xml#village,King's Lynn and West Norfolk,http://data.ordnancesurvey.co.uk/id/7000000000007016,http://data.ordnancesurvey.co.uk/ontology/admingeo/District,Norfolk,http://data.ordnancesurvey.co.uk/id/7000000000007238,http://data.ordnancesurvey.co.uk/ontology/admingeo/County,Eastern,http://data.ordnancesurvey.co.uk/id/7000000000041425,England,http://data.ordnancesurvey.co.uk/id/country/england,osgb4000000027030220,,
96ac4325-2ed5-4deb-b67c-454dc8c2c0b8,http://data.ordnancesurvey.co.uk/id/96ac4325-2ed5-4deb-b67c-454dc8c2c0b8,Downham Road,,,,transportNetwork,Section Of Named Road,556085,300971,7000,25000,555590,300961,556705,301035,PE38,http://data.ordnancesurvey.co.uk/id/postcodedistrict/PE38,Nordelph,http://data.ordnancesurvey.co.uk/id/4000000074550935,http://www.ordnancesurvey.co.uk/xml/codelists/localtype.xml#village,King's Lynn and West Norfolk,http://data.ordnancesurvey.co.uk/id/7000000000007016,http://data.ordnancesurvey.co.uk/ontology/admingeo/District,Norfolk,http://data.ordnancesurvey.co.uk/id/7000000000007238,http://data.ordnancesurvey.co.uk/ontology/admingeo/County,Eastern,http://data.ordnancesurvey.co.uk/id/7000000000041425,England,http://data.ordnancesurvey.co.uk/id/country/england,osgb4000000026975545,,
008fa890-2e27-42e7-8994-97730aea7d51,http://data.ordnancesurvey.co.uk/id/008fa890-2e27-42e7-8994-97730aea7d51,Fitton End Road,,,,transportNetwork,Section Of Named Road,542647,312753,4000,25000,542365,312725,542997,312811,PE13,http://data.ordnancesurvey.co.uk/id/postcodedistrict/PE13,Fitton End,http://data.ordnancesurvey.co.uk/id/4000000074548411,http://www.ordnancesurvey.co.uk/xml/codelists/localtype.xml#hamlet,Fenland,http://data.ordnancesurvey.co.uk/id/7000000000001357,http://data.ordnancesurvey.co.uk/ontology/admingeo/District,Cambridgeshire,http://data.ordnancesurvey.co.uk/id/7000000000001386,http://data.ordnancesurvey.co.uk/ontology/admingeo/County,Eastern,http://data.ordnancesurvey.co.uk/id/7000000000041425,England,http://data.ordnancesurvey.co.uk/id/country/england,osgb4000000026932300,,
osgb4000000026937516,http://data.ordnancesurvey.co.uk/id/4000000026937516,Trinity Road,,,,transportNetwork,Named Road,547454,310074,1000,20000,547373,309998,547545,310138,PE13,http://data.ordnancesurvey.co.uk/id/postcodedistrict/PE13,Wisbech,http://data.ordnancesurvey.co.uk/id/4000000074551318,http://www.ordnancesurvey.co.uk/xml/codelists/localtype.xml#town,Fenland,http://data.ordnancesurvey.co.uk/id/7000000000001357,http://data.ordnancesurvey.co.uk/ontology/admingeo/District,Cambridgeshire,http://data.ordnancesurvey.co.uk/id/7000000000001386,http://data.ordnancesurvey.co.uk/ontology/admingeo/County,Eastern,http://data.ordnancesurvey.co.uk/id/7000000000041425,England,http://data.ordnancesurvey.co.uk/id/country/england,,,
osgb4000000026940523,http://data.ordnancesurvey.co.uk/id/4000000026940523,Punsfer Way,,,,transportNetwork,Named Road,554489,313649,1000,20000,554459,313645,554515,313670,PE34,http://data.ordnancesurvey.co.uk/id/postcodedistrict/PE34,Tilney St Lawrence,http://data.ordnancesurvey.co.uk/id/4000000074550579,http://www.ordnancesurvey.co.uk/xml/codelists/localtype.xml#village,King's Lynn and West Norfolk,http://data.ordnancesurvey.co.uk/id/7000000000007016,http://data.ordnancesurvey.co.uk/ontology/admingeo/District,Norfolk,http://data.ordnancesurvey.co.uk/id/7000000000007238,http://data.ordnancesurvey.co.uk/ontology/admingeo/County,Eastern,http://data.ordnancesurvey.co.uk/id/7000000000041425,England,http://data.ordnancesurvey.co.uk/id/country/england,,,
osgb5000005232448766,http://data.ordnancesurvey.co.uk/id/5000005232448766,Clamp Lane,,,,transportNetwork,Named Road,550914,304969,2000,20000,550727,304883,551054,304993,PE14,http://data.ordnancesurvey.co.uk/id/postcodedistrict/PE14,,,,King's Lynn and West Norfolk,http://data.ordnancesurvey.co.uk/id/7000000000007016,http://data.ordnancesurvey.co.uk/ontology/admingeo/District,Norfolk,http://data.ordnancesurvey.co.uk/id/7000000000007238,http://data.ordnancesurvey.co.uk/ontology/admingeo/County,Eastern,http://data.ordnancesurvey.co.uk/id/7000000000041425,England,http://data.ordnancesurvey.co.uk/id/country/england,,,
61ac75cd-110d-4aa8-813c-aa10e72dabfd,http://data.ordnancesurvey.co.uk/id/61ac75cd-110d-4aa8-813c-aa10e72dabfd,River Road,,,,transportNetwork,Section Of Named Road,546377,313320,8000,25000,545818,313078,547031,313606,PE14,http://data.ordnancesurvey.co.uk/id/postcodedistrict/PE14,West Walton,http://data.ordnancesurvey.co.uk/id/4000000074552041,http://www.ordnancesurvey.co.uk/xml/codelists/localtype.xml#village,King's Lynn and West Norfolk,http://data.ordnancesurvey.co.uk/id/7000000000007016,http://data.ordnancesurvey.co.uk/ontology/admingeo/District,Norfolk,http://data.ordnancesurvey.co.uk/id/7000000000007238,http://data.ordnancesurvey.co.uk/ontology/admingeo/County,Eastern,http://data.ordnancesurvey.co.uk/id/7000000000041425,England,http://data.ordnancesurvey.co.uk/id/country/england,osgb4000000026932303,,
osgb4000000026933577,http://data.ordnancesurvey.co.uk/id/4000000026933577,Park Road,,,,transportNetwork,Named Road,540705,316133,6000,20000,540282,316024,541203,316134,PE13,http://data.ordnancesurvey.co.uk/id/postcodedistrict/PE13,,,,Fenland,http://data.ordnancesurvey.co.uk/id/7000000000001357,http://data.ordnancesurvey.co.uk/ontology/admingeo/District,Cambridgeshire,http://data.ordnancesurvey.co.uk/id/7000000000001386,http://data.ordnancesurvey.co.uk/ontology/admingeo/County,Eastern,http://data.ordnancesurvey.co.uk/id/7000000000041425,England,http://data.ordnancesurvey.co.uk/id/country/england,,,
osgb4000000026937429,http://data.ordnancesurvey.co.uk/id/4000000026937429,Britannia Way,,,,transportNetwork,Named Road,546064,308250,1000,20000,546052,308157,546152,308262,PE13,http://data.ordnancesurvey.co.uk/id/postcodedistrict/PE13,Wisbech,http://data.ordnancesurvey.co.uk/id/4000000074551318,http://www.ordnancesurvey.co.uk/xml/codelists/localtype.xml#town,Fenland,http://data.ordnancesurvey.co.uk/id/7000000000001357,http://data.ordnancesurvey.co.uk/ontology/admingeo/District,Cambridgeshire,http://data.ordnancesurvey.co.uk/id/7000000000001386,http://data.ordnancesurvey.co.uk/ontology/admingeo/County,Eastern,http://data.ordnancesurvey.co.uk/id/7000000000041425,England,http://data.ordnancesurvey.co.uk/id/country/england,,,
a693b2e5-73c0-4aac-83e6-e36abbc5eef8,http://data.ordnancesurvey.co.uk/id/a693b2e5-73c0-4aac-83e6-e36abbc5eef8,Peter's Drove,,,,transportNetwork,Section Of Named Road,557938,312767,1000,25000,557885,312765,557983,312774,PE34,http://data.ordnancesurvey.co.uk/id/postcodedistrict/PE34,Wiggenhall St Mary the Virgin,http://data.ordnancesurvey.co.uk/id/4000000074550574,http://www.ordnancesurvey.co.uk/xml/codelists/localtype.xml#village,King's Lynn and West Norfolk,http://data.ordnancesurvey.co.uk/id/7000000000007016,http://data.ordnancesurvey.co.uk/ontology/admingeo/District,Norfolk,http://data.ordnancesurvey.co.uk/id/7000000000007238,http://data.ordnancesurvey.co.uk/ontology/admingeo/County,Eastern,http://data.ordnancesurvey.co.uk/id/7000000000041425,England,http://data.ordnancesurvey.co.uk/id/country/england,osgb4000000026968901,,
b27f4fd3-d86c-4f96-8f1c-4d9451d3f307,http://data.ordnancesurvey.co.uk/id/b27f4fd3-d86c-4f96-8f1c-4d9451d3f307,Dowgate Road,,,,transportNetwork,Section Of Named Road,544571,310746,1000,25000,544524,310733,544644,310795,PE13,http://data.ordnancesurvey.co.uk/id/postcodedistrict/PE13,Leverington,http://data.ordnancesurvey.co.uk/id/4000000074551313,http://www.ordnancesurvey.co.uk/xml/codelists/localtype.xml#village,Fenland,http://data.ordnancesurvey.co.uk/id/7000000000001357,http://data.ordnancesurvey.co.uk/ontology/admingeo/District,Cambridgeshire,http://data.ordnancesurvey.co.uk/id/7000000000001386,http://data.ordnancesurvey.co.uk/ontology/admingeo/County,Eastern,http://data.ordnancesurvey.co.uk/id/7000000000041425,England,http://data.ordnancesurvey.co.uk/id/country/england,osgb4000000026933526,,
333b2621-0698-4d14-a166-9a74315ea354,http://data.ordnancesurvey.co.uk/id/333b2621-0698-4d14-a166-9a74315ea354,School Road,,,,transportNetwork,Section Of Named Road,553785,311743,3000,25000,553783,311535,553843,311977,PE14,http://data.ordnancesurvey.co.uk/id/postcodedistrict/PE14,St John's Fen End,http://data.ordnancesurvey.co.uk/id/4000000074548752,http://www.ordnancesurvey.co.uk/xml/codelists/localtype.xml#village,King's Lynn and West Norfolk,http://data.ordnancesurvey.co.uk/id/7000000000007016,http://data.ordnancesurvey.co.uk/ontology/admingeo/District,Norfolk,http://data.ordnancesurvey.co.uk/id/7000000000007238,http://data.ordnancesurvey.co.uk/ontology/admingeo/County,Eastern,http://data.ordnancesurvey.co.uk/id/7000000000041425,England,http://data.ordnancesurvey.co.uk/id/country/england,osgb4000000026931774,,
osgb5000005232448731,http://data.ordnancesurvey.co.uk/id/5000005232448731,Major Drove,,,,transportNetwork,Named Road,541099,313271,5000,20000,540697,313184,541508,313351,PE13,http://data.ordnancesurvey.co.uk/id/postcodedistrict/PE13,,,,Fenland,http://data.ordnancesurvey.co.uk/id/7000000000001357,http://data.ordnancesurvey.co.uk/ontology/admingeo/District,Cambridgeshire,http://data.ordnancesurvey.co.uk/id/7000000000001386,http://data.ordnancesurvey.co.uk/ontology/admingeo/County,Eastern,http://data.ordnancesurvey.co.uk/id/7000000000041425,England,http://data.ordnancesurvey.co.uk/id/country/england,,,
osgb4000000026940337,http://data.ordnancesurvey.co.uk/id/4000000026940337,Charles Street,,,,transportNetwork,Named Road,546272,309117,1000,20000,546242,309085,546298,309157,PE13,http://data.ordnancesurvey.co.uk/id/postcodedistrict/PE13,Wisbech,http://data.ordnancesurvey.co.uk/id/4000000074551318,http://www.ordnancesurvey.co.uk/xml/codelists/localtype.xml#town,Fenland,http://data.ordnancesurvey.co.uk/id/7000000000001357,http://data.ordnancesurvey.co.uk/ontology/admingeo/District,Cambridgeshire,http://data.ordnancesurvey.co.uk/id/7000000000001386,http://data.ordnancesurvey.co.uk/ontology/admingeo/County,Eastern,http://data.ordnancesurvey.co.uk/id/7000000000041425,England,http://data.ordnancesurvey.co.uk/id/country/england,,,
osgb4000000026942812,http://data.ordnancesurvey.co.uk/id/4000000026942812,Terrington Close,,,,transportNetwork,Named Road,549313,307363,1000,20000,549307,307322,549315,307369,PE14,http://data.ordnancesurvey.co.uk/id/postcodedistrict/PE14,Emneth,http://data.ordnancesurvey.co.uk/id/4000000074550948,http://www.ordnancesurvey.co.uk/xml/codelists/localtype.xml#village,King's Lynn and West Norfolk,http://data.ordnancesurvey.co.uk/id/7000000000007016,http://data.ordnancesurvey.co.uk/ontology/admingeo/District,Norfolk,http://data.ordnancesurvey.co.uk/id/7000000000007238,http://data.ordnancesurvey.co.uk/ontology/admingeo/County,Eastern,http://data.ordnancesurvey.co.uk/id/7000000000041425,England,http://data.ordnancesurvey.co.uk/id/country/england,,,
osgb4000000026937509,http://data.ordnancesurvey.co.uk/id/4000000026937509,Kooreman Avenue,,,,transportNetwork,Named Road,546880,310582,1000,20000,546768,310518,546952,310609,PE13,http://data.ordnancesurvey.co.uk/id/postcodedistrict/PE13,Wisbech,http://data.ordnancesurvey.co.uk/id/4000000074551318,http://www.ordnancesurvey.co.uk/xml/codelists/localtype.xml#town,Fenland,http://data.ordnancesurvey.co.uk/id/7000000000001357,http://data.ordnancesurvey.co.uk/ontology/admingeo/District,Cambridgeshire,http://data.ordnancesurvey.co.uk/id/7000000000001386,http://data.ordnancesurvey.co.uk/ontology/admingeo/County,Eastern,http://data.ordnancesurvey.co.uk/id/7000000000041425,England,http://data.ordnancesurvey.co.uk/id/country/england,,,
osgb4000000026937656,http://data.ordnancesurvey.co.uk/id/4000000026937656,Kirk Road,,,,transportNetwork,Named Road,550053,317451,1000,20000,549933,317404,550134,317560,PE14,http://data.ordnancesurvey.co.uk/id/postcodedistrict/PE14,Walpole St Andrew,http://data.ordnancesurvey.co.uk/id/4000000074550944,http://www.ordnancesurvey.co.uk/xml/codelists/localtype.xml#village,King's Lynn and West Norfolk,http://data.ordnancesurvey.co.uk/id/7000000000007016,http://data.ordnancesurvey.co.uk/ontology/admingeo/District,Norfolk,http://data.ordnancesurvey.co.uk/id/7000000000007238,http://data.ordnancesurvey.co.uk/ontology/admingeo/County,Eastern,http://data.ordnancesurvey.co.uk/id/7000000000041425,England,http://data.ordnancesurvey.co.uk/id/country/england,,,
osgb4000000026932280,http://data.ordnancesurvey.co.uk/id/4000000026932280,Popple Drove,,,,transportNetwork,Named Road,540918,309539,9000,20000,540813,308828,541149,310258,PE13,http://data.ordnancesurvey.co.uk/id/postcodedistrict/PE13,,,,Fenland,http://data.ordnancesurvey.co.uk/id/7000000000001357,http://data.ordnancesurvey.co.uk/ontology/admingeo/District,Cambridgeshire,http://data.ordnancesurvey.co.uk/id/7000000000001386,http://data.ordnancesurvey.co.uk/ontology/admingeo/County,Eastern,http://data.ordnancesurvey.co.uk/id/7000000000041425,England,http://data.ordnancesurvey.co.uk/id/country/england,,,
da1edf22-3e7c-4bbd-8d83-53901b3b0b88,http://data.ordnancesurvey.co.uk/id/da1edf22-3e7c-4bbd-8d83-53901b3b0b88,White City Road,,,,transportNetwork,Section Of Named Road,556481,302851,1000,25000,556463,302814,556526,302864,PE38,http://data.ordnancesurvey.co.uk/id/postcodedistrict/PE38,Barroway Drove,http://data.ordnancesurvey.co.uk/id/4000000074327856,http://www.ordnancesurvey.co.uk/xml/codelists/localtype.xml#village,King's Lynn and West Norfolk,http://data.ordnancesurvey.co.uk/id/7000000000007016,http://data.ordnancesurvey.co.uk/ontology/admingeo/District,Norfolk,http://data.ordnancesurvey.co.uk/id/7000000000007238,http://data.ordnancesurvey.co.uk/ontology/admingeo/County,Eastern,http://data.ordnancesurvey.co.uk/id/7000000000041425,England,http://data.ordnancesurvey.co.uk/id/country/england,osgb4000000026933457,,
327859b4-c17e-44d7-bbd4-a96561f767e7,http://data.ordnancesurvey.co.uk/id/327859b4-c17e-44d7-bbd4-a96561f767e7,Atkinson's Lane,,,,transportNetwork,Section Of Named Road,546723,306517,4000,25000,546657,306208,546794,306781,PE14,http://data.ordnancesurvey.co.uk/id/postcodedistrict/PE14,,,,Fenland,http://data.ordnancesurvey.co.uk/id/7000000000001357,http://data.ordnancesurvey.co.uk/ontology/admingeo/District,Cambridgeshire,http://data.ordnancesurvey.co.uk/id/7000000000001386,http://data.ordnancesurvey.co.uk/ontology/admingeo/County,Eastern,http://data.ordnancesurvey.co.uk/id/7000000000041425,England,http://data.ordnancesurvey.co.uk/id/country/england,osgb5000005232416024,,
osgb4000000026933602,http://data.ordnancesurvey.co.uk/id/4000000026933602,Front Road,,,,transportNetwork,Named Road,546706,317941,3000,20000,546571,317690,546787,318200,PE13,http://data.ordnancesurvey.co.uk/id/postcodedistrict/PE13,Foul Anchor,http://data.ordnancesurvey.co.uk/id/4000000074548408,http://www.ordnancesurvey.co.uk/xml/codelists/localtype.xml#village,South Holland,http://data.ordnancesurvey.co.uk/id/7000000000005599,http://data.ordnancesurvey.co.uk/ontology/admingeo/District,Lincolnshire,http://data.ordnancesurvey.co.uk/id/7000000000005942,http://data.ordnancesurvey.co.uk/ontology/admingeo/County,East Midlands,http://data.ordnancesurvey.co.uk/id/7000000000041423,England,http://data.ordnancesurvey.co.uk/id/country/england,,,
osgb4000000026937647,http://data.ordnancesurvey.co.uk/id/4000000026937647,Lewis Drive,,,,transportNetwork,Named Road,559152,313865,2000,20000,559038,313836,559282,313991,PE34,http://data.ordnancesurvey.co.uk/id/postcodedistrict/PE34,Wiggenhall St Germans,http://data.ordnancesurvey.co.uk/id/4000000074550213,http://www.ordnancesurvey.co.uk/xml/codelists/localtype.xml#village,King's Lynn and West Norfolk,http://data.ordnancesurvey.co.uk/id/7000000000007016,http://data.ordnancesurvey.co.uk/ontology/admingeo/District,Norfolk,http://data.ordnancesurvey.co.uk/id/7000000000007238,http://data.ordnancesurvey.co.uk/ontology/admingeo/County,Eastern,http://data.ordnancesurvey.co.uk/id/7000000000041425,England,http://data.ordnancesurvey.co.uk/id/country/england,,,
osgb5000005184290728,http://data.ordnancesurvey.co.uk/id/5000005184290728,Ettie Close,,,,transportNetwork,Named Road,546260,310179,1000,20000,546248,310160,546271,310219,PE13,http://data.ordnancesurvey.co.uk/id/postcodedistrict/PE13,Wisbech,http://data.ordnancesurvey.co.uk/id/4000000074551318,http://www.ordnancesurvey.co.uk/xml/codelists/localtype.xml#town,Fenland,http://data.ordnancesurvey.co.uk/id/7000000000001357,http://data.ordnancesurvey.co.uk/ontology/admingeo/District,Cambridgeshire,http://data.ordnancesurvey.co.uk/id/7000000000001386,http://data.ordnancesurvey.co.uk/ontology/admingeo/County,Eastern,http://data.ordnancesurvey.co.uk/id/7000000000041425,England,http://data.ordnancesurvey.co.uk/id/country/england,,,
osgb4000000026933525,http://data.ordnancesurvey.co.uk/id/4000000026933525,Park Lane,,,,transportNetwork,Named Road,543114,312419,5000,20000,542919,311950,543330,312743,PE13,http://data.ordnancesurvey.co.uk/id/postcodedistrict/PE13,,,,Fenland,http://data.ordnancesurvey.co.uk/id/7000000000001357,http://data.ordnancesurvey.co.uk/ontology/admingeo/District,Cambridgeshire,http://data.ordnancesurvey.co.uk/id/7000000000001386,http://data.ordnancesurvey.co.uk/ontology/admingeo/County,Eastern,http://data.ordnancesurvey.co.uk/id/7000000000041425,England,http://data.ordnancesurvey.co.uk/id/country/england,,,
osgb4000000026933545,http://data.ordnancesurvey.co.uk/id/4000000026933545,Chapel Lane,,,,transportNetwork,Named Road,544426,314507,5000,20000,544202,314497,544924,314623,PE13,http://data.ordnancesurvey.co.uk/id/postcodedistrict/PE13,Newton-in-the-Isle,http://data.ordnancesurvey.co.uk/id/4000000074548769,http://www.ordnancesurvey.co.uk/xml/codelists/localtype.xml#village,Fenland,http://data.ordnancesurvey.co.uk/id/7000000000001357,http://data.ordnancesurvey.co.uk/ontology/admingeo/District,Cambridgeshire,http://data.ordnancesurvey.co.uk/id/7000000000001386,http://data.ordnancesurvey.co.uk/ontology/admingeo/County,Eastern,http://data.ordnancesurvey.co.uk/id/7000000000041425,England,http://data.ordnancesurvey.co.uk/id/country/england,,,
osgb4000000026940422,http://data.ordnancesurvey.co.uk/id/4000000026940422,Prince Of Wales Close,,,,transportNetwork,Named Road,546980,311136,1000,20000,546904,311096,546988,311191,PE13,http://data.ordnancesurvey.co.uk/id/postcodedistrict/PE13,Wisbech,http://data.ordnancesurvey.co.uk/id/4000000074551318,http://www.ordnancesurvey.co.uk/xml/codelists/localtype.xml#town,Fenland,http://data.ordnancesurvey.co.uk/id/7000000000001357,http://data.ordnancesurvey.co.uk/ontology/admingeo/District,Cambridgeshire,http://data.ordnancesurvey.co.uk/id/7000000000001386,http://data.ordnancesurvey.co.uk/ontology/admingeo/County,Eastern,http://data.ordnancesurvey.co.uk/id/7000000000041425,England,http://data.ordnancesurvey.co.uk/id/country/england,,,
3047164e-0496-45ba-bca3-4c9265b9ddf8,http://data.ordnancesurvey.co.uk/id/3047164e-0496-45ba-bca3-4c9265b9ddf8,Swain's Drove,,,,transportNetwork,Section Of Named Road,546032,317661,1000,25000,546027,317653,546081,317714,PE13,http://data.ordnancesurvey.co.uk/id/postcodedistrict/PE13,Foul Anchor,http://data.ordnancesurvey.co.uk/id/4000000074548408,http://www.ordnancesurvey.co.uk/xml/codelists/localtype.xml#village,Fenland,http://data.ordnancesurvey.co.uk/id/7000000000001357,http://data.ordnancesurvey.co.uk/ontology/admingeo/District,Cambridgeshire,http://data.ordnancesurvey.co.uk/id/7000000000001386,http://data.ordnancesurvey.co.uk/ontology/admingeo/County,Eastern,http://data.ordnancesurvey.co.uk/id/7000000000041425,England,http://data.ordnancesurvey.co.uk/id/country/england,osgb4000000026932367,,
osgb4000000026940325,http://data.ordnancesurvey.co.uk/id/4000000026940325,Castle Mews,,,,transportNetwork,Named Road,546172,309631,1000,20000,546132,309597,546213,309632,PE13,http://data.ordnancesurvey.co.uk/id/postcodedistrict/PE13,Wisbech,http://data.ordnancesurvey.co.uk/id/4000000074551318,http://www.ordnancesurvey.co.uk/xml/codelists/localtype.xml#town,Fenland,http://data.ordnancesurvey.co.uk/id/7000000000001357,http://data.ordnancesurvey.co.uk/ontology/admingeo/District,Cambridgeshire,http://data.ordnancesurvey.co.uk/id/7000000000001386,http://data.ordnancesurvey.co.uk/ontology/admingeo/County,Eastern,http://data.ordnancesurvey.co.uk/id/7000000000041425,England,http://data.ordnancesurvey.co.uk/id/country/england,,,
osgb4000000026978113,http://data.ordnancesurvey.co.uk/id/4000000026978113,South Green,,,,transportNetwork,Named Road,554091,319649,1000,20000,554091,319605,554126,319716,PE34,http://data.ordnancesurvey.co.uk/id/postcodedistrict/PE34,Terrington St Clement,http://data.ordnancesurvey.co.uk/id/4000000074548395,http://www.ordnancesurvey.co.uk/xml/codelists/localtype.xml#otherSettlement,King's Lynn and West Norfolk,http://data.ordnancesurvey.co.uk/id/7000000000007016,http://data.ordnancesurvey.co.uk/ontology/admingeo/District,Norfolk,http://data.ordnancesurvey.co.uk/id/7000000000007238,http://data.ordnancesurvey.co.uk/ontology/admingeo/County,Eastern,http://data.ordnancesurvey.co.uk/id/7000000000041425,England,http://data.ordnancesurvey.co.uk/id/country/england,,,
osgb4000000026935275,http://data.ordnancesurvey.co.uk/id/4000000026935275,Park Crescent,,,,transportNetwork,Named Road,559619,310985,2000,20000,559475,310903,559771,311083,PE34,http://data.ordnancesurvey.co.uk/id/postcodedistrict/PE34,Wiggenhall St Mary Magdalen,http://data.ordnancesurvey.co.uk/id/4000000074548392,http://www.ordnancesurvey.co.uk/xml/codelists/localtype.xml#village,King's Lynn and West Norfolk,http://data.ordnancesurvey.co.uk/id/7000000000007016,http://data.ordnancesurvey.co.uk/ontology/admingeo/District,Norfolk,http://data.ordnancesurvey.co.uk/id/7000000000007238,http://data.ordnancesurvey.co.uk/ontology/admingeo/County,Eastern,http://data.ordnancesurvey.co.uk/id/7000000000041425,England,http://data.ordnancesurvey.co.uk/id/country/england,,,
osgb4000000026940382,http://data.ordnancesurvey.co.uk/id/4000000026940382,Opportune Road,,,,transportNetwork,Named Road,546309,310226,1000,20000,546309,310226,546407,310231,PE13,http://data.ordnancesurvey.co.uk/id/postcodedistrict/PE13,Wisbech,http://data.ordnancesurvey.co.uk/id/4000000074551318,http://www.ordnancesurvey.co.uk/xml/codelists/localtype.xml#town,Fenland,http://data.ordnancesurvey.co.uk/id/7000000000001357,http://data.ordnancesurvey.co.uk/ontology/admingeo/District,Cambridgeshire,http://data.ordnancesurvey.co.uk/id/7000000000001386,http://data.ordnancesurvey.co.uk/ontology/admingeo/County,Eastern,http://data.ordnancesurvey.co.uk/id/7000000000041425,England,http://data.ordnancesurvey.co.uk/id/country/england,,,
5e209ac3-27be-4543-96c9-4c2579a6bed1,http://data.ordnancesurvey.co.uk/id/5e209ac3-27be-4543-96c9-4c2579a6bed1,Parson Drove Lane,,,,transportNetwork,Section Of Named Road,544543,311935,1000,25000,544492,311919,544632,311964,PE13,http://data.ordnancesurvey.co.uk/id/postcodedistrict/PE13,Leverington,http://data.ordnancesurvey.co.uk/id/4000000074551313,http://www.ordnancesurvey.co.uk/xml/codelists/localtype.xml#village,Fenland,http://data.ordnancesurvey.co.uk/id/7000000000001357,http://data.ordnancesurvey.co.uk/ontology/admingeo/District,Cambridgeshire,http://data.ordnancesurvey.co.uk/id/7000000000001386,http://data.ordnancesurvey.co.uk/ontology/admingeo/County,Eastern,http://data.ordnancesurvey.co.uk/id/7000000000041425,England,http://data.ordnancesurvey.co.uk/id/country/england,osgb4000000026933530,,
osgb4000000026940243,http://data.ordnancesurvey.co.uk/id/4000000026940243,Spencer Drove,,,,transportNetwork,Named Road,540178,303823,1000,20000,540138,303809,540188,303872,PE13,http://data.ordnancesurvey.co.uk/id/postcodedistrict/PE13,Guyhirn,http://data.ordnancesurvey.co.uk/id/4000000074550590,http://www.ordnancesurvey.co.uk/xml/codelists/localtype.xml#village,Fenland,http://data.ordnancesurvey.co.uk/id/7000000000001357,http://data.ordnancesurvey.co.uk/ontology/admingeo/District,Cambridgeshire,http://data.ordnancesurvey.co.uk/id/7000000000001386,http://data.ordnancesurvey.co.uk/ontology/admingeo/County,Eastern,http://data.ordnancesurvey.co.uk/id/7000000000041425,England,http://data.ordnancesurvey.co.uk/id/country/england,,,
osgb4000000026937448,http://data.ordnancesurvey.co.uk/id/4000000026937448,King's Road,,,,transportNetwork,Named Road,546164,309292,1000,20000,546095,309241,546225,309341,PE13,http://data.ordnancesurvey.co.uk/id/postcodedistrict/PE13,Wisbech,http://data.ordnancesurvey.co.uk/id/4000000074551318,http://www.ordnancesurvey.co.uk/xml/codelists/localtype.xml#town,Fenland,http://data.ordnancesurvey.co.uk/id/7000000000001357,http://data.ordnancesurvey.co.uk/ontology/admingeo/District,Cambridgeshire,http://data.ordnancesurvey.co.uk/id/7000000000001386,http://data.ordnancesurvey.co.uk/ontology/admingeo/County,Eastern,http://data.ordnancesurvey.co.uk/id/7000000000041425,England,http://data.ordnancesurvey.co.uk/id/country/england,,,
osgb4000000026932452,http://data.ordnancesurvey.co.uk/id/4000000026932452,Church Road,,,,transportNetwork,Named Road,556682,317820,8000,20000,556230,317274,556799,318520,PE34,http://data.ordnancesurvey.co.uk/id/postcodedistrict/PE34,Tilney All Saints,http://data.ordnancesurvey.co.uk/id/4000000074550578,http://www.ordnancesurvey.co.uk/xml/codelists/localtype.xml#village,King's Lynn and West Norfolk,http://data.ordnancesurvey.co.uk/id/7000000000007016,http://data.ordnancesurvey.co.uk/ontology/admingeo/District,Norfolk,http://data.ordnancesurvey.co.uk/id/7000000000007238,http://data.ordnancesurvey.co.uk/ontology/admingeo/County,Eastern,http://data.ordnancesurvey.co.uk/id/7000000000041425,England,http://data.ordnancesurvey.co.uk/id/country/england,,,
osgb4000000026935109,http://data.ordnancesurvey.co.uk/id/4000000026935109,Collett's Bridge Lane,,,,transportNetwork,Named Road,548229,306544,2000,20000,548134,306365,548337,306681,PE14,http://data.ordnancesurvey.co.uk/id/postcodedistrict/PE14,Elm,http://data.ordnancesurvey.co.uk/id/4000000074341528,http://www.ordnancesurvey.co.uk/xml/codelists/localtype.xml#village,Fenland,http://data.ordnancesurvey.co.uk/id/7000000000001357,http://data.ordnancesurvey.co.uk/ontology/admingeo/District,Cambridgeshire,http://data.ordnancesurvey.co.uk/id/7000000000001386,http://data.ordnancesurvey.co.uk/ontology/admingeo/County,Eastern,http://data.ordnancesurvey.co.uk/id/7000000000041425,England,http://data.ordnancesurvey.co.uk/id/country/england,,,
osgb4000000026940329,http://data.ordnancesurvey.co.uk/id/4000000026940329,Church Terrace,,,,transportNetwork,Named Road,546319,309591,2000,20000,546287,309483,546368,309721,PE13,http://data.ordnancesurvey.co.uk/id/postcodedistrict/PE13,Wisbech,http://data.ordnancesurvey.co.uk/id/4000000074551318,http://www.ordnancesurvey.co.uk/xml/codelists/localtype.xml#town,Fenland,http://data.ordnancesurvey.co.uk/id/7000000000001357,http://data.ordnancesurvey.co.uk/ontology/admingeo/District,Cambridgeshire,http://data.ordnancesurvey.co.uk/id/7000000000001386,http://data.ordnancesurvey.co.uk/ontology/admingeo/County,Eastern,http://data.ordnancesurvey.co.uk/id/7000000000041425,England,http://data.ordnancesurvey.co.uk/id/country/england,,,
osgb4000000026935174,http://data.ordnancesurvey.co.uk/id/4000000026935174,Kirkgate Street,,,,transportNetwork,Named Road,547439,310551,3000,20000,547379,310337,547561,310827,PE13,http://data.ordnancesurvey.co.uk/id/postcodedistrict/PE13,Wisbech,http://data.ordnancesurvey.co.uk/id/4000000074551318,http://www.ordnancesurvey.co.uk/xml/codelists/localtype.xml#town,Fenland,http://data.ordnancesurvey.co.uk/id/7000000000001357,http://data.ordnancesurvey.co.uk/ontology/admingeo/District,Cambridgeshire,http://data.ordnancesurvey.co.uk/id/7000000000001386,http://data.ordnancesurvey.co.uk/ontology/admingeo/County,Eastern,http://data.ordnancesurvey.co.uk/id/7000000000041425,England,http://data.ordnancesurvey.co.uk/id/country/england,,,
osgb4000000026931766,http://data.ordnancesurvey.co.uk/id/4000000026931766,Church Bank,,,,transportNetwork,Named Road,554358,307394,17000,20000,554162,306032,554564,308718,PE14,http://data.ordnancesurvey.co.uk/id/postcodedistrict/PE14,,,,King's Lynn and West Norfolk,http://data.ordnancesurvey.co.uk/id/7000000000007016,http://data.ordnancesurvey.co.uk/ontology/admingeo/District,Norfolk,http://data.ordnancesurvey.co.uk/id/7000000000007238,http://data.ordnancesurvey.co.uk/ontology/admingeo/County,Eastern,http://data.ordnancesurvey.co.uk/id/7000000000041425,England,http://data.ordnancesurvey.co.uk/id/country/england,,,
5976c098-1099-4ba7-be67-229343ab93c0,http://data.ordnancesurvey.co.uk/id/5976c098-1099-4ba7-be67-229343ab93c0,St Peter's Drove,,,,transportNetwork,Section Of Named Road,559459,313009,1000,25000,559398,312992,559493,313031,PE34,http://data.ordnancesurvey.co.uk/id/postcodedistrict/PE34,Wiggenhall St Germans,http://data.ordnancesurvey.co.uk/id/4000000074550213,http://www.ordnancesurvey.co.uk/xml/codelists/localtype.xml#village,King's Lynn and West Norfolk,http://data.ordnancesurvey.co.uk/id/7000000000007016,http://data.ordnancesurvey.co.uk/ontology/admingeo/District,Norfolk,http://data.ordnancesurvey.co.uk/id/7000000000007238,http://data.ordnancesurvey.co.uk/ontology/admingeo/County,Eastern,http://data.ordnancesurvey.co.uk/id/7000000000041425,England,http://data.ordnancesurvey.co.uk/id/country/england,osgb4000000026968902,,
osgb4000000026935175,http://data.ordnancesurvey.co.uk/id/4000000026935175,Church Road,,,,transportNetwork,Named Road,547787,310504,4000,20000,547508,310467,548065,310534,PE13,http://data.ordnancesurvey.co.uk/id/postcodedistrict/PE13,Wisbech,http://data.ordnancesurvey.co.uk/id/4000000074551318,http://www.ordnancesurvey.co.uk/xml/codelists/localtype.xml#town,Fenland,http://data.ordnancesurvey.co.uk/id/7000000000001357,http://data.ordnancesurvey.co.uk/ontology/admingeo/District,Cambridgeshire,http://data.ordnancesurvey.co.uk/id/7000000000001386,http://data.ordnancesurvey.co.uk/ontology/admingeo/County,Eastern,http://data.ordnancesurvey.co.uk/id/7000000000041425,England,http://data.ordnancesurvey.co.uk/id/country/england,,,
ec1c8097-9882-4fde-8f36-e41ca46f44d2,http://data.ordnancesurvey.co.uk/id/ec1c8097-9882-4fde-8f36-e41ca46f44d2,New Drove,,,,transportNetwork,Section Of Named Road,546321,308124,3000,25000,546095,307940,546555,308368,PE13,http://data.ordnancesurvey.co.uk/id/postcodedistrict/PE13,Wisbech,http://data.ordnancesurvey.co.uk/id/4000000074551318,http://www.ordnancesurvey.co.uk/xml/codelists/localtype.xml#town,Fenland,http://data.ordnancesurvey.co.uk/id/7000000000001357,http://data.ordnancesurvey.co.uk/ontology/admingeo/District,Cambridgeshire,http://data.ordnancesurvey.co.uk/id/7000000000001386,http://data.ordnancesurvey.co.uk/ontology/admingeo/County,Eastern,http://data.ordnancesurvey.co.uk/id/7000000000041425,England,http://data.ordnancesurvey.co.uk/id/country/england,osgb4000000026932276,,
osgb4000000026937612,http://data.ordnancesurvey.co.uk/id/4000000026937612,March Lane,,,,transportNetwork,Named Road,550690,314115,11000,20000,549847,313825,551516,314386,PE14,http://data.ordnancesurvey.co.uk/id/postcodedistrict/PE14,,,,King's Lynn and West Norfolk,http://data.ordnancesurvey.co.uk/id/7000000000007016,http://data.ordnancesurvey.co.uk/ontology/admingeo/District,Norfolk,http://data.ordnancesurvey.co.uk/id/7000000000007238,http://data.ordnancesurvey.co.uk/ontology/admingeo/County,Eastern,http://data.ordnancesurvey.co.uk/id/7000000000041425,England,http://data.ordnancesurvey.co.uk/id/country/england,,,
osgb4000000026935257,http://data.ordnancesurvey.co.uk/id/4000000026935257,Potato Drove,,,,transportNetwork,Named Road,553821,309768,5000,20000,553725,309349,554033,310126,PE14,http://data.ordnancesurvey.co.uk/id/postcodedistrict/PE14,,,,King's Lynn and West Norfolk,http://data.ordnancesurvey.co.uk/id/7000000000007016,http://data.ordnancesurvey.co.uk/ontology/admingeo/District,Norfolk,http://data.ordnancesurvey.co.uk/id/7000000000007238,http://data.ordnancesurvey.co.uk/ontology/admingeo/County,Eastern,http://data.ordnancesurvey.co.uk/id/7000000000041425,England,http://data.ordnancesurvey.co.uk/id/country/england,,,
osgb4000000026940551,http://data.ordnancesurvey.co.uk/id/4000000026940551,Folgate Lane,,,,transportNetwork,Named Road,549224,316113,9000,20000,548463,315854,549802,316655,PE14,http://data.ordnancesurvey.co.uk/id/postcodedistrict/PE14,,,,King's Lynn and West Norfolk,http://data.ordnancesurvey.co.uk/id/7000000000007016,http://data.ordnancesurvey.co.uk/ontology/admingeo/District,Norfolk,http://data.ordnancesurvey.co.uk/id/7000000000007238,http://data.ordnancesurvey.co.uk/ontology/admingeo/County,Eastern,http://data.ordnancesurvey.co.uk/id/7000000000041425,England,http://data.ordnancesurvey.co.uk/id/country/england,,,
osgb4000000026942740,http://data.ordnancesurvey.co.uk/id/4000000026942740,Camargue Place,,,,transportNetwork,Named Road,547159,308838,1000,20000,547159,308838,547161,308886,PE13,http://data.ordnancesurvey.co.uk/id/postcodedistrict/PE13,Wisbech,http://data.ordnancesurvey.co.uk/id/4000000074551318,http://www.ordnancesurvey.co.uk/xml/codelists/localtype.xml#town,Fenland,http://data.ordnancesurvey.co.uk/id/7000000000001357,http://data.ordnancesurvey.co.uk/ontology/admingeo/District,Cambridgeshire,http://data.ordnancesurvey.co.uk/id/7000000000001386,http://data.ordnancesurvey.co.uk/ontology/admingeo/County,Eastern,http://data.ordnancesurvey.co.uk/id/7000000000041425,England,http://data.ordnancesurvey.co.uk/id/country/england,,,
osgb4000000026931785,http://data.ordnancesurvey.co.uk/id/4000000026931785,High Road,,,,transportNetwork,Named Road,557416,313808,17000,20000,557129,312449,557635,315078,PE34,http://data.ordnancesurvey.co.uk/id/postcodedistrict/PE34,Tilney cum Islington,http://data.ordnancesurvey.co.uk/id/4000000074550575,http://www.ordnancesurvey.co.uk/xml/codelists/localtype.xml#village,King's Lynn and West Norfolk,http://data.ordnancesurvey.co.uk/id/7000000000007016,http://data.ordnancesurvey.co.uk/ontology/admingeo/District,Norfolk,http://data.ordnancesurvey.co.uk/id/7000000000007238,http://data.ordnancesurvey.co.uk/ontology/admingeo/County,Eastern,http://data.ordnancesurvey.co.uk/id/7000000000041425,England,http://data.ordnancesurvey.co.uk/id/country/england,,,
osgb4000000026935118,http://data.ordnancesurvey.co.uk/id/4000000026935118,Algores Way,,,,transportNetwork,Named Road,545881,308219,3000,20000,545666,307931,546157,308452,PE13,http://data.ordnancesurvey.co.uk/id/postcodedistrict/PE13,Wisbech,http://data.ordnancesurvey.co.uk/id/4000000074551318,http://www.ordnancesurvey.co.uk/xml/codelists/localtype.xml#town,Fenland,http://data.ordnancesurvey.co.uk/id/7000000000001357,http://data.ordnancesurvey.co.uk/ontology/admingeo/District,Cambridgeshire,http://data.ordnancesurvey.co.uk/id/7000000000001386,http://data.ordnancesurvey.co.uk/ontology/admingeo/County,Eastern,http://data.ordnancesurvey.co.uk/id/7000000000041425,England,http://data.ordnancesurvey.co.uk/id/country/england,,,
osgb5000005232448711,http://data.ordnancesurvey.co.uk/id/5000005232448711,Green Bank,,,,transportNetwork,Named Road,551542,313568,3000,20000,551426,313325,551643,313796,PE14,http://data.ordnancesurvey.co.uk/id/postcodedistrict/PE14,,,,King's Lynn and West Norfolk,http://data.ordnancesurvey.co.uk/id/7000000000007016,http://data.ordnancesurvey.co.uk/ontology/admingeo/District,Norfolk,http://data.ordnancesurvey.co.uk/id/7000000000007238,http://data.ordnancesurvey.co.uk/ontology/admingeo/County,Eastern,http://data.ordnancesurvey.co.uk/id/7000000000041425,England,http://data.ordnancesurvey.co.uk/id/country/england,,,
osgb4000000026935056,http://data.ordnancesurvey.co.uk/id/4000000026935056,Isle Bridge Road,,,,transportNetwork,Named Road,551070,303749,2000,20000,550938,303619,551244,303853,PE14,http://data.ordnancesurvey.co.uk/id/postcodedistrict/PE14,Outwell,http://data.ordnancesurvey.co.uk/id/4000000074548389,http://www.ordnancesurvey.co.uk/xml/codelists/localtype.xml#village,King's Lynn and West Norfolk,http://data.ordnancesurvey.co.uk/id/7000000000007016,http://data.ordnancesurvey.co.uk/ontology/admingeo/District,Norfolk,http://data.ordnancesurvey.co.uk/id/7000000000007238,http://data.ordnancesurvey.co.uk/ontology/admingeo/County,Eastern,http://data.ordnancesurvey.co.uk/id/7000000000041425,England,http://data.ordnancesurvey.co.uk/id/country/england,,,
osgb4000000026937501,http://data.ordnancesurvey.co.uk/id/4000000026937501,Trafford Park,,,,transportNetwork,Named Road,547037,310128,1000,20000,547032,310073,547046,310197,PE13,http://data.ordnancesurvey.co.uk/id/postcodedistrict/PE13,Wisbech,http://data.ordnancesurvey.co.uk/id/4000000074551318,http://www.ordnancesurvey.co.uk/xml/codelists/localtype.xml#town,Fenland,http://data.ordnancesurvey.co.uk/id/7000000000001357,http://data.ordnancesurvey.co.uk/ontology/admingeo/District,Cambridgeshire,http://data.ordnancesurvey.co.uk/id/7000000000001386,http://data.ordnancesurvey.co.uk/ontology/admingeo/County,Eastern,http://data.ordnancesurvey.co.uk/id/7000000000041425,England,http://data.ordnancesurvey.co.uk/id/country/england,,,
osgb4000000026940320,http://data.ordnancesurvey.co.uk/id/4000000026940320,Larksfield,,,,transportNetwork,Named Road,546194,308951,1000,20000,546161,308937,546250,308993,PE13,http://data.ordnancesurvey.co.uk/id/postcodedistrict/PE13,Wisbech,http://data.ordnancesurvey.co.uk/id/4000000074551318,http://www.ordnancesurvey.co.uk/xml/codelists/localtype.xml#town,Fenland,http://data.ordnancesurvey.co.uk/id/7000000000001357,http://data.ordnancesurvey.co.uk/ontology/admingeo/District,Cambridgeshire,http://data.ordnancesurvey.co.uk/id/7000000000001386,http://data.ordnancesurvey.co.uk/ontology/admingeo/County,Eastern,http://data.ordnancesurvey.co.uk/id/7000000000041425,England,http://data.ordnancesurvey.co.uk/id/country/england,,,
osgb4000000026932405,http://data.ordnancesurvey.co.uk/id/4000000026932405,St Paul's Road South,,,,transportNetwork,Named Road,550168,311952,8000,20000,549623,311378,550806,312569,PE14,http://data.ordnancesurvey.co.uk/id/postcodedistrict/PE14,,,,King's Lynn and West Norfolk,http://data.ordnancesurvey.co.uk/id/7000000000007016,http://data.ordnancesurvey.co.uk/ontology/admingeo/District,Norfolk,http://data.ordnancesurvey.co.uk/id/7000000000007238,http://data.ordnancesurvey.co.uk/ontology/admingeo/County,Eastern,http://data.ordnancesurvey.co.uk/id/7000000000041425,England,http://data.ordnancesurvey.co.uk/id/country/england,,,
osgb4000000026937462,http://data.ordnancesurvey.co.uk/id/4000000026937462,Orchard Drive,,,,transportNetwork,Named Road,547405,309234,1000,20000,547272,309231,547454,309251,PE13,http://data.ordnancesurvey.co.uk/id/postcodedistrict/PE13,Wisbech,http://data.ordnancesurvey.co.uk/id/4000000074551318,http://www.ordnancesurvey.co.uk/xml/codelists/localtype.xml#town,Fenland,http://data.ordnancesurvey.co.uk/id/7000000000001357,http://data.ordnancesurvey.co.uk/ontology/admingeo/District,Cambridgeshire,http://data.ordnancesurvey.co.uk/id/7000000000001386,http://data.ordnancesurvey.co.uk/ontology/admingeo/County,Eastern,http://data.ordnancesurvey.co.uk/id/7000000000041425,England,http://data.ordnancesurvey.co.uk/id/country/england,,,
osgb4000000026942773,http://data.ordnancesurvey.co.uk/id/4000000026942773,Beechwood Close,,,,transportNetwork,Named Road,546715,310905,1000,20000,546710,310883,546724,310918,PE13,http://data.ordnancesurvey.co.uk/id/postcodedistrict/PE13,Wisbech,http://data.ordnancesurvey.co.uk/id/4000000074551318,http://www.ordnancesurvey.co.uk/xml/codelists/localtype.xml#town,Fenland,http://data.ordnancesurvey.co.uk/id/7000000000001357,http://data.ordnancesurvey.co.uk/ontology/admingeo/District,Cambridgeshire,http://data.ordnancesurvey.co.uk/id/7000000000001386,http://data.ordnancesurvey.co.uk/ontology/admingeo/County,Eastern,http://data.ordnancesurvey.co.uk/id/7000000000041425,England,http://data.ordnancesurvey.co.uk/id/country/england,,,
5816f26d-1147-4a4d-a091-c2810e455202,http://data.ordnancesurvey.co.uk/id/5816f26d-1147-4a4d-a091-c2810e455202,Bardyke Bank,,,,transportNetwork,Section Of Named Road,551572,302369,1000,25000,551567,302356,551572,302369,PE14,http://data.ordnancesurvey.co.uk/id/postcodedistrict/PE14,Upwell,http://data.ordnancesurvey.co.uk/id/4000000074550938,http://www.ordnancesurvey.co.uk/xml/codelists/localtype.xml#village,King's Lynn and West Norfolk,http://data.ordnancesurvey.co.uk/id/7000000000007016,http://data.ordnancesurvey.co.uk/ontology/admingeo/District,Norfolk,http://data.ordnancesurvey.co.uk/id/7000000000007238,http://data.ordnancesurvey.co.uk/ontology/admingeo/County,Eastern,http://data.ordnancesurvey.co.uk/id/7000000000041425,England,http://data.ordnancesurvey.co.uk/id/country/england,osgb4000000026935046,,
e42a326c-fc3f-401c-a291-45806333ca4b,http://data.ordnancesurvey.co.uk/id/e42a326c-fc3f-401c-a291-45806333ca4b,Sutton Road,,,,transportNetwork,Section Of Named Road,544927,314639,1000,25000,544910,314552,544931,314723,PE13,http://data.ordnancesurvey.co.uk/id/postcodedistrict/PE13,Newton-in-the-Isle,http://data.ordnancesurvey.co.uk/id/4000000074548769,http://www.ordnancesurvey.co.uk/xml/codelists/localtype.xml#village,Fenland,http://data.ordnancesurvey.co.uk/id/7000000000001357,http://data.ordnancesurvey.co.uk/ontology/admingeo/District,Cambridgeshire,http://data.ordnancesurvey.co.uk/id/7000000000001386,http://data.ordnancesurvey.co.uk/ontology/admingeo/County,Eastern,http://data.ordnancesurvey.co.uk/id/7000000000041425,England,http://data.ordnancesurvey.co.uk/id/country/england,osgb4000000026933593,,
osgb4000000026935115,http://data.ordnancesurvey.co.uk/id/4000000026935115,Licking's Drove,,,,transportNetwork,Named Road,545288,308410,1000,20000,545288,308384,545334,308410,PE14,http://data.ordnancesurvey.co.uk/id/postcodedistrict/PE14,Wisbech,http://data.ordnancesurvey.co.uk/id/4000000074551318,http://www.ordnancesurvey.co.uk/xml/codelists/localtype.xml#town,Fenland,http://data.ordnancesurvey.co.uk/id/7000000000001357,http://data.ordnancesurvey.co.uk/ontology/admingeo/District,Cambridgeshire,http://data.ordnancesurvey.co.uk/id/7000000000001386,http://data.ordnancesurvey.co.uk/ontology/admingeo/County,Eastern,http://data.ordnancesurvey.co.uk/id/7000000000041425,England,http://data.ordnancesurvey.co.uk/id/country/england,,,
osgb4000000026933642,http://data.ordnancesurvey.co.uk/id/4000000026933642,Sparrowgate Road,,,,transportNetwork,Named Road,548390,310432,3000,20000,548172,310202,548559,310733,PE14,http://data.ordnancesurvey.co.uk/id/postcodedistrict/PE14,Wisbech,http://data.ordnancesurvey.co.uk/id/4000000074551318,http://www.ordnancesurvey.co.uk/xml/codelists/localtype.xml#town,King's Lynn and West Norfolk,http://data.ordnancesurvey.co.uk/id/7000000000007016,http://data.ordnancesurvey.co.uk/ontology/admingeo/District,Norfolk,http://data.ordnancesurvey.co.uk/id/7000000000007238,http://data.ordnancesurvey.co.uk/ontology/admingeo/County,Eastern,http://data.ordnancesurvey.co.uk/id/7000000000041425,England,http://data.ordnancesurvey.co.uk/id/country/england,,,
osgb4000000026968901,http://data.ordnancesurvey.co.uk/id/4000000026968901,Peter's Drove,,,,transportNetwork,Named Road,558400,312799,7000,20000,557885,312756,558890,312886,PE34,http://data.ordnancesurvey.co.uk/id/postcodedistrict/PE34,,,,King's Lynn and West Norfolk,http://data.ordnancesurvey.co.uk/id/7000000000007016,http://data.ordnancesurvey.co.uk/ontology/admingeo/District,Norfolk,http://data.ordnancesurvey.co.uk/id/7000000000007238,http://data.ordnancesurvey.co.uk/ontology/admingeo/County,Eastern,http://data.ordnancesurvey.co.uk/id/7000000000041425,England,http://data.ordnancesurvey.co.uk/id/country/england,,,
osgb4000000026935184,http://data.ordnancesurvey.co.uk/id/4000000026935184,Rectory Road,,,,transportNetwork,Named Road,544193,314572,2000,20000,544129,314410,544249,314713,PE13,http://data.ordnancesurvey.co.uk/id/postcodedistrict/PE13,Newton-in-the-Isle,http://data.ordnancesurvey.co.uk/id/4000000074548769,http://www.ordnancesurvey.co.uk/xml/codelists/localtype.xml#village,Fenland,http://data.ordnancesurvey.co.uk/id/7000000000001357,http://data.ordnancesurvey.co.uk/ontology/admingeo/District,Cambridgeshire,http://data.ordnancesurvey.co.uk/id/7000000000001386,http://data.ordnancesurvey.co.uk/ontology/admingeo/County,Eastern,http://data.ordnancesurvey.co.uk/id/7000000000041425,England,http://data.ordnancesurvey.co.uk/id/country/england,,,
osgb4000000026935114,http://data.ordnancesurvey.co.uk/id/4000000026935114,Barton Road,,,,transportNetwork,Named Road,543766,308711,20000,21000,542368,308088,545545,309395,PE13,http://data.ordnancesurvey.co.uk/id/postcodedistrict/PE13,,,,Fenland,http://data.ordnancesurvey.co.uk/id/7000000000001357,http://data.ordnancesurvey.co.uk/ontology/admingeo/District,Cambridgeshire,http://data.ordnancesurvey.co.uk/id/7000000000001386,http://data.ordnancesurvey.co.uk/ontology/admingeo/County,Eastern,http://data.ordnancesurvey.co.uk/id/7000000000041425,England,http://data.ordnancesurvey.co.uk/id/country/england,,,
osgb4000000026940398,http://data.ordnancesurvey.co.uk/id/4000000026940398,Southfields Close,,,,transportNetwork,Named Road,547059,310966,1000,20000,547022,310950,547105,311016,PE13,http://data.ordnancesurvey.co.uk/id/postcodedistrict/PE13,Wisbech,http://data.ordnancesurvey.co.uk/id/4000000074551318,http://www.ordnancesurvey.co.uk/xml/codelists/localtype.xml#town,Fenland,http://data.ordnancesurvey.co.uk/id/7000000000001357,http://data.ordnancesurvey.co.uk/ontology/admingeo/District,Cambridgeshire,http://data.ordnancesurvey.co.uk/id/7000000000001386,http://data.ordnancesurvey.co.uk/ontology/admingeo/County,Eastern,http://data.ordnancesurvey.co.uk/id/7000000000041425,England,http://data.ordnancesurvey.co.uk/id/country/england,,,
osgb4000000026935141,http://data.ordnancesurvey.co.uk/id/4000000026935141,Sandy Lane,,,,transportNetwork,Named Road,547756,309489,3000,20000,547556,309478,547951,309546,PE14,http://data.ordnancesurvey.co.uk/id/postcodedistrict/PE14,,,,Fenland,http://data.ordnancesurvey.co.uk/id/7000000000001357,http://data.ordnancesurvey.co.uk/ontology/admingeo/District,Cambridgeshire,http://data.ordnancesurvey.co.uk/id/7000000000001386,http://data.ordnancesurvey.co.uk/ontology/admingeo/County,Eastern,http://data.ordnancesurvey.co.uk/id/7000000000041425,England,http://data.ordnancesurvey.co.uk/id/country/england,,,
osgb4000000026949538,http://data.ordnancesurvey.co.uk/id/4000000026949538,The Chase,,,,transportNetwork,Named Road,546466,313093,1000,20000,546466,313038,546493,313156,PE14,http://data.ordnancesurvey.co.uk/id/postcodedistrict/PE14,West Walton,http://data.ordnancesurvey.co.uk/id/4000000074552041,http://www.ordnancesurvey.co.uk/xml/codelists/localtype.xml#village,King's Lynn and West Norfolk,http://data.ordnancesurvey.co.uk/id/7000000000007016,http://data.ordnancesurvey.co.uk/ontology/admingeo/District,Norfolk,http://data.ordnancesurvey.co.uk/id/7000000000007238,http://data.ordnancesurvey.co.uk/ontology/admingeo/County,Eastern,http://data.ordnancesurvey.co.uk/id/7000000000041425,England,http://data.ordnancesurvey.co.uk/id/country/england,,,
osgb4000000026942769,http://data.ordnancesurvey.co.uk/id/4000000026942769,De Havilland Road,,,,transportNetwork,Named Road,546304,310165,2000,20000,546303,309995,546312,310358,PE13,http://data.ordnancesurvey.co.uk/id/postcodedistrict/PE13,Wisbech,http://data.ordnancesurvey.co.uk/id/4000000074551318,http://www.ordnancesurvey.co.uk/xml/codelists/localtype.xml#town,Fenland,http://data.ordnancesurvey.co.uk/id/7000000000001357,http://data.ordnancesurvey.co.uk/ontology/admingeo/District,Cambridgeshire,http://data.ordnancesurvey.co.uk/id/7000000000001386,http://data.ordnancesurvey.co.uk/ontology/admingeo/County,Eastern,http://data.ordnancesurvey.co.uk/id/7000000000041425,England,http://data.ordnancesurvey.co.uk/id/country/england,,,
osgb4000000026937533,http://data.ordnancesurvey.co.uk/id/4000000026937533,St Mary's Road,,,,transportNetwork,Named Road,547629,313225,2000,20000,547616,313105,547641,313361,PE14,http://data.ordnancesurvey.co.uk/id/postcodedistrict/PE14,West Walton,http://data.ordnancesurvey.co.uk/id/4000000074552041,http://www.ordnancesurvey.co.uk/xml/codelists/localtype.xml#village,King's Lynn and West Norfolk,http://data.ordnancesurvey.co.uk/id/7000000000007016,http://data.ordnancesurvey.co.uk/ontology/admingeo/District,Norfolk,http://data.ordnancesurvey.co.uk/id/7000000000007238,http://data.ordnancesurvey.co.uk/ontology/admingeo/County,Eastern,http://data.ordnancesurvey.co.uk/id/7000000000041425,England,http://data.ordnancesurvey.co.uk/id/country/england,,,
osgb4000000027001296,http://data.ordnancesurvey.co.uk/id/4000000027001296,Bramley Court,,,,transportNetwork,Named Road,543680,302839,1000,20000,543665,302795,543695,302844,PE14,http://data.ordnancesurvey.co.uk/id/postcodedistrict/PE14,Coldham,http://data.ordnancesurvey.co.uk/id/4000000074550588,http://www.ordnancesurvey.co.uk/xml/codelists/localtype.xml#village,Fenland,http://data.ordnancesurvey.co.uk/id/7000000000001357,http://data.ordnancesurvey.co.uk/ontology/admingeo/District,Cambridgeshire,http://data.ordnancesurvey.co.uk/id/7000000000001386,http://data.ordnancesurvey.co.uk/ontology/admingeo/County,Eastern,http://data.ordnancesurvey.co.uk/id/7000000000041425,England,http://data.ordnancesurvey.co.uk/id/country/england,,,
osgb4000000026940409,http://data.ordnancesurvey.co.uk/id/4000000026940409,Jeffery Avenue,,,,transportNetwork,Named Road,547325,310665,1000,20000,547284,310598,547399,310711,PE13,http://data.ordnancesurvey.co.uk/id/postcodedistrict/PE13,Wisbech,http://data.ordnancesurvey.co.uk/id/4000000074551318,http://www.ordnancesurvey.co.uk/xml/codelists/localtype.xml#town,Fenland,http://data.ordnancesurvey.co.uk/id/7000000000001357,http://data.ordnancesurvey.co.uk/ontology/admingeo/District,Cambridgeshire,http://data.ordnancesurvey.co.uk/id/7000000000001386,http://data.ordnancesurvey.co.uk/ontology/admingeo/County,Eastern,http://data.ordnancesurvey.co.uk/id/7000000000041425,England,http://data.ordnancesurvey.co.uk/id/country/england,,,
osgb4000000026933530,http://data.ordnancesurvey.co.uk/id/4000000026933530,Parson Drove Lane,,,,transportNetwork,Named Road,544886,311915,5000,20000,544492,311745,545233,312005,PE13,http://data.ordnancesurvey.co.uk/id/postcodedistrict/PE13,,,,Fenland,http://data.ordnancesurvey.co.uk/id/7000000000001357,http://data.ordnancesurvey.co.uk/ontology/admingeo/District,Cambridgeshire,http://data.ordnancesurvey.co.uk/id/7000000000001386,http://data.ordnancesurvey.co.uk/ontology/admingeo/County,Eastern,http://data.ordnancesurvey.co.uk/id/7000000000041425,England,http://data.ordnancesurvey.co.uk/id/country/england,,,
osgb5000005233828849,http://data.ordnancesurvey.co.uk/id/5000005233828849,Walton Low Bank,,,,transportNetwork,Named Road,550892,311718,6000,20000,550887,311234,551132,312212,PE14,http://data.ordnancesurvey.co.uk/id/postcodedistrict/PE14,,,,King's Lynn and West Norfolk,http://data.ordnancesurvey.co.uk/id/7000000000007016,http://data.ordnancesurvey.co.uk/ontology/admingeo/District,Norfolk,http://data.ordnancesurvey.co.uk/id/7000000000007238,http://data.ordnancesurvey.co.uk/ontology/admingeo/County,Eastern,http://data.ordnancesurvey.co.uk/id/7000000000041425,England,http://data.ordnancesurvey.co.uk/id/country/england,,,
osgb4000000026932419,http://data.ordnancesurvey.co.uk/id/4000000026932419,Burnt Lane,,,,transportNetwork,Named Road,558882,309635,11000,20000,557947,309294,559630,310212,PE34,http://data.ordnancesurvey.co.uk/id/postcodedistrict/PE34,,,,King's Lynn and West Norfolk,http://data.ordnancesurvey.co.uk/id/7000000000007016,http://data.ordnancesurvey.co.uk/ontology/admingeo/District,Norfolk,http://data.ordnancesurvey.co.uk/id/7000000000007238,http://data.ordnancesurvey.co.uk/ontology/admingeo/County,Eastern,http://data.ordnancesurvey.co.uk/id/7000000000041425,England,http://data.ordnancesurvey.co.uk/id/country/england,,,
osgb4000000026937659,http://data.ordnancesurvey.co.uk/id/4000000026937659,Cotts Lane,,,,transportNetwork,Named Road,556723,318063,1000,20000,556685,318056,556788,318101,PE34,http://data.ordnancesurvey.co.uk/id/postcodedistrict/PE34,Tilney All Saints,http://data.ordnancesurvey.co.uk/id/4000000074550578,http://www.ordnancesurvey.co.uk/xml/codelists/localtype.xml#village,King's Lynn and West Norfolk,http://data.ordnancesurvey.co.uk/id/7000000000007016,http://data.ordnancesurvey.co.uk/ontology/admingeo/District,Norfolk,http://data.ordnancesurvey.co.uk/id/7000000000007238,http://data.ordnancesurvey.co.uk/ontology/admingeo/County,Eastern,http://data.ordnancesurvey.co.uk/id/7000000000041425,England,http://data.ordnancesurvey.co.uk/id/country/england,,,
osgb4000000026942814,http://data.ordnancesurvey.co.uk/id/4000000026942814,Stockshill Square,,,,transportNetwork,Named Road,551912,313673,1000,20000,551912,313673,551963,313694,PE14,http://data.ordnancesurvey.co.uk/id/postcodedistrict/PE14,Walpole Highway,http://data.ordnancesurvey.co.uk/id/4000000074550945,http://www.ordnancesurvey.co.uk/xml/codelists/localtype.xml#village,King's Lynn and West Norfolk,http://data.ordnancesurvey.co.uk/id/7000000000007016,http://data.ordnancesurvey.co.uk/ontology/admingeo/District,Norfolk,http://data.ordnancesurvey.co.uk/id/7000000000007238,http://data.ordnancesurvey.co.uk/ontology/admingeo/County,Eastern,http://data.ordnancesurvey.co.uk/id/7000000000041425,England,http://data.ordnancesurvey.co.uk/id/country/england,,,
4eb699ad-bd08-4f0f-91a0-78cdaffc8b5e,http://data.ordnancesurvey.co.uk/id/4eb699ad-bd08-4f0f-91a0-78cdaffc8b5e,Roman Bank,,,,transportNetwork,Section Of Named Road,544489,311937,5000,25000,544436,311534,544576,312348,PE13,http://data.ordnancesurvey.co.uk/id/postcodedistrict/PE13,Leverington,http://data.ordnancesurvey.co.uk/id/4000000074551313,http://www.ordnancesurvey.co.uk/xml/codelists/localtype.xml#village,Fenland,http://data.ordnancesurvey.co.uk/id/7000000000001357,http://data.ordnancesurvey.co.uk/ontology/admingeo/District,Cambridgeshire,http://data.ordnancesurvey.co.uk/id/7000000000001386,http://data.ordnancesurvey.co.uk/ontology/admingeo/County,Eastern,http://data.ordnancesurvey.co.uk/id/7000000000041425,England,http://data.ordnancesurvey.co.uk/id/country/england,osgb4000000026931731,,
osgb4000000027003027,http://data.ordnancesurvey.co.uk/id/4000000027003027,Awdry Drive,,,,transportNetwork,Named Road,546374,308824,1000,20000,546329,308787,546397,308885,PE13,http://data.ordnancesurvey.co.uk/id/postcodedistrict/PE13,Wisbech,http://data.ordnancesurvey.co.uk/id/4000000074551318,http://www.ordnancesurvey.co.uk/xml/codelists/localtype.xml#town,Fenland,http://data.ordnancesurvey.co.uk/id/7000000000001357,http://data.ordnancesurvey.co.uk/ontology/admingeo/District,Cambridgeshire,http://data.ordnancesurvey.co.uk/id/7000000000001386,http://data.ordnancesurvey.co.uk/ontology/admingeo/County,Eastern,http://data.ordnancesurvey.co.uk/id/7000000000041425,England,http://data.ordnancesurvey.co.uk/id/country/england,,,
osgb4000000026932291,http://data.ordnancesurvey.co.uk/id/4000000026932291,Gadd's Lane,,,,transportNetwork,Named Road,543995,310004,9000,20000,543826,309229,544030,310682,PE13,http://data.ordnancesurvey.co.uk/id/postcodedistrict/PE13,,,,Fenland,http://data.ordnancesurvey.co.uk/id/7000000000001357,http://data.ordnancesurvey.co.uk/ontology/admingeo/District,Cambridgeshire,http://data.ordnancesurvey.co.uk/id/7000000000001386,http://data.ordnancesurvey.co.uk/ontology/admingeo/County,Eastern,http://data.ordnancesurvey.co.uk/id/7000000000041425,England,http://data.ordnancesurvey.co.uk/id/country/england,,,
osgb4000000026942727,http://data.ordnancesurvey.co.uk/id/4000000026942727,Orchard Close,,,,transportNetwork,Named Road,546866,306383,1000,20000,546839,306367,546873,306415,PE14,http://data.ordnancesurvey.co.uk/id/postcodedistrict/PE14,Elm,http://data.ordnancesurvey.co.uk/id/4000000074341528,http://www.ordnancesurvey.co.uk/xml/codelists/localtype.xml#village,Fenland,http://data.ordnancesurvey.co.uk/id/7000000000001357,http://data.ordnancesurvey.co.uk/ontology/admingeo/District,Cambridgeshire,http://data.ordnancesurvey.co.uk/id/7000000000001386,http://data.ordnancesurvey.co.uk/ontology/admingeo/County,Eastern,http://data.ordnancesurvey.co.uk/id/7000000000041425,England,http://data.ordnancesurvey.co.uk/id/country/england,,,
osgb4000000026932395,http://data.ordnancesurvey.co.uk/id/4000000026932395,Wisbech Road,,,,transportNetwork,Named Road,551230,304272,7000,20000,550638,303665,551423,304792,PE14,http://data.ordnancesurvey.co.uk/id/postcodedistrict/PE14,Outwell,http://data.ordnancesurvey.co.uk/id/4000000074548389,http://www.ordnancesurvey.co.uk/xml/codelists/localtype.xml#village,King's Lynn and West Norfolk,http://data.ordnancesurvey.co.uk/id/7000000000007016,http://data.ordnancesurvey.co.uk/ontology/admingeo/District,Norfolk,http://data.ordnancesurvey.co.uk/id/7000000000007238,http://data.ordnancesurvey.co.uk/ontology/admingeo/County,Eastern,http://data.ordnancesurvey.co.uk/id/7000000000041425,England,http://data.ordnancesurvey.co.uk/id/country/england,,,
bc1b1368-8813-4f65-8921-9c0481b572b6,http://data.ordnancesurvey.co.uk/id/bc1b1368-8813-4f65-8921-9c0481b572b6,Church Lane,,,,transportNetwork,Section Of Named Road,556867,317214,1000,25000,556856,317196,556870,317239,PE34,http://data.ordnancesurvey.co.uk/id/postcodedistrict/PE34,Tilney High End,http://data.ordnancesurvey.co.uk/id/4000000074550940,http://www.ordnancesurvey.co.uk/xml/codelists/localtype.xml#village,King's Lynn and West Norfolk,http://data.ordnancesurvey.co.uk/id/7000000000007016,http://data.ordnancesurvey.co.uk/ontology/admingeo/District,Norfolk,http://data.ordnancesurvey.co.uk/id/7000000000007238,http://data.ordnancesurvey.co.uk/ontology/admingeo/County,Eastern,http://data.ordnancesurvey.co.uk/id/7000000000041425,England,http://data.ordnancesurvey.co.uk/id/country/england,osgb4000000026933693,,
osgb4000000026933591,http://data.ordnancesurvey.co.uk/id/4000000026933591,Sandy Lane,,,,transportNetwork,Named Road,543929,316750,4000,20000,543604,316548,544151,317020,PE13,http://data.ordnancesurvey.co.uk/id/postcodedistrict/PE13,,,,Fenland,http://data.ordnancesurvey.co.uk/id/7000000000001357,http://data.ordnancesurvey.co.uk/ontology/admingeo/District,Cambridgeshire,http://data.ordnancesurvey.co.uk/id/7000000000001386,http://data.ordnancesurvey.co.uk/ontology/admingeo/County,Eastern,http://data.ordnancesurvey.co.uk/id/7000000000041425,England,http://data.ordnancesurvey.co.uk/id/country/england,,,
osgb4000000026937446,http://data.ordnancesurvey.co.uk/id/4000000026937446,Norfolk Street,,,,transportNetwork,Named Road,546417,309380,1000,20000,546368,309308,546452,309483,PE13,http://data.ordnancesurvey.co.uk/id/postcodedistrict/PE13,Wisbech,http://data.ordnancesurvey.co.uk/id/4000000074551318,http://www.ordnancesurvey.co.uk/xml/codelists/localtype.xml#town,Fenland,http://data.ordnancesurvey.co.uk/id/7000000000001357,http://data.ordnancesurvey.co.uk/ontology/admingeo/District,Cambridgeshire,http://data.ordnancesurvey.co.uk/id/7000000000001386,http://data.ordnancesurvey.co.uk/ontology/admingeo/County,Eastern,http://data.ordnancesurvey.co.uk/id/7000000000041425,England,http://data.ordnancesurvey.co.uk/id/country/england,,,
osgb4000000026937444,http://data.ordnancesurvey.co.uk/id/4000000026937444,Love Lane,,,,transportNetwork,Named Road,546199,309495,1000,20000,546134,309470,546250,309525,PE13,http://data.ordnancesurvey.co.uk/id/postcodedistrict/PE13,Wisbech,http://data.ordnancesurvey.co.uk/id/4000000074551318,http://www.ordnancesurvey.co.uk/xml/codelists/localtype.xml#town,Fenland,http://data.ordnancesurvey.co.uk/id/7000000000001357,http://data.ordnancesurvey.co.uk/ontology/admingeo/District,Cambridgeshire,http://data.ordnancesurvey.co.uk/id/7000000000001386,http://data.ordnancesurvey.co.uk/ontology/admingeo/County,Eastern,http://data.ordnancesurvey.co.uk/id/7000000000041425,England,http://data.ordnancesurvey.co.uk/id/country/england,,,
2c419150-4e61-491b-b917-845493ef7f90,http://data.ordnancesurvey.co.uk/id/2c419150-4e61-491b-b917-845493ef7f90,Victoria Road,,,,transportNetwork,Section Of Named Road,554123,315924,1000,25000,554062,315917,554189,315932,PE14,http://data.ordnancesurvey.co.uk/id/postcodedistrict/PE14,Terrington St John,http://data.ordnancesurvey.co.uk/id/4000000074550941,http://www.ordnancesurvey.co.uk/xml/codelists/localtype.xml#village,King's Lynn and West Norfolk,http://data.ordnancesurvey.co.uk/id/7000000000007016,http://data.ordnancesurvey.co.uk/ontology/admingeo/District,Norfolk,http://data.ordnancesurvey.co.uk/id/7000000000007238,http://data.ordnancesurvey.co.uk/ontology/admingeo/County,Eastern,http://data.ordnancesurvey.co.uk/id/7000000000041425,England,http://data.ordnancesurvey.co.uk/id/country/england,osgb4000000026933687,,
dfa0c3d9-b3c5-471b-9bed-14e05832da36,http://data.ordnancesurvey.co.uk/id/dfa0c3d9-b3c5-471b-9bed-14e05832da36,Franks Lane,,,,transportNetwork,Section Of Named Road,543548,314983,4000,25000,543275,314895,543832,315002,PE13,http://data.ordnancesurvey.co.uk/id/postcodedistrict/PE13,Newton-in-the-Isle,http://data.ordnancesurvey.co.uk/id/4000000074548769,http://www.ordnancesurvey.co.uk/xml/codelists/localtype.xml#village,Fenland,http://data.ordnancesurvey.co.uk/id/7000000000001357,http://data.ordnancesurvey.co.uk/ontology/admingeo/District,Cambridgeshire,http://data.ordnancesurvey.co.uk/id/7000000000001386,http://data.ordnancesurvey.co.uk/ontology/admingeo/County,Eastern,http://data.ordnancesurvey.co.uk/id/7000000000041425,England,http://data.ordnancesurvey.co.uk/id/country/england,osgb4000000026932360,,
osgb4000000026943743,http://data.ordnancesurvey.co.uk/id/4000000026943743,Hampden Road,,,,transportNetwork,Named Road,546883,309784,1000,20000,546883,309752,546898,309784,PE13,http://data.ordnancesurvey.co.uk/id/postcodedistrict/PE13,Wisbech,http://data.ordnancesurvey.co.uk/id/4000000074551318,http://www.ordnancesurvey.co.uk/xml/codelists/localtype.xml#town,Fenland,http://data.ordnancesurvey.co.uk/id/7000000000001357,http://data.ordnancesurvey.co.uk/ontology/admingeo/District,Cambridgeshire,http://data.ordnancesurvey.co.uk/id/7000000000001386,http://data.ordnancesurvey.co.uk/ontology/admingeo/County,Eastern,http://data.ordnancesurvey.co.uk/id/7000000000041425,England,http://data.ordnancesurvey.co.uk/id/country/england,,,
osgb4000000026940366,http://data.ordnancesurvey.co.uk/id/4000000026940366,Bank Drive,,,,transportNetwork,Named Road,545500,310926,1000,20000,545423,310920,545543,310945,PE13,http://data.ordnancesurvey.co.uk/id/postcodedistrict/PE13,Wisbech,http://data.ordnancesurvey.co.uk/id/4000000074551318,http://www.ordnancesurvey.co.uk/xml/codelists/localtype.xml#town,Fenland,http://data.ordnancesurvey.co.uk/id/7000000000001357,http://data.ordnancesurvey.co.uk/ontology/admingeo/District,Cambridgeshire,http://data.ordnancesurvey.co.uk/id/7000000000001386,http://data.ordnancesurvey.co.uk/ontology/admingeo/County,Eastern,http://data.ordnancesurvey.co.uk/id/7000000000041425,England,http://data.ordnancesurvey.co.uk/id/country/england,,,
1c5c19cd-ce72-4404-be73-0acc4b8cc322,http://data.ordnancesurvey.co.uk/id/1c5c19cd-ce72-4404-be73-0acc4b8cc322,New Bridge Lane,,,,transportNetwork,Section Of Named Road,545112,307928,3000,25000,544904,307768,545384,308057,PE14,http://data.ordnancesurvey.co.uk/id/postcodedistrict/PE14,Wisbech,http://data.ordnancesurvey.co.uk/id/4000000074551318,http://www.ordnancesurvey.co.uk/xml/codelists/localtype.xml#town,Fenland,http://data.ordnancesurvey.co.uk/id/7000000000001357,http://data.ordnancesurvey.co.uk/ontology/admingeo/District,Cambridgeshire,http://data.ordnancesurvey.co.uk/id/7000000000001386,http://data.ordnancesurvey.co.uk/ontology/admingeo/County,Eastern,http://data.ordnancesurvey.co.uk/id/7000000000041425,England,http://data.ordnancesurvey.co.uk/id/country/england,osgb4000000026935111,,
osgb4000000026933445,http://data.ordnancesurvey.co.uk/id/4000000026933445,St Peters Road,,,,transportNetwork,Named Road,550079,302605,4000,20000,549839,302285,550523,302764,PE14,http://data.ordnancesurvey.co.uk/id/postcodedistrict/PE14,Upwell,http://data.ordnancesurvey.co.uk/id/4000000074550938,http://www.ordnancesurvey.co.uk/xml/codelists/localtype.xml#village,King's Lynn and West Norfolk,http://data.ordnancesurvey.co.uk/id/7000000000007016,http://data.ordnancesurvey.co.uk/ontology/admingeo/District,Norfolk,http://data.ordnancesurvey.co.uk/id/7000000000007238,http://data.ordnancesurvey.co.uk/ontology/admingeo/County,Eastern,http://data.ordnancesurvey.co.uk/id/7000000000041425,England,http://data.ordnancesurvey.co.uk/id/country/england,,,
osgb4000000026935131,http://data.ordnancesurvey.co.uk/id/4000000026935131,Elizabeth Terrace,,,,transportNetwork,Named Road,546673,309262,2000,20000,546488,309176,546865,309405,PE13,http://data.ordnancesurvey.co.uk/id/postcodedistrict/PE13,Wisbech,http://data.ordnancesurvey.co.uk/id/4000000074551318,http://www.ordnancesurvey.co.uk/xml/codelists/localtype.xml#town,Fenland,http://data.ordnancesurvey.co.uk/id/7000000000001357,http://data.ordnancesurvey.co.uk/ontology/admingeo/District,Cambridgeshire,http://data.ordnancesurvey.co.uk/id/7000000000001386,http://data.ordnancesurvey.co.uk/ontology/admingeo/County,Eastern,http://data.ordnancesurvey.co.uk/id/7000000000041425,England,http://data.ordnancesurvey.co.uk/id/country/england,,,
osgb4000000027022169,http://data.ordnancesurvey.co.uk/id/4000000027022169,Marwald Lane,,,,transportNetwork,Named Road,543584,317741,2000,20000,543402,317692,543753,317798,PE13,http://data.ordnancesurvey.co.uk/id/postcodedistrict/PE13,,,,South Holland,http://data.ordnancesurvey.co.uk/id/7000000000005599,http://data.ordnancesurvey.co.uk/ontology/admingeo/District,Lincolnshire,http://data.ordnancesurvey.co.uk/id/7000000000005942,http://data.ordnancesurvey.co.uk/ontology/admingeo/County,East Midlands,http://data.ordnancesurvey.co.uk/id/7000000000041423,England,http://data.ordnancesurvey.co.uk/id/country/england,,,
osgb4000000026932217,http://data.ordnancesurvey.co.uk/id/4000000026932217,School Road,,,,transportNetwork,Named Road,549614,301750,7000,20000,549573,301165,549839,302285,PE14,http://data.ordnancesurvey.co.uk/id/postcodedistrict/PE14,Upwell,http://data.ordnancesurvey.co.uk/id/4000000074550938,http://www.ordnancesurvey.co.uk/xml/codelists/localtype.xml#village,King's Lynn and West Norfolk,http://data.ordnancesurvey.co.uk/id/7000000000007016,http://data.ordnancesurvey.co.uk/ontology/admingeo/District,Norfolk,http://data.ordnancesurvey.co.uk/id/7000000000007238,http://data.ordnancesurvey.co.uk/ontology/admingeo/County,Eastern,http://data.ordnancesurvey.co.uk/id/7000000000041425,England,http://data.ordnancesurvey.co.uk/id/country/england,,,
osgb4000000026933499,http://data.ordnancesurvey.co.uk/id/4000000026933499,The Stitch,,,,transportNetwork,Named Road,547118,305185,5000,20000,546734,305085,547536,305257,PE14,http://data.ordnancesurvey.co.uk/id/postcodedistrict/PE14,Friday Bridge,http://data.ordnancesurvey.co.uk/id/4000000074550225,http://www.ordnancesurvey.co.uk/xml/codelists/localtype.xml#village,Fenland,http://data.ordnancesurvey.co.uk/id/7000000000001357,http://data.ordnancesurvey.co.uk/ontology/admingeo/District,Cambridgeshire,http://data.ordnancesurvey.co.uk/id/7000000000001386,http://data.ordnancesurvey.co.uk/ontology/admingeo/County,Eastern,http://data.ordnancesurvey.co.uk/id/7000000000041425,England,http://data.ordnancesurvey.co.uk/id/country/england,,,
94d405cb-46e5-4c9b-a699-183a325af316,http://data.ordnancesurvey.co.uk/id/94d405cb-46e5-4c9b-a699-183a325af316,Lynn Road,,,,transportNetwork,Section Of Named Road,549202,313082,5000,25000,549010,312636,549564,313449,PE14,http://data.ordnancesurvey.co.uk/id/postcodedistrict/PE14,Walton Highway,http://data.ordnancesurvey.co.uk/id/4000000074552040,http://www.ordnancesurvey.co.uk/xml/codelists/localtype.xml#village,King's Lynn and West Norfolk,http://data.ordnancesurvey.co.uk/id/7000000000007016,http://data.ordnancesurvey.co.uk/ontology/admingeo/District,Norfolk,http://data.ordnancesurvey.co.uk/id/7000000000007238,http://data.ordnancesurvey.co.uk/ontology/admingeo/County,Eastern,http://data.ordnancesurvey.co.uk/id/7000000000041425,England,http://data.ordnancesurvey.co.uk/id/country/england,osgb4000000026935260,,
osgb4000000026931793,http://data.ordnancesurvey.co.uk/id/4000000026931793,Pullover Road,,,,transportNetwork,Named Road,559287,317619,20000,21000,557534,317112,560737,318689,PE34,http://data.ordnancesurvey.co.uk/id/postcodedistrict/PE34,,,,King's Lynn and West Norfolk,http://data.ordnancesurvey.co.uk/id/7000000000007016,http://data.ordnancesurvey.co.uk/ontology/admingeo/District,Norfolk,http://data.ordnancesurvey.co.uk/id/7000000000007238,http://data.ordnancesurvey.co.uk/ontology/admingeo/County,Eastern,http://data.ordnancesurvey.co.uk/id/7000000000041425,England,http://data.ordnancesurvey.co.uk/id/country/england,,,
osgb4000000026933547,http://data.ordnancesurvey.co.uk/id/4000000026933547,Bucksholt Road,,,,transportNetwork,Named Road,547855,312140,5000,20000,547724,311745,548088,312536,PE14,http://data.ordnancesurvey.co.uk/id/postcodedistrict/PE14,,,,King's Lynn and West Norfolk,http://data.ordnancesurvey.co.uk/id/7000000000007016,http://data.ordnancesurvey.co.uk/ontology/admingeo/District,Norfolk,http://data.ordnancesurvey.co.uk/id/7000000000007238,http://data.ordnancesurvey.co.uk/ontology/admingeo/County,Eastern,http://data.ordnancesurvey.co.uk/id/7000000000041425,England,http://data.ordnancesurvey.co.uk/id/country/england,,,
osgb4000000026932404,http://data.ordnancesurvey.co.uk/id/4000000026932404,Wheatley Bank,,,,transportNetwork,Named Road,548815,311486,10000,20000,548559,310733,548865,312229,PE14,http://data.ordnancesurvey.co.uk/id/postcodedistrict/PE14,,,,King's Lynn and West Norfolk,http://data.ordnancesurvey.co.uk/id/7000000000007016,http://data.ordnancesurvey.co.uk/ontology/admingeo/District,Norfolk,http://data.ordnancesurvey.co.uk/id/7000000000007238,http://data.ordnancesurvey.co.uk/ontology/admingeo/County,Eastern,http://data.ordnancesurvey.co.uk/id/7000000000041425,England,http://data.ordnancesurvey.co.uk/id/country/england,,,
osgb4000000026937483,http://data.ordnancesurvey.co.uk/id/4000000026937483,Knights Close,,,,transportNetwork,Named Road,544260,311367,1000,20000,544203,311355,544316,311394,PE13,http://data.ordnancesurvey.co.uk/id/postcodedistrict/PE13,Leverington,http://data.ordnancesurvey.co.uk/id/4000000074551313,http://www.ordnancesurvey.co.uk/xml/codelists/localtype.xml#village,Fenland,http://data.ordnancesurvey.co.uk/id/7000000000001357,http://data.ordnancesurvey.co.uk/ontology/admingeo/District,Cambridgeshire,http://data.ordnancesurvey.co.uk/id/7000000000001386,http://data.ordnancesurvey.co.uk/ontology/admingeo/County,Eastern,http://data.ordnancesurvey.co.uk/id/7000000000041425,England,http://data.ordnancesurvey.co.uk/id/country/england,,,
osgb4000000027007483,http://data.ordnancesurvey.co.uk/id/4000000027007483,Whetstone Way,,,,transportNetwork,Named Road,550989,303408,1000,20000,550900,303333,551079,303455,PE14,http://data.ordnancesurvey.co.uk/id/postcodedistrict/PE14,Outwell,http://data.ordnancesurvey.co.uk/id/4000000074548389,http://www.ordnancesurvey.co.uk/xml/codelists/localtype.xml#village,King's Lynn and West Norfolk,http://data.ordnancesurvey.co.uk/id/7000000000007016,http://data.ordnancesurvey.co.uk/ontology/admingeo/District,Norfolk,http://data.ordnancesurvey.co.uk/id/7000000000007238,http://data.ordnancesurvey.co.uk/ontology/admingeo/County,Eastern,http://data.ordnancesurvey.co.uk/id/7000000000041425,England,http://data.ordnancesurvey.co.uk/id/country/england,,,
osgb4000000026937658,http://data.ordnancesurvey.co.uk/id/4000000026937658,Hankinson's Estate,,,,transportNetwork,Named Road,552141,318828,1000,20000,552063,318828,552222,318861,PE14,http://data.ordnancesurvey.co.uk/id/postcodedistrict/PE14,Walpole Cross Keys,http://data.ordnancesurvey.co.uk/id/4000000074548396,http://www.ordnancesurvey.co.uk/xml/codelists/localtype.xml#village,King's Lynn and West Norfolk,http://data.ordnancesurvey.co.uk/id/7000000000007016,http://data.ordnancesurvey.co.uk/ontology/admingeo/District,Norfolk,http://data.ordnancesurvey.co.uk/id/7000000000007238,http://data.ordnancesurvey.co.uk/ontology/admingeo/County,Eastern,http://data.ordnancesurvey.co.uk/id/7000000000041425,England,http://data.ordnancesurvey.co.uk/id/country/england,,,
bdb06af8-adeb-4292-ae6c-c2cbd909e666,http://data.ordnancesurvey.co.uk/id/bdb06af8-adeb-4292-ae6c-c2cbd909e666,Birdbeck Drive,,,,transportNetwork,Section Of Named Road,551143,304268,1000,25000,551076,304259,551192,304294,PE14,http://data.ordnancesurvey.co.uk/id/postcodedistrict/PE14,Outwell,http://data.ordnancesurvey.co.uk/id/4000000074548389,http://www.ordnancesurvey.co.uk/xml/codelists/localtype.xml#village,King's Lynn and West Norfolk,http://data.ordnancesurvey.co.uk/id/7000000000007016,http://data.ordnancesurvey.co.uk/ontology/admingeo/District,Norfolk,http://data.ordnancesurvey.co.uk/id/7000000000007238,http://data.ordnancesurvey.co.uk/ontology/admingeo/County,Eastern,http://data.ordnancesurvey.co.uk/id/7000000000041425,England,http://data.ordnancesurvey.co.uk/id/country/england,osgb4000000027031270,,
osgb4000000026935221,http://data.ordnancesurvey.co.uk/id/4000000026935221,Gipsy Lane,,,,transportNetwork,Named Road,544000,319433,4000,20000,543704,319297,544294,319459,PE13,http://data.ordnancesurvey.co.uk/id/postcodedistrict/PE13,,,,South Holland,http://data.ordnancesurvey.co.uk/id/7000000000005599,http://data.ordnancesurvey.co.uk/ontology/admingeo/District,Lincolnshire,http://data.ordnancesurvey.co.uk/id/7000000000005942,http://data.ordnancesurvey.co.uk/ontology/admingeo/County,East Midlands,http://data.ordnancesurvey.co.uk/id/7000000000041423,England,http://data.ordnancesurvey.co.uk/id/country/england,,,
osgb4000000026937616,http://data.ordnancesurvey.co.uk/id/4000000026937616,Ely Row,,,,transportNetwork,Named Road,553811,314325,1000,20000,553723,314304,553939,314343,PE14,http://data.ordnancesurvey.co.uk/id/postcodedistrict/PE14,Terrington St John,http://data.ordnancesurvey.co.uk/id/4000000074550941,http://www.ordnancesurvey.co.uk/xml/codelists/localtype.xml#village,King's Lynn and West Norfolk,http://data.ordnancesurvey.co.uk/id/7000000000007016,http://data.ordnancesurvey.co.uk/ontology/admingeo/District,Norfolk,http://data.ordnancesurvey.co.uk/id/7000000000007238,http://data.ordnancesurvey.co.uk/ontology/admingeo/County,Eastern,http://data.ordnancesurvey.co.uk/id/7000000000041425,England,http://data.ordnancesurvey.co.uk/id/country/england,,,
719582a7-3af5-4390-97c7-bf4bba83e5f0,http://data.ordnancesurvey.co.uk/id/719582a7-3af5-4390-97c7-bf4bba83e5f0,The Avenue,,,,transportNetwork,Section Of Named Road,557470,313938,1000,25000,557445,313937,557501,313940,PE34,http://data.ordnancesurvey.co.uk/id/postcodedistrict/PE34,Tilney cum Islington,http://data.ordnancesurvey.co.uk/id/4000000074550575,http://www.ordnancesurvey.co.uk/xml/codelists/localtype.xml#village,King's Lynn and West Norfolk,http://data.ordnancesurvey.co.uk/id/7000000000007016,http://data.ordnancesurvey.co.uk/ontology/admingeo/District,Norfolk,http://data.ordnancesurvey.co.uk/id/7000000000007238,http://data.ordnancesurvey.co.uk/ontology/admingeo/County,Eastern,http://data.ordnancesurvey.co.uk/id/7000000000041425,England,http://data.ordnancesurvey.co.uk/id/country/england,osgb4000000026933655,,
osgb4000000026940524,http://data.ordnancesurvey.co.uk/id/4000000026940524,Orchard Way,,,,transportNetwork,Named Road,553900,314277,1000,20000,553799,314220,553985,314283,PE14,http://data.ordnancesurvey.co.uk/id/postcodedistrict/PE14,Terrington St John,http://data.ordnancesurvey.co.uk/id/4000000074550941,http://www.ordnancesurvey.co.uk/xml/codelists/localtype.xml#village,King's Lynn and West Norfolk,http://data.ordnancesurvey.co.uk/id/7000000000007016,http://data.ordnancesurvey.co.uk/ontology/admingeo/District,Norfolk,http://data.ordnancesurvey.co.uk/id/7000000000007238,http://data.ordnancesurvey.co.uk/ontology/admingeo/County,Eastern,http://data.ordnancesurvey.co.uk/id/7000000000041425,England,http://data.ordnancesurvey.co.uk/id/country/england,,,
osgb4000000026935219,http://data.ordnancesurvey.co.uk/id/4000000026935219,Hannath Road,,,,transportNetwork,Named Road,544859,317782,2000,20000,544801,317640,545082,317910,PE13,http://data.ordnancesurvey.co.uk/id/postcodedistrict/PE13,Tydd Gote,http://data.ordnancesurvey.co.uk/id/4000000074548409,http://www.ordnancesurvey.co.uk/xml/codelists/localtype.xml#village,Fenland,http://data.ordnancesurvey.co.uk/id/7000000000001357,http://data.ordnancesurvey.co.uk/ontology/admingeo/District,Cambridgeshire,http://data.ordnancesurvey.co.uk/id/7000000000001386,http://data.ordnancesurvey.co.uk/ontology/admingeo/County,Eastern,http://data.ordnancesurvey.co.uk/id/7000000000041425,England,http://data.ordnancesurvey.co.uk/id/country/england,,,
fcdef588-9118-4262-8893-565adb60effe,http://data.ordnancesurvey.co.uk/id/fcdef588-9118-4262-8893-565adb60effe,Scarfield Lane,,,,transportNetwork,Section Of Named Road,548025,307295,1000,25000,547944,307293,548102,307321,PE14,http://data.ordnancesurvey.co.uk/id/postcodedistrict/PE14,Elm,http://data.ordnancesurvey.co.uk/id/4000000074341528,http://www.ordnancesurvey.co.uk/xml/codelists/localtype.xml#village,King's Lynn and West Norfolk,http://data.ordnancesurvey.co.uk/id/7000000000007016,http://data.ordnancesurvey.co.uk/ontology/admingeo/District,Norfolk,http://data.ordnancesurvey.co.uk/id/7000000000007238,http://data.ordnancesurvey.co.uk/ontology/admingeo/County,Eastern,http://data.ordnancesurvey.co.uk/id/7000000000041425,England,http://data.ordnancesurvey.co.uk/id/country/england,osgb4000000026937433,,
db398c06-ebe1-4ef2-9043-85b949266fd1,http://data.ordnancesurvey.co.uk/id/db398c06-ebe1-4ef2-9043-85b949266fd1,Lynn Road,,,,transportNetwork,Section Of Named Road,546859,310478,8000,25000,546186,309935,547482,311122,PE13,http://data.ordnancesurvey.co.uk/id/postcodedistrict/PE13,Wisbech,http://data.ordnancesurvey.co.uk/id/4000000074551318,http://www.ordnancesurvey.co.uk/xml/codelists/localtype.xml#town,Fenland,http://data.ordnancesurvey.co.uk/id/7000000000001357,http://data.ordnancesurvey.co.uk/ontology/admingeo/District,Cambridgeshire,http://data.ordnancesurvey.co.uk/id/7000000000001386,http://data.ordnancesurvey.co.uk/ontology/admingeo/County,Eastern,http://data.ordnancesurvey.co.uk/id/7000000000041425,England,http://data.ordnancesurvey.co.uk/id/country/england,osgb4000000026935260,,
osgb4000000026931706,http://data.ordnancesurvey.co.uk/id/4000000026931706,Station Road,,,,transportNetwork,Named Road,542770,303022,9000,20000,541977,302819,543421,303275,PE14,http://data.ordnancesurvey.co.uk/id/postcodedistrict/PE14,,,,Fenland,http://data.ordnancesurvey.co.uk/id/7000000000001357,http://data.ordnancesurvey.co.uk/ontology/admingeo/District,Cambridgeshire,http://data.ordnancesurvey.co.uk/id/7000000000001386,http://data.ordnancesurvey.co.uk/ontology/admingeo/County,Eastern,http://data.ordnancesurvey.co.uk/id/7000000000041425,England,http://data.ordnancesurvey.co.uk/id/country/england,,,
osgb4000000026942697,http://data.ordnancesurvey.co.uk/id/4000000026942697,Ransome's Close,,,,transportNetwork,Named Road,550598,302918,1000,20000,550570,302904,550615,302947,PE14,http://data.ordnancesurvey.co.uk/id/postcodedistrict/PE14,Upwell,http://data.ordnancesurvey.co.uk/id/4000000074550938,http://www.ordnancesurvey.co.uk/xml/codelists/localtype.xml#village,King's Lynn and West Norfolk,http://data.ordnancesurvey.co.uk/id/7000000000007016,http://data.ordnancesurvey.co.uk/ontology/admingeo/District,Norfolk,http://data.ordnancesurvey.co.uk/id/7000000000007238,http://data.ordnancesurvey.co.uk/ontology/admingeo/County,Eastern,http://data.ordnancesurvey.co.uk/id/7000000000041425,England,http://data.ordnancesurvey.co.uk/id/country/england,,,
9798ebd0-26f7-4afc-b756-98e4b029ee98,http://data.ordnancesurvey.co.uk/id/9798ebd0-26f7-4afc-b756-98e4b029ee98,Fendyke Road,,,,transportNetwork,Section Of Named Road,550143,306516,4000,25000,549848,306492,550435,306568,PE14,http://data.ordnancesurvey.co.uk/id/postcodedistrict/PE14,Emneth,http://data.ordnancesurvey.co.uk/id/4000000074550948,http://www.ordnancesurvey.co.uk/xml/codelists/localtype.xml#village,King's Lynn and West Norfolk,http://data.ordnancesurvey.co.uk/id/7000000000007016,http://data.ordnancesurvey.co.uk/ontology/admingeo/District,Norfolk,http://data.ordnancesurvey.co.uk/id/7000000000007238,http://data.ordnancesurvey.co.uk/ontology/admingeo/County,Eastern,http://data.ordnancesurvey.co.uk/id/7000000000041425,England,http://data.ordnancesurvey.co.uk/id/country/england,osgb4000000026943893,,
97052451-cc80-4036-8231-06e2ba7683cc,http://data.ordnancesurvey.co.uk/id/97052451-cc80-4036-8231-06e2ba7683cc,Wales Bank,,,,transportNetwork,Section Of Named Road,546797,306216,2000,25000,546663,306207,546923,306218,PE14,http://data.ordnancesurvey.co.uk/id/postcodedistrict/PE14,Elm,http://data.ordnancesurvey.co.uk/id/4000000074341528,http://www.ordnancesurvey.co.uk/xml/codelists/localtype.xml#village,Fenland,http://data.ordnancesurvey.co.uk/id/7000000000001357,http://data.ordnancesurvey.co.uk/ontology/admingeo/District,Cambridgeshire,http://data.ordnancesurvey.co.uk/id/7000000000001386,http://data.ordnancesurvey.co.uk/ontology/admingeo/County,Eastern,http://data.ordnancesurvey.co.uk/id/7000000000041425,England,http://data.ordnancesurvey.co.uk/id/country/england,osgb4000000026933500,,
osgb4000000026933504,http://data.ordnancesurvey.co.uk/id/4000000026933504,Salters Way,,,,transportNetwork,Named Road,545378,308000,2000,20000,545228,307830,545409,308209,PE14,http://data.ordnancesurvey.co.uk/id/postcodedistrict/PE14,Wisbech,http://data.ordnancesurvey.co.uk/id/4000000074551318,http://www.ordnancesurvey.co.uk/xml/codelists/localtype.xml#town,Fenland,http://data.ordnancesurvey.co.uk/id/7000000000001357,http://data.ordnancesurvey.co.uk/ontology/admingeo/District,Cambridgeshire,http://data.ordnancesurvey.co.uk/id/7000000000001386,http://data.ordnancesurvey.co.uk/ontology/admingeo/County,Eastern,http://data.ordnancesurvey.co.uk/id/7000000000041425,England,http://data.ordnancesurvey.co.uk/id/country/england,,,
osgb4000000026937504,http://data.ordnancesurvey.co.uk/id/4000000026937504,Savory Road,,,,transportNetwork,Named Road,546021,311000,1000,20000,545955,310990,546085,311012,PE13,http://data.ordnancesurvey.co.uk/id/postcodedistrict/PE13,Wisbech,http://data.ordnancesurvey.co.uk/id/4000000074551318,http://www.ordnancesurvey.co.uk/xml/codelists/localtype.xml#town,Fenland,http://data.ordnancesurvey.co.uk/id/7000000000001357,http://data.ordnancesurvey.co.uk/ontology/admingeo/District,Cambridgeshire,http://data.ordnancesurvey.co.uk/id/7000000000001386,http://data.ordnancesurvey.co.uk/ontology/admingeo/County,Eastern,http://data.ordnancesurvey.co.uk/id/7000000000041425,England,http://data.ordnancesurvey.co.uk/id/country/england,,,
301fca34-2760-4d7b-adf5-a61ed1eeb128,http://data.ordnancesurvey.co.uk/id/301fca34-2760-4d7b-adf5-a61ed1eeb128,Sutton Road,,,,transportNetwork,Section Of Named Road,545092,317873,1000,25000,545076,317723,545107,317933,PE13,http://data.ordnancesurvey.co.uk/id/postcodedistrict/PE13,Tydd Gote,http://data.ordnancesurvey.co.uk/id/4000000074548409,http://www.ordnancesurvey.co.uk/xml/codelists/localtype.xml#village,Fenland,http://data.ordnancesurvey.co.uk/id/7000000000001357,http://data.ordnancesurvey.co.uk/ontology/admingeo/District,Cambridgeshire,http://data.ordnancesurvey.co.uk/id/7000000000001386,http://data.ordnancesurvey.co.uk/ontology/admingeo/County,Eastern,http://data.ordnancesurvey.co.uk/id/7000000000041425,England,http://data.ordnancesurvey.co.uk/id/country/england,osgb4000000026933593,,
osgb4000000027036871,http://data.ordnancesurvey.co.uk/id/4000000027036871,Jackson Close,,,,transportNetwork,Named Road,542364,308114,1000,20000,542342,308113,542390,308148,PE13,http://data.ordnancesurvey.co.uk/id/postcodedistrict/PE13,Wisbech St Mary,http://data.ordnancesurvey.co.uk/id/4000000074551315,http://www.ordnancesurvey.co.uk/xml/codelists/localtype.xml#village,Fenland,http://data.ordnancesurvey.co.uk/id/7000000000001357,http://data.ordnancesurvey.co.uk/ontology/admingeo/District,Cambridgeshire,http://data.ordnancesurvey.co.uk/id/7000000000001386,http://data.ordnancesurvey.co.uk/ontology/admingeo/County,Eastern,http://data.ordnancesurvey.co.uk/id/7000000000041425,England,http://data.ordnancesurvey.co.uk/id/country/england,,,
5190403c-a018-407f-b123-6165b5065b79,http://data.ordnancesurvey.co.uk/id/5190403c-a018-407f-b123-6165b5065b79,Wisbech Road,,,,transportNetwork,Section Of Named Road,547099,313199,1000,25000,547048,313158,547123,313298,PE14,http://data.ordnancesurvey.co.uk/id/postcodedistrict/PE14,West Walton,http://data.ordnancesurvey.co.uk/id/4000000074552041,http://www.ordnancesurvey.co.uk/xml/codelists/localtype.xml#village,King's Lynn and West Norfolk,http://data.ordnancesurvey.co.uk/id/7000000000007016,http://data.ordnancesurvey.co.uk/ontology/admingeo/District,Norfolk,http://data.ordnancesurvey.co.uk/id/7000000000007238,http://data.ordnancesurvey.co.uk/ontology/admingeo/County,Eastern,http://data.ordnancesurvey.co.uk/id/7000000000041425,England,http://data.ordnancesurvey.co.uk/id/country/england,osgb4000000026932302,,
osgb4000000026931771,http://data.ordnancesurvey.co.uk/id/4000000026931771,Main Road,,,,transportNetwork,Named Road,552205,314161,20000,22000,550558,313397,553998,314438,PE14,http://data.ordnancesurvey.co.uk/id/postcodedistrict/PE14,,,,King's Lynn and West Norfolk,http://data.ordnancesurvey.co.uk/id/7000000000007016,http://data.ordnancesurvey.co.uk/ontology/admingeo/District,Norfolk,http://data.ordnancesurvey.co.uk/id/7000000000007238,http://data.ordnancesurvey.co.uk/ontology/admingeo/County,Eastern,http://data.ordnancesurvey.co.uk/id/7000000000041425,England,http://data.ordnancesurvey.co.uk/id/country/england,,,
3b69967e-de57-4ac2-910f-4267a0290de8,http://data.ordnancesurvey.co.uk/id/3b69967e-de57-4ac2-910f-4267a0290de8,Burnt Lane,,,,transportNetwork,Section Of Named Road,559616,310206,1000,25000,559565,310176,559630,310212,PE34,http://data.ordnancesurvey.co.uk/id/postcodedistrict/PE34,Wiggenhall St Mary Magdalen,http://data.ordnancesurvey.co.uk/id/4000000074548392,http://www.ordnancesurvey.co.uk/xml/codelists/localtype.xml#village,King's Lynn and West Norfolk,http://data.ordnancesurvey.co.uk/id/7000000000007016,http://data.ordnancesurvey.co.uk/ontology/admingeo/District,Norfolk,http://data.ordnancesurvey.co.uk/id/7000000000007238,http://data.ordnancesurvey.co.uk/ontology/admingeo/County,Eastern,http://data.ordnancesurvey.co.uk/id/7000000000041425,England,http://data.ordnancesurvey.co.uk/id/country/england,osgb4000000026932419,,
osgb4000000026940345,http://data.ordnancesurvey.co.uk/id/4000000026940345,Fourth Avenue,,,,transportNetwork,Named Road,547037,309422,1000,20000,546995,309389,547055,309436,PE13,http://data.ordnancesurvey.co.uk/id/postcodedistrict/PE13,Wisbech,http://data.ordnancesurvey.co.uk/id/4000000074551318,http://www.ordnancesurvey.co.uk/xml/codelists/localtype.xml#town,Fenland,http://data.ordnancesurvey.co.uk/id/7000000000001357,http://data.ordnancesurvey.co.uk/ontology/admingeo/District,Cambridgeshire,http://data.ordnancesurvey.co.uk/id/7000000000001386,http://data.ordnancesurvey.co.uk/ontology/admingeo/County,Eastern,http://data.ordnancesurvey.co.uk/id/7000000000041425,England,http://data.ordnancesurvey.co.uk/id/country/england,,,
osgb5000005232276642,http://data.ordnancesurvey.co.uk/id/5000005232276642,Elver's Lane,,,,transportNetwork,Named Road,553678,318197,5000,20000,553292,318017,554065,318435,PE34,http://data.ordnancesurvey.co.uk/id/postcodedistrict/PE34,,,,King's Lynn and West Norfolk,http://data.ordnancesurvey.co.uk/id/7000000000007016,http://data.ordnancesurvey.co.uk/ontology/admingeo/District,Norfolk,http://data.ordnancesurvey.co.uk/id/7000000000007238,http://data.ordnancesurvey.co.uk/ontology/admingeo/County,Eastern,http://data.ordnancesurvey.co.uk/id/7000000000041425,England,http://data.ordnancesurvey.co.uk/id/country/england,,,
osgb4000000026935057,http://data.ordnancesurvey.co.uk/id/4000000026935057,Baldwins Drove,,,,transportNetwork,Named Road,552248,303227,5000,20000,551931,302834,552648,303606,PE14,http://data.ordnancesurvey.co.uk/id/postcodedistrict/PE14,,,,King's Lynn and West Norfolk,http://data.ordnancesurvey.co.uk/id/7000000000007016,http://data.ordnancesurvey.co.uk/ontology/admingeo/District,Norfolk,http://data.ordnancesurvey.co.uk/id/7000000000007238,http://data.ordnancesurvey.co.uk/ontology/admingeo/County,Eastern,http://data.ordnancesurvey.co.uk/id/7000000000041425,England,http://data.ordnancesurvey.co.uk/id/country/england,,,
osgb4000000026935170,http://data.ordnancesurvey.co.uk/id/4000000026935170,Staithe Road,,,,transportNetwork,Named Road,547400,309949,2000,20000,547230,309898,547541,309992,PE13,http://data.ordnancesurvey.co.uk/id/postcodedistrict/PE13,Wisbech,http://data.ordnancesurvey.co.uk/id/4000000074551318,http://www.ordnancesurvey.co.uk/xml/codelists/localtype.xml#town,Fenland,http://data.ordnancesurvey.co.uk/id/7000000000001357,http://data.ordnancesurvey.co.uk/ontology/admingeo/District,Cambridgeshire,http://data.ordnancesurvey.co.uk/id/7000000000001386,http://data.ordnancesurvey.co.uk/ontology/admingeo/County,Eastern,http://data.ordnancesurvey.co.uk/id/7000000000041425,England,http://data.ordnancesurvey.co.uk/id/country/england,,,
osgb4000000026933497,http://data.ordnancesurvey.co.uk/id/4000000026933497,Chapel Lane,,,,transportNetwork,Named Road,543628,306366,4000,20000,543292,306259,543865,306642,PE14,http://data.ordnancesurvey.co.uk/id/postcodedistrict/PE14,,,,Fenland,http://data.ordnancesurvey.co.uk/id/7000000000001357,http://data.ordnancesurvey.co.uk/ontology/admingeo/District,Cambridgeshire,http://data.ordnancesurvey.co.uk/id/7000000000001386,http://data.ordnancesurvey.co.uk/ontology/admingeo/County,Eastern,http://data.ordnancesurvey.co.uk/id/7000000000041425,England,http://data.ordnancesurvey.co.uk/id/country/england,,,
osgb4000000026940311,http://data.ordnancesurvey.co.uk/id/4000000026940311,Riverside Way,,,,transportNetwork,Named Road,545523,308952,1000,20000,545476,308939,545566,308974,PE14,http://data.ordnancesurvey.co.uk/id/postcodedistrict/PE14,Wisbech,http://data.ordnancesurvey.co.uk/id/4000000074551318,http://www.ordnancesurvey.co.uk/xml/codelists/localtype.xml#town,Fenland,http://data.ordnancesurvey.co.uk/id/7000000000001357,http://data.ordnancesurvey.co.uk/ontology/admingeo/District,Cambridgeshire,http://data.ordnancesurvey.co.uk/id/7000000000001386,http://data.ordnancesurvey.co.uk/ontology/admingeo/County,Eastern,http://data.ordnancesurvey.co.uk/id/7000000000041425,England,http://data.ordnancesurvey.co.uk/id/country/england,,,
caa65870-bcf2-4d07-a53a-19f1402a4209,http://data.ordnancesurvey.co.uk/id/caa65870-bcf2-4d07-a53a-19f1402a4209,Needham Bank,,,,transportNetwork,Section Of Named Road,547403,304851,4000,25000,547114,304623,547635,305163,PE14,http://data.ordnancesurvey.co.uk/id/postcodedistrict/PE14,Friday Bridge,http://data.ordnancesurvey.co.uk/id/4000000074550225,http://www.ordnancesurvey.co.uk/xml/codelists/localtype.xml#village,Fenland,http://data.ordnancesurvey.co.uk/id/7000000000001357,http://data.ordnancesurvey.co.uk/ontology/admingeo/District,Cambridgeshire,http://data.ordnancesurvey.co.uk/id/7000000000001386,http://data.ordnancesurvey.co.uk/ontology/admingeo/County,Eastern,http://data.ordnancesurvey.co.uk/id/7000000000041425,England,http://data.ordnancesurvey.co.uk/id/country/england,osgb4000000026931758,,
osgb4000000026933444,http://data.ordnancesurvey.co.uk/id/4000000026933444,Town Street,,,,transportNetwork,Named Road,550366,302757,8000,20000,549763,302223,550960,303219,PE14,http://data.ordnancesurvey.co.uk/id/postcodedistrict/PE14,Upwell,http://data.ordnancesurvey.co.uk/id/4000000074550938,http://www.ordnancesurvey.co.uk/xml/codelists/localtype.xml#village,King's Lynn and West Norfolk,http://data.ordnancesurvey.co.uk/id/7000000000007016,http://data.ordnancesurvey.co.uk/ontology/admingeo/District,Norfolk,http://data.ordnancesurvey.co.uk/id/7000000000007238,http://data.ordnancesurvey.co.uk/ontology/admingeo/County,Eastern,http://data.ordnancesurvey.co.uk/id/7000000000041425,England,http://data.ordnancesurvey.co.uk/id/country/england,,,
osgb4000000026935185,http://data.ordnancesurvey.co.uk/id/4000000026935185,Third Marsh Road,,,,transportNetwork,Named Road,546121,312497,4000,20000,545793,312424,546455,312559,PE14,http://data.ordnancesurvey.co.uk/id/postcodedistrict/PE14,,,,King's Lynn and West Norfolk,http://data.ordnancesurvey.co.uk/id/7000000000007016,http://data.ordnancesurvey.co.uk/ontology/admingeo/District,Norfolk,http://data.ordnancesurvey.co.uk/id/7000000000007238,http://data.ordnancesurvey.co.uk/ontology/admingeo/County,Eastern,http://data.ordnancesurvey.co.uk/id/7000000000041425,England,http://data.ordnancesurvey.co.uk/id/country/england,,,
osgb4000000026940405,http://data.ordnancesurvey.co.uk/id/4000000026940405,Seabank Road,,,,transportNetwork,Named Road,547493,310112,1000,20000,547454,310074,547530,310154,PE13,http://data.ordnancesurvey.co.uk/id/postcodedistrict/PE13,Wisbech,http://data.ordnancesurvey.co.uk/id/4000000074551318,http://www.ordnancesurvey.co.uk/xml/codelists/localtype.xml#town,Fenland,http://data.ordnancesurvey.co.uk/id/7000000000001357,http://data.ordnancesurvey.co.uk/ontology/admingeo/District,Cambridgeshire,http://data.ordnancesurvey.co.uk/id/7000000000001386,http://data.ordnancesurvey.co.uk/ontology/admingeo/County,Eastern,http://data.ordnancesurvey.co.uk/id/7000000000041425,England,http://data.ordnancesurvey.co.uk/id/country/england,,,
osgb5000005232449533,http://data.ordnancesurvey.co.uk/id/5000005232449533,Gooseberry Lane,,,,transportNetwork,Named Road,550617,300496,1000,20000,550547,300483,550690,300506,PE14,http://data.ordnancesurvey.co.uk/id/postcodedistrict/PE14,Three Holes,http://data.ordnancesurvey.co.uk/id/4000000074550936,http://www.ordnancesurvey.co.uk/xml/codelists/localtype.xml#village,King's Lynn and West Norfolk,http://data.ordnancesurvey.co.uk/id/7000000000007016,http://data.ordnancesurvey.co.uk/ontology/admingeo/District,Norfolk,http://data.ordnancesurvey.co.uk/id/7000000000007238,http://data.ordnancesurvey.co.uk/ontology/admingeo/County,Eastern,http://data.ordnancesurvey.co.uk/id/7000000000041425,England,http://data.ordnancesurvey.co.uk/id/country/england,,,
osgb4000000026937515,http://data.ordnancesurvey.co.uk/id/4000000026937515,Turnpike Close,,,,transportNetwork,Named Road,547201,310114,1000,20000,547183,310042,547272,310173,PE13,http://data.ordnancesurvey.co.uk/id/postcodedistrict/PE13,Wisbech,http://data.ordnancesurvey.co.uk/id/4000000074551318,http://www.ordnancesurvey.co.uk/xml/codelists/localtype.xml#town,Fenland,http://data.ordnancesurvey.co.uk/id/7000000000001357,http://data.ordnancesurvey.co.uk/ontology/admingeo/District,Cambridgeshire,http://data.ordnancesurvey.co.uk/id/7000000000001386,http://data.ordnancesurvey.co.uk/ontology/admingeo/County,Eastern,http://data.ordnancesurvey.co.uk/id/7000000000041425,England,http://data.ordnancesurvey.co.uk/id/country/england,,,
osgb4000000026933509,http://data.ordnancesurvey.co.uk/id/4000000026933509,Low Road,,,,transportNetwork,Named Road,547207,307462,4000,20000,547091,307177,547238,307777,PE14,http://data.ordnancesurvey.co.uk/id/postcodedistrict/PE14,Elm,http://data.ordnancesurvey.co.uk/id/4000000074341528,http://www.ordnancesurvey.co.uk/xml/codelists/localtype.xml#village,Fenland,http://data.ordnancesurvey.co.uk/id/7000000000001357,http://data.ordnancesurvey.co.uk/ontology/admingeo/District,Cambridgeshire,http://data.ordnancesurvey.co.uk/id/7000000000001386,http://data.ordnancesurvey.co.uk/ontology/admingeo/County,Eastern,http://data.ordnancesurvey.co.uk/id/7000000000041425,England,http://data.ordnancesurvey.co.uk/id/country/england,,,
osgb4000000026940354,http://data.ordnancesurvey.co.uk/id/4000000026940354,West End,,,,transportNetwork,Named Road,541397,312097,1000,20000,541367,312008,541402,312110,PE13,http://data.ordnancesurvey.co.uk/id/postcodedistrict/PE13,Gorefield,http://data.ordnancesurvey.co.uk/id/4000000074551667,http://www.ordnancesurvey.co.uk/xml/codelists/localtype.xml#village,Fenland,http://data.ordnancesurvey.co.uk/id/7000000000001357,http://data.ordnancesurvey.co.uk/ontology/admingeo/District,Cambridgeshire,http://data.ordnancesurvey.co.uk/id/7000000000001386,http://data.ordnancesurvey.co.uk/ontology/admingeo/County,Eastern,http://data.ordnancesurvey.co.uk/id/7000000000041425,England,http://data.ordnancesurvey.co.uk/id/country/england,,,
osgb4000000026932399,http://data.ordnancesurvey.co.uk/id/4000000026932399,Wilkins Road,,,,transportNetwork,Named Road,549340,308640,6000,20000,548843,308461,549789,308850,PE14,http://data.ordnancesurvey.co.uk/id/postcodedistrict/PE14,,,,King's Lynn and West Norfolk,http://data.ordnancesurvey.co.uk/id/7000000000007016,http://data.ordnancesurvey.co.uk/ontology/admingeo/District,Norfolk,http://data.ordnancesurvey.co.uk/id/7000000000007238,http://data.ordnancesurvey.co.uk/ontology/admingeo/County,Eastern,http://data.ordnancesurvey.co.uk/id/7000000000041425,England,http://data.ordnancesurvey.co.uk/id/country/england,,,
caacc9e7-b680-4684-9d1d-79df2f648394,http://data.ordnancesurvey.co.uk/id/caacc9e7-b680-4684-9d1d-79df2f648394,Rectory Road,,,,transportNetwork,Section Of Named Road,550998,303247,1000,25000,550960,303219,551040,303284,PE14,http://data.ordnancesurvey.co.uk/id/postcodedistrict/PE14,Upwell,http://data.ordnancesurvey.co.uk/id/4000000074550938,http://www.ordnancesurvey.co.uk/xml/codelists/localtype.xml#village,King's Lynn and West Norfolk,http://data.ordnancesurvey.co.uk/id/7000000000007016,http://data.ordnancesurvey.co.uk/ontology/admingeo/District,Norfolk,http://data.ordnancesurvey.co.uk/id/7000000000007238,http://data.ordnancesurvey.co.uk/ontology/admingeo/County,Eastern,http://data.ordnancesurvey.co.uk/id/7000000000041425,England,http://data.ordnancesurvey.co.uk/id/country/england,osgb4000000026935054,,
osgb4000000026940307,http://data.ordnancesurvey.co.uk/id/4000000026940307,All Saints Close,,,,transportNetwork,Named Road,546734,306930,1000,20000,546662,306866,546758,307009,PE14,http://data.ordnancesurvey.co.uk/id/postcodedistrict/PE14,Elm,http://data.ordnancesurvey.co.uk/id/4000000074341528,http://www.ordnancesurvey.co.uk/xml/codelists/localtype.xml#village,Fenland,http://data.ordnancesurvey.co.uk/id/7000000000001357,http://data.ordnancesurvey.co.uk/ontology/admingeo/District,Cambridgeshire,http://data.ordnancesurvey.co.uk/id/7000000000001386,http://data.ordnancesurvey.co.uk/ontology/admingeo/County,Eastern,http://data.ordnancesurvey.co.uk/id/7000000000041425,England,http://data.ordnancesurvey.co.uk/id/country/england,,,
osgb4000000026937518,http://data.ordnancesurvey.co.uk/id/4000000026937518,Old Lynn Road,,,,transportNetwork,Named Road,547381,310850,2000,20000,547204,310748,547448,311029,PE14,http://data.ordnancesurvey.co.uk/id/postcodedistrict/PE14,Wisbech,http://data.ordnancesurvey.co.uk/id/4000000074551318,http://www.ordnancesurvey.co.uk/xml/codelists/localtype.xml#town,Fenland,http://data.ordnancesurvey.co.uk/id/7000000000001357,http://data.ordnancesurvey.co.uk/ontology/admingeo/District,Cambridgeshire,http://data.ordnancesurvey.co.uk/id/7000000000001386,http://data.ordnancesurvey.co.uk/ontology/admingeo/County,Eastern,http://data.ordnancesurvey.co.uk/id/7000000000041425,England,http://data.ordnancesurvey.co.uk/id/country/england,,,
290b3960-e81b-4a7d-8eab-e17d2b1de636,http://data.ordnancesurvey.co.uk/id/290b3960-e81b-4a7d-8eab-e17d2b1de636,St John's Road,,,,transportNetwork,Section Of Named Road,554504,314000,4000,25000,554125,313810,554717,314226,PE34,http://data.ordnancesurvey.co.uk/id/postcodedistrict/PE34,Tilney St Lawrence,http://data.ordnancesurvey.co.uk/id/4000000074550579,http://www.ordnancesurvey.co.uk/xml/codelists/localtype.xml#village,King's Lynn and West Norfolk,http://data.ordnancesurvey.co.uk/id/7000000000007016,http://data.ordnancesurvey.co.uk/ontology/admingeo/District,Norfolk,http://data.ordnancesurvey.co.uk/id/7000000000007238,http://data.ordnancesurvey.co.uk/ontology/admingeo/County,Eastern,http://data.ordnancesurvey.co.uk/id/7000000000041425,England,http://data.ordnancesurvey.co.uk/id/country/england,osgb4000000026933654,,
osgb4000000074732293,http://data.ordnancesurvey.co.uk/id/4000000074732293,Third Frith Field,,,,landcover,Other Landcover,557666,317902,10000,1300000,556866,317105,558464,318700,PE34,http://data.ordnancesurvey.co.uk/id/postcodedistrict/PE34,,,,King's Lynn and West Norfolk,http://data.ordnancesurvey.co.uk/id/7000000000007016,http://data.ordnancesurvey.co.uk/ontology/admingeo/District,Norfolk,http://data.ordnancesurvey.co.uk/id/7000000000007238,http://data.ordnancesurvey.co.uk/ontology/admingeo/County,Eastern,http://data.ordnancesurvey.co.uk/id/7000000000041425,England,http://data.ordnancesurvey.co.uk/id/country/england,,,
osgb4000000074732457,http://data.ordnancesurvey.co.uk/id/4000000074732457,Moorditch Field,,,,landcover,Other Landcover,556368,314759,17000,1300000,554939,313829,557626,315689,PE34,http://data.ordnancesurvey.co.uk/id/postcodedistrict/PE34,,,,King's Lynn and West Norfolk,http://data.ordnancesurvey.co.uk/id/7000000000007016,http://data.ordnancesurvey.co.uk/ontology/admingeo/District,Norfolk,http://data.ordnancesurvey.co.uk/id/7000000000007238,http://data.ordnancesurvey.co.uk/ontology/admingeo/County,Eastern,http://data.ordnancesurvey.co.uk/id/7000000000041425,England,http://data.ordnancesurvey.co.uk/id/country/england,,,
osgb4000000074653052,http://data.ordnancesurvey.co.uk/id/4000000074653052,North Belt Plantation,,,,landcover,Woodland Or Forest,556737,316959,3000,400000,556497,316710,556997,317210,PE34,http://data.ordnancesurvey.co.uk/id/postcodedistrict/PE34,,,,King's Lynn and West Norfolk,http://data.ordnancesurvey.co.uk/id/7000000000007016,http://data.ordnancesurvey.co.uk/ontology/admingeo/District,Norfolk,http://data.ordnancesurvey.co.uk/id/7000000000007238,http://data.ordnancesurvey.co.uk/ontology/admingeo/County,Eastern,http://data.ordnancesurvey.co.uk/id/7000000000041425,England,http://data.ordnancesurvey.co.uk/id/country/england,,,
osgb4000000074732469,http://data.ordnancesurvey.co.uk/id/4000000074732469,Old Field,,,,landcover,Other Landcover,542731,313299,5000,1300000,542380,313049,543104,313549,PE13,http://data.ordnancesurvey.co.uk/id/postcodedistrict/PE13,,,,Fenland,http://data.ordnancesurvey.co.uk/id/7000000000001357,http://data.ordnancesurvey.co.uk/ontology/admingeo/District,Cambridgeshire,http://data.ordnancesurvey.co.uk/id/7000000000001386,http://data.ordnancesurvey.co.uk/ontology/admingeo/County,Eastern,http://data.ordnancesurvey.co.uk/id/7000000000041425,England,http://data.ordnancesurvey.co.uk/id/country/england,,,
osgb4000000074734115,http://data.ordnancesurvey.co.uk/id/4000000074734115,Cat Field,,,,landcover,Other Landcover,541836,310991,14000,1300000,541292,309740,542381,311874,PE13,http://data.ordnancesurvey.co.uk/id/postcodedistrict/PE13,,,,Fenland,http://data.ordnancesurvey.co.uk/id/7000000000001357,http://data.ordnancesurvey.co.uk/ontology/admingeo/District,Cambridgeshire,http://data.ordnancesurvey.co.uk/id/7000000000001386,http://data.ordnancesurvey.co.uk/ontology/admingeo/County,Eastern,http://data.ordnancesurvey.co.uk/id/7000000000041425,England,http://data.ordnancesurvey.co.uk/id/country/england,,,
osgb4000000074732783,http://data.ordnancesurvey.co.uk/id/4000000074732783,New Field,,,,landcover,Other Landcover,542968,306763,12000,1300000,541932,306247,543756,307280,PE13,http://data.ordnancesurvey.co.uk/id/postcodedistrict/PE13,,,,Fenland,http://data.ordnancesurvey.co.uk/id/7000000000001357,http://data.ordnancesurvey.co.uk/ontology/admingeo/District,Cambridgeshire,http://data.ordnancesurvey.co.uk/id/7000000000001386,http://data.ordnancesurvey.co.uk/ontology/admingeo/County,Eastern,http://data.ordnancesurvey.co.uk/id/7000000000041425,England,http://data.ordnancesurvey.co.uk/id/country/england,,,
osgb4000000074735848,http://data.ordnancesurvey.co.uk/id/4000000074735848,Tydd St Mary's Common,,,,landcover,Other Landcover,544524,319449,12000,1300000,543568,318613,545460,320284,PE13,http://data.ordnancesurvey.co.uk/id/postcodedistrict/PE13,,,,South Holland,http://data.ordnancesurvey.co.uk/id/7000000000005599,http://data.ordnancesurvey.co.uk/ontology/admingeo/District,Lincolnshire,http://data.ordnancesurvey.co.uk/id/7000000000005942,http://data.ordnancesurvey.co.uk/ontology/admingeo/County,East Midlands,http://data.ordnancesurvey.co.uk/id/7000000000041423,England,http://data.ordnancesurvey.co.uk/id/country/england,,,
osgb4000000074584754,http://data.ordnancesurvey.co.uk/id/4000000074584754,Snail Croft,,,,landcover,Other Landcover,543025,311015,8000,1300000,542657,310419,543392,311639,PE13,http://data.ordnancesurvey.co.uk/id/postcodedistrict/PE13,,,,Fenland,http://data.ordnancesurvey.co.uk/id/7000000000001357,http://data.ordnancesurvey.co.uk/ontology/admingeo/District,Cambridgeshire,http://data.ordnancesurvey.co.uk/id/7000000000001386,http://data.ordnancesurvey.co.uk/ontology/admingeo/County,Eastern,http://data.ordnancesurvey.co.uk/id/7000000000041425,England,http://data.ordnancesurvey.co.uk/id/country/england,,,
osgb4000000074733606,http://data.ordnancesurvey.co.uk/id/4000000074733606,Hirn Field,,,,landcover,Other Landcover,543154,307799,8000,1300000,542383,307440,543640,308158,PE13,http://data.ordnancesurvey.co.uk/id/postcodedistrict/PE13,,,,Fenland,http://data.ordnancesurvey.co.uk/id/7000000000001357,http://data.ordnancesurvey.co.uk/ontology/admingeo/District,Cambridgeshire,http://data.ordnancesurvey.co.uk/id/7000000000001386,http://data.ordnancesurvey.co.uk/ontology/admingeo/County,Eastern,http://data.ordnancesurvey.co.uk/id/7000000000041425,England,http://data.ordnancesurvey.co.uk/id/country/england,,,
osgb4000000074593447,http://data.ordnancesurvey.co.uk/id/4000000074593447,New Field,,,,landcover,Other Landcover,540542,311086,13000,1300000,540110,310089,540975,312050,PE13,http://data.ordnancesurvey.co.uk/id/postcodedistrict/PE13,,,,Fenland,http://data.ordnancesurvey.co.uk/id/7000000000001357,http://data.ordnancesurvey.co.uk/ontology/admingeo/District,Cambridgeshire,http://data.ordnancesurvey.co.uk/id/7000000000001386,http://data.ordnancesurvey.co.uk/ontology/admingeo/County,Eastern,http://data.ordnancesurvey.co.uk/id/7000000000041425,England,http://data.ordnancesurvey.co.uk/id/country/england,,,
osgb4000000074733949,http://data.ordnancesurvey.co.uk/id/4000000074733949,Long Meadow Field,,,,landcover,Other Landcover,542475,310883,13000,1300000,542098,309879,542852,311837,PE13,http://data.ordnancesurvey.co.uk/id/postcodedistrict/PE13,,,,Fenland,http://data.ordnancesurvey.co.uk/id/7000000000001357,http://data.ordnancesurvey.co.uk/ontology/admingeo/District,Cambridgeshire,http://data.ordnancesurvey.co.uk/id/7000000000001386,http://data.ordnancesurvey.co.uk/ontology/admingeo/County,Eastern,http://data.ordnancesurvey.co.uk/id/7000000000041425,England,http://data.ordnancesurvey.co.uk/id/country/england,,,
osgb4000000074732295,http://data.ordnancesurvey.co.uk/id/4000000074732295,Second Frith Field,,,,landcover,Other Landcover,557546,319087,8000,1300000,556627,318492,557850,319682,PE34,http://data.ordnancesurvey.co.uk/id/postcodedistrict/PE34,,,,King's Lynn and West Norfolk,http://data.ordnancesurvey.co.uk/id/7000000000007016,http://data.ordnancesurvey.co.uk/ontology/admingeo/District,Norfolk,http://data.ordnancesurvey.co.uk/id/7000000000007238,http://data.ordnancesurvey.co.uk/ontology/admingeo/County,Eastern,http://data.ordnancesurvey.co.uk/id/7000000000041425,England,http://data.ordnancesurvey.co.uk/id/country/england,,,
osgb4000000074594413,http://data.ordnancesurvey.co.uk/id/4000000074594413,Low Fen,,,,landcover,Other Landcover,552694,301177,22000,1300000,550909,300553,554306,301802,PE14,http://data.ordnancesurvey.co.uk/id/postcodedistrict/PE14,,,,King's Lynn and West Norfolk,http://data.ordnancesurvey.co.uk/id/7000000000007016,http://data.ordnancesurvey.co.uk/ontology/admingeo/District,Norfolk,http://data.ordnancesurvey.co.uk/id/7000000000007238,http://data.ordnancesurvey.co.uk/ontology/admingeo/County,Eastern,http://data.ordnancesurvey.co.uk/id/7000000000041425,England,http://data.ordnancesurvey.co.uk/id/country/england,,,
osgb4000000074815879,http://data.ordnancesurvey.co.uk/id/4000000074815879,Fendike Crofts,,,,landcover,Other Landcover,549243,307902,6000,1300000,548789,307421,549696,308404,PE14,http://data.ordnancesurvey.co.uk/id/postcodedistrict/PE14,,,,King's Lynn and West Norfolk,http://data.ordnancesurvey.co.uk/id/7000000000007016,http://data.ordnancesurvey.co.uk/ontology/admingeo/District,Norfolk,http://data.ordnancesurvey.co.uk/id/7000000000007238,http://data.ordnancesurvey.co.uk/ontology/admingeo/County,Eastern,http://data.ordnancesurvey.co.uk/id/7000000000041425,England,http://data.ordnancesurvey.co.uk/id/country/england,,,
osgb4000000074732297,http://data.ordnancesurvey.co.uk/id/4000000074732297,Hirdling Field,,,,landcover,Other Landcover,556367,313267,17000,1300000,554769,312572,557391,313962,PE34,http://data.ordnancesurvey.co.uk/id/postcodedistrict/PE34,,,,King's Lynn and West Norfolk,http://data.ordnancesurvey.co.uk/id/7000000000007016,http://data.ordnancesurvey.co.uk/ontology/admingeo/District,Norfolk,http://data.ordnancesurvey.co.uk/id/7000000000007238,http://data.ordnancesurvey.co.uk/ontology/admingeo/County,Eastern,http://data.ordnancesurvey.co.uk/id/7000000000041425,England,http://data.ordnancesurvey.co.uk/id/country/england,,,
osgb4000000074732468,http://data.ordnancesurvey.co.uk/id/4000000074732468,Long Field,,,,landcover,Other Landcover,543415,313470,5000,1300000,543015,313170,543806,313771,PE13,http://data.ordnancesurvey.co.uk/id/postcodedistrict/PE13,,,,Fenland,http://data.ordnancesurvey.co.uk/id/7000000000001357,http://data.ordnancesurvey.co.uk/ontology/admingeo/District,Cambridgeshire,http://data.ordnancesurvey.co.uk/id/7000000000001386,http://data.ordnancesurvey.co.uk/ontology/admingeo/County,Eastern,http://data.ordnancesurvey.co.uk/id/7000000000041425,England,http://data.ordnancesurvey.co.uk/id/country/england,,,
osgb4000000074733118,http://data.ordnancesurvey.co.uk/id/4000000074733118,Tydd St Giles Fen,,,,landcover,Other Landcover,540097,314556,32000,1300000,538216,311451,541978,316399,PE13,http://data.ordnancesurvey.co.uk/id/postcodedistrict/PE13,,,,Fenland,http://data.ordnancesurvey.co.uk/id/7000000000001357,http://data.ordnancesurvey.co.uk/ontology/admingeo/District,Cambridgeshire,http://data.ordnancesurvey.co.uk/id/7000000000001386,http://data.ordnancesurvey.co.uk/ontology/admingeo/County,Eastern,http://data.ordnancesurvey.co.uk/id/7000000000041425,England,http://data.ordnancesurvey.co.uk/id/country/england,,,
osgb4000000074733274,http://data.ordnancesurvey.co.uk/id/4000000074733274,Downham Market Fen,,,,landcover,Other Landcover,558976,303423,32000,1300000,555743,300971,560170,305876,PE38,http://data.ordnancesurvey.co.uk/id/postcodedistrict/PE38,,,,King's Lynn and West Norfolk,http://data.ordnancesurvey.co.uk/id/7000000000007016,http://data.ordnancesurvey.co.uk/ontology/admingeo/District,Norfolk,http://data.ordnancesurvey.co.uk/id/7000000000007238,http://data.ordnancesurvey.co.uk/ontology/admingeo/County,Eastern,http://data.ordnancesurvey.co.uk/id/7000000000041425,England,http://data.ordnancesurvey.co.uk/id/country/england,,,
osgb4000000074798319,http://data.ordnancesurvey.co.uk/id/4000000074798319,Paupers' Cut,,,,hydrography,Tidal Water,546110,315321,12000,100000,545736,314412,546485,316216,PE13,http://data.ordnancesurvey.co.uk/id/postcodedistrict/PE13,,,,Fenland,http://data.ordnancesurvey.co.uk/id/7000000000001357,http://data.ordnancesurvey.co.uk/ontology/admingeo/District,Cambridgeshire,http://data.ordnancesurvey.co.uk/id/7000000000001386,http://data.ordnancesurvey.co.uk/ontology/admingeo/County,Eastern,http://data.ordnancesurvey.co.uk/id/7000000000041425,England,http://data.ordnancesurvey.co.uk/id/country/england,,,
osgb4000000074733272,http://data.ordnancesurvey.co.uk/id/4000000074733272,Rookery Covert,,,,landcover,Other Landcover,559846,300409,1000,1300000,559595,300160,560095,300660,PE38,http://data.ordnancesurvey.co.uk/id/postcodedistrict/PE38,,,,King's Lynn and West Norfolk,http://data.ordnancesurvey.co.uk/id/7000000000007016,http://data.ordnancesurvey.co.uk/ontology/admingeo/District,Norfolk,http://data.ordnancesurvey.co.uk/id/7000000000007238,http://data.ordnancesurvey.co.uk/ontology/admingeo/County,Eastern,http://data.ordnancesurvey.co.uk/id/7000000000041425,England,http://data.ordnancesurvey.co.uk/id/country/england,,,
osgb4000000074596902,http://data.ordnancesurvey.co.uk/id/4000000074596902,Church Field,,,,landcover,Other Landcover,553849,316195,4000,1300000,553551,315945,554120,316445,PE14,http://data.ordnancesurvey.co.uk/id/postcodedistrict/PE14,,,,King's Lynn and West Norfolk,http://data.ordnancesurvey.co.uk/id/7000000000007016,http://data.ordnancesurvey.co.uk/ontology/admingeo/District,Norfolk,http://data.ordnancesurvey.co.uk/id/7000000000007238,http://data.ordnancesurvey.co.uk/ontology/admingeo/County,Eastern,http://data.ordnancesurvey.co.uk/id/7000000000041425,England,http://data.ordnancesurvey.co.uk/id/country/england,,,
osgb4000000074733436,http://data.ordnancesurvey.co.uk/id/4000000074733436,Birdbeck Field,,,,landcover,Other Landcover,550490,303859,13000,1300000,549748,302720,551232,304759,PE14,http://data.ordnancesurvey.co.uk/id/postcodedistrict/PE14,,,,King's Lynn and West Norfolk,http://data.ordnancesurvey.co.uk/id/7000000000007016,http://data.ordnancesurvey.co.uk/ontology/admingeo/District,Norfolk,http://data.ordnancesurvey.co.uk/id/7000000000007238,http://data.ordnancesurvey.co.uk/ontology/admingeo/County,Eastern,http://data.ordnancesurvey.co.uk/id/7000000000041425,England,http://data.ordnancesurvey.co.uk/id/country/england,,,
osgb4000000026932436,http://data.ordnancesurvey.co.uk/id/4000000026932436,French's Road,,,,transportNetwork,Named Road,548470,317118,7000,20000,547927,316739,549050,317469,PE14,http://data.ordnancesurvey.co.uk/id/postcodedistrict/PE14,Walpole Marsh,http://data.ordnancesurvey.co.uk/id/4000000074548407,http://www.ordnancesurvey.co.uk/xml/codelists/localtype.xml#village,King's Lynn and West Norfolk,http://data.ordnancesurvey.co.uk/id/7000000000007016,http://data.ordnancesurvey.co.uk/ontology/admingeo/District,Norfolk,http://data.ordnancesurvey.co.uk/id/7000000000007238,http://data.ordnancesurvey.co.uk/ontology/admingeo/County,Eastern,http://data.ordnancesurvey.co.uk/id/7000000000041425,England,http://data.ordnancesurvey.co.uk/id/country/england,,,
5960115a-ffcd-40de-9aba-bab119678f84,http://data.ordnancesurvey.co.uk/id/5960115a-ffcd-40de-9aba-bab119678f84,New Road,,,,transportNetwork,Section Of Named Road,550708,302439,4000,25000,550510,302100,550794,302785,PE14,http://data.ordnancesurvey.co.uk/id/postcodedistrict/PE14,Upwell,http://data.ordnancesurvey.co.uk/id/4000000074550938,http://www.ordnancesurvey.co.uk/xml/codelists/localtype.xml#village,King's Lynn and West Norfolk,http://data.ordnancesurvey.co.uk/id/7000000000007016,http://data.ordnancesurvey.co.uk/ontology/admingeo/District,Norfolk,http://data.ordnancesurvey.co.uk/id/7000000000007238,http://data.ordnancesurvey.co.uk/ontology/admingeo/County,Eastern,http://data.ordnancesurvey.co.uk/id/7000000000041425,England,http://data.ordnancesurvey.co.uk/id/country/england,osgb4000000027017886,,
osgb4000000026942744,http://data.ordnancesurvey.co.uk/id/4000000026942744,High Street,,,,transportNetwork,Named Road,546134,309655,1000,20000,546099,309609,546175,309681,PE13,http://data.ordnancesurvey.co.uk/id/postcodedistrict/PE13,Wisbech,http://data.ordnancesurvey.co.uk/id/4000000074551318,http://www.ordnancesurvey.co.uk/xml/codelists/localtype.xml#town,Fenland,http://data.ordnancesurvey.co.uk/id/7000000000001357,http://data.ordnancesurvey.co.uk/ontology/admingeo/District,Cambridgeshire,http://data.ordnancesurvey.co.uk/id/7000000000001386,http://data.ordnancesurvey.co.uk/ontology/admingeo/County,Eastern,http://data.ordnancesurvey.co.uk/id/7000000000041425,England,http://data.ordnancesurvey.co.uk/id/country/england,,,
osgb4000000026931789,http://data.ordnancesurvey.co.uk/id/4000000026931789,Sutton Road,,,,transportNetwork,Named Road,552599,319923,20000,31000,550272,319442,555004,320011,PE34,http://data.ordnancesurvey.co.uk/id/postcodedistrict/PE34,,,,King's Lynn and West Norfolk,http://data.ordnancesurvey.co.uk/id/7000000000007016,http://data.ordnancesurvey.co.uk/ontology/admingeo/District,Norfolk,http://data.ordnancesurvey.co.uk/id/7000000000007238,http://data.ordnancesurvey.co.uk/ontology/admingeo/County,Eastern,http://data.ordnancesurvey.co.uk/id/7000000000041425,England,http://data.ordnancesurvey.co.uk/id/country/england,,,
078cd2ac-8e82-4d9e-a09e-cec4915df6f5,http://data.ordnancesurvey.co.uk/id/078cd2ac-8e82-4d9e-a09e-cec4915df6f5,Back Road,,,,transportNetwork,Section Of Named Road,546597,304921,2000,25000,546552,304742,546688,305079,PE14,http://data.ordnancesurvey.co.uk/id/postcodedistrict/PE14,Friday Bridge,http://data.ordnancesurvey.co.uk/id/4000000074550225,http://www.ordnancesurvey.co.uk/xml/codelists/localtype.xml#village,Fenland,http://data.ordnancesurvey.co.uk/id/7000000000001357,http://data.ordnancesurvey.co.uk/ontology/admingeo/District,Cambridgeshire,http://data.ordnancesurvey.co.uk/id/7000000000001386,http://data.ordnancesurvey.co.uk/ontology/admingeo/County,Eastern,http://data.ordnancesurvey.co.uk/id/7000000000041425,England,http://data.ordnancesurvey.co.uk/id/country/england,osgb4000000026935105,,
osgb4000000026940383,http://data.ordnancesurvey.co.uk/id/4000000026940383,Hill Street,,,,transportNetwork,Named Road,546165,309771,1000,20000,546129,309747,546209,309813,PE13,http://data.ordnancesurvey.co.uk/id/postcodedistrict/PE13,Wisbech,http://data.ordnancesurvey.co.uk/id/4000000074551318,http://www.ordnancesurvey.co.uk/xml/codelists/localtype.xml#town,Fenland,http://data.ordnancesurvey.co.uk/id/7000000000001357,http://data.ordnancesurvey.co.uk/ontology/admingeo/District,Cambridgeshire,http://data.ordnancesurvey.co.uk/id/7000000000001386,http://data.ordnancesurvey.co.uk/ontology/admingeo/County,Eastern,http://data.ordnancesurvey.co.uk/id/7000000000041425,England,http://data.ordnancesurvey.co.uk/id/country/england,,,
osgb4000000026942746,http://data.ordnancesurvey.co.uk/id/4000000026942746,Union Place,,,,transportNetwork,Named Road,546177,309606,1000,20000,546152,309593,546205,309607,PE13,http://data.ordnancesurvey.co.uk/id/postcodedistrict/PE13,Wisbech,http://data.ordnancesurvey.co.uk/id/4000000074551318,http://www.ordnancesurvey.co.uk/xml/codelists/localtype.xml#town,Fenland,http://data.ordnancesurvey.co.uk/id/7000000000001357,http://data.ordnancesurvey.co.uk/ontology/admingeo/District,Cambridgeshire,http://data.ordnancesurvey.co.uk/id/7000000000001386,http://data.ordnancesurvey.co.uk/ontology/admingeo/County,Eastern,http://data.ordnancesurvey.co.uk/id/7000000000041425,England,http://data.ordnancesurvey.co.uk/id/country/england,,,
osgb4000000026937438,http://data.ordnancesurvey.co.uk/id/4000000026937438,Weasenham Lane,,,,transportNetwork,Named Road,546103,308468,9000,20000,545441,308356,546818,308769,PE13,http://data.ordnancesurvey.co.uk/id/postcodedistrict/PE13,Wisbech,http://data.ordnancesurvey.co.uk/id/4000000074551318,http://www.ordnancesurvey.co.uk/xml/codelists/localtype.xml#town,Fenland,http://data.ordnancesurvey.co.uk/id/7000000000001357,http://data.ordnancesurvey.co.uk/ontology/admingeo/District,Cambridgeshire,http://data.ordnancesurvey.co.uk/id/7000000000001386,http://data.ordnancesurvey.co.uk/ontology/admingeo/County,Eastern,http://data.ordnancesurvey.co.uk/id/7000000000041425,England,http://data.ordnancesurvey.co.uk/id/country/england,,,
osgb4000000074732631,http://data.ordnancesurvey.co.uk/id/4000000074732631,Fengate Field,,,,landcover,Other Landcover,540349,314168,9000,1300000,539753,313447,540945,314838,PE13,http://data.ordnancesurvey.co.uk/id/postcodedistrict/PE13,,,,Fenland,http://data.ordnancesurvey.co.uk/id/7000000000001357,http://data.ordnancesurvey.co.uk/ontology/admingeo/District,Cambridgeshire,http://data.ordnancesurvey.co.uk/id/7000000000001386,http://data.ordnancesurvey.co.uk/ontology/admingeo/County,Eastern,http://data.ordnancesurvey.co.uk/id/7000000000041425,England,http://data.ordnancesurvey.co.uk/id/country/england,,,
osgb4000000026940318,http://data.ordnancesurvey.co.uk/id/4000000026940318,Thatchwood Avenue,,,,transportNetwork,Named Road,548189,307230,1000,20000,548178,307179,548197,307296,PE14,http://data.ordnancesurvey.co.uk/id/postcodedistrict/PE14,Emneth,http://data.ordnancesurvey.co.uk/id/4000000074550948,http://www.ordnancesurvey.co.uk/xml/codelists/localtype.xml#village,King's Lynn and West Norfolk,http://data.ordnancesurvey.co.uk/id/7000000000007016,http://data.ordnancesurvey.co.uk/ontology/admingeo/District,Norfolk,http://data.ordnancesurvey.co.uk/id/7000000000007238,http://data.ordnancesurvey.co.uk/ontology/admingeo/County,Eastern,http://data.ordnancesurvey.co.uk/id/7000000000041425,England,http://data.ordnancesurvey.co.uk/id/country/england,,,
osgb4000000026932368,http://data.ordnancesurvey.co.uk/id/4000000026932368,Gunthorpe Road,,,,transportNetwork,Named Road,547681,318099,8000,20000,547012,317941,548268,318291,PE14,http://data.ordnancesurvey.co.uk/id/postcodedistrict/PE14,,,,South Holland,http://data.ordnancesurvey.co.uk/id/7000000000005599,http://data.ordnancesurvey.co.uk/ontology/admingeo/District,Lincolnshire,http://data.ordnancesurvey.co.uk/id/7000000000005942,http://data.ordnancesurvey.co.uk/ontology/admingeo/County,East Midlands,http://data.ordnancesurvey.co.uk/id/7000000000041423,England,http://data.ordnancesurvey.co.uk/id/country/england,,,
38e2e47b-fa8e-4602-9af2-cd64b90d9902,http://data.ordnancesurvey.co.uk/id/38e2e47b-fa8e-4602-9af2-cd64b90d9902,Kirkgate,,,,transportNetwork,Section Of Named Road,543072,316560,6000,25000,542682,316549,543588,316586,PE13,http://data.ordnancesurvey.co.uk/id/postcodedistrict/PE13,Tydd St Giles,http://data.ordnancesurvey.co.uk/id/4000000074548770,http://www.ordnancesurvey.co.uk/xml/codelists/localtype.xml#village,Fenland,http://data.ordnancesurvey.co.uk/id/7000000000001357,http://data.ordnancesurvey.co.uk/ontology/admingeo/District,Cambridgeshire,http://data.ordnancesurvey.co.uk/id/7000000000001386,http://data.ordnancesurvey.co.uk/ontology/admingeo/County,Eastern,http://data.ordnancesurvey.co.uk/id/7000000000041425,England,http://data.ordnancesurvey.co.uk/id/country/england,osgb4000000026943891,,
osgb4000000026933454,http://data.ordnancesurvey.co.uk/id/4000000026933454,Birchfield Road,,,,transportNetwork,Named Road,556460,300677,4000,20000,556075,300384,556653,300954,PE38,http://data.ordnancesurvey.co.uk/id/postcodedistrict/PE38,,,,King's Lynn and West Norfolk,http://data.ordnancesurvey.co.uk/id/7000000000007016,http://data.ordnancesurvey.co.uk/ontology/admingeo/District,Norfolk,http://data.ordnancesurvey.co.uk/id/7000000000007238,http://data.ordnancesurvey.co.uk/ontology/admingeo/County,Eastern,http://data.ordnancesurvey.co.uk/id/7000000000041425,England,http://data.ordnancesurvey.co.uk/id/country/england,,,
osgb4000000026937466,http://data.ordnancesurvey.co.uk/id/4000000026937466,Peldon Drive,,,,transportNetwork,Named Road,547418,309611,1000,20000,547347,309608,547492,309621,PE13,http://data.ordnancesurvey.co.uk/id/postcodedistrict/PE13,Wisbech,http://data.ordnancesurvey.co.uk/id/4000000074551318,http://www.ordnancesurvey.co.uk/xml/codelists/localtype.xml#town,Fenland,http://data.ordnancesurvey.co.uk/id/7000000000001357,http://data.ordnancesurvey.co.uk/ontology/admingeo/District,Cambridgeshire,http://data.ordnancesurvey.co.uk/id/7000000000001386,http://data.ordnancesurvey.co.uk/ontology/admingeo/County,Eastern,http://data.ordnancesurvey.co.uk/id/7000000000041425,England,http://data.ordnancesurvey.co.uk/id/country/england,,,
osgb4000000026937514,http://data.ordnancesurvey.co.uk/id/4000000026937514,Guild Road,,,,transportNetwork,Named Road,547500,310204,1000,20000,547406,310112,547502,310243,PE13,http://data.ordnancesurvey.co.uk/id/postcodedistrict/PE13,Wisbech,http://data.ordnancesurvey.co.uk/id/4000000074551318,http://www.ordnancesurvey.co.uk/xml/codelists/localtype.xml#town,Fenland,http://data.ordnancesurvey.co.uk/id/7000000000001357,http://data.ordnancesurvey.co.uk/ontology/admingeo/District,Cambridgeshire,http://data.ordnancesurvey.co.uk/id/7000000000001386,http://data.ordnancesurvey.co.uk/ontology/admingeo/County,Eastern,http://data.ordnancesurvey.co.uk/id/7000000000041425,England,http://data.ordnancesurvey.co.uk/id/country/england,,,
osgb4000000026935105,http://data.ordnancesurvey.co.uk/id/4000000026935105,Back Road,,,,transportNetwork,Named Road,546802,305637,10000,20000,546552,304742,546831,306207,PE14,http://data.ordnancesurvey.co.uk/id/postcodedistrict/PE14,Elm,http://data.ordnancesurvey.co.uk/id/4000000074341528,http://www.ordnancesurvey.co.uk/xml/codelists/localtype.xml#village,Fenland,http://data.ordnancesurvey.co.uk/id/7000000000001357,http://data.ordnancesurvey.co.uk/ontology/admingeo/District,Cambridgeshire,http://data.ordnancesurvey.co.uk/id/7000000000001386,http://data.ordnancesurvey.co.uk/ontology/admingeo/County,Eastern,http://data.ordnancesurvey.co.uk/id/7000000000041425,England,http://data.ordnancesurvey.co.uk/id/country/england,,,
osgb4000000026940358,http://data.ordnancesurvey.co.uk/id/4000000026940358,Donnington Park,,,,transportNetwork,Named Road,543625,310646,1000,20000,543619,310609,543653,310683,PE13,http://data.ordnancesurvey.co.uk/id/postcodedistrict/PE13,Leverington,http://data.ordnancesurvey.co.uk/id/4000000074551313,http://www.ordnancesurvey.co.uk/xml/codelists/localtype.xml#village,Fenland,http://data.ordnancesurvey.co.uk/id/7000000000001357,http://data.ordnancesurvey.co.uk/ontology/admingeo/District,Cambridgeshire,http://data.ordnancesurvey.co.uk/id/7000000000001386,http://data.ordnancesurvey.co.uk/ontology/admingeo/County,Eastern,http://data.ordnancesurvey.co.uk/id/7000000000041425,England,http://data.ordnancesurvey.co.uk/id/country/england,,,
osgb4000000026932447,http://data.ordnancesurvey.co.uk/id/4000000026932447,Lynn Road,,,,transportNetwork,Named Road,555529,316346,9000,20000,555132,315516,556283,316902,PE34,http://data.ordnancesurvey.co.uk/id/postcodedistrict/PE34,,,,King's Lynn and West Norfolk,http://data.ordnancesurvey.co.uk/id/7000000000007016,http://data.ordnancesurvey.co.uk/ontology/admingeo/District,Norfolk,http://data.ordnancesurvey.co.uk/id/7000000000007238,http://data.ordnancesurvey.co.uk/ontology/admingeo/County,Eastern,http://data.ordnancesurvey.co.uk/id/7000000000041425,England,http://data.ordnancesurvey.co.uk/id/country/england,,,
osgb4000000027006043,http://data.ordnancesurvey.co.uk/id/4000000027006043,Netherby Drive,,,,transportNetwork,Named Road,547538,307543,1000,20000,547538,307494,547549,307588,PE14,http://data.ordnancesurvey.co.uk/id/postcodedistrict/PE14,Elm,http://data.ordnancesurvey.co.uk/id/4000000074341528,http://www.ordnancesurvey.co.uk/xml/codelists/localtype.xml#village,King's Lynn and West Norfolk,http://data.ordnancesurvey.co.uk/id/7000000000007016,http://data.ordnancesurvey.co.uk/ontology/admingeo/District,Norfolk,http://data.ordnancesurvey.co.uk/id/7000000000007238,http://data.ordnancesurvey.co.uk/ontology/admingeo/County,Eastern,http://data.ordnancesurvey.co.uk/id/7000000000041425,England,http://data.ordnancesurvey.co.uk/id/country/england,,,
osgb4000000027001590,http://data.ordnancesurvey.co.uk/id/4000000027001590,Bette Camplings Close,,,,transportNetwork,Named Road,540088,318400,1000,20000,540042,318358,540106,318456,PE12,http://data.ordnancesurvey.co.uk/id/postcodedistrict/PE12,Sutton St James,http://data.ordnancesurvey.co.uk/id/4000000074548771,http://www.ordnancesurvey.co.uk/xml/codelists/localtype.xml#village,South Holland,http://data.ordnancesurvey.co.uk/id/7000000000005599,http://data.ordnancesurvey.co.uk/ontology/admingeo/District,Lincolnshire,http://data.ordnancesurvey.co.uk/id/7000000000005942,http://data.ordnancesurvey.co.uk/ontology/admingeo/County,East Midlands,http://data.ordnancesurvey.co.uk/id/7000000000041423,England,http://data.ordnancesurvey.co.uk/id/country/england,,,
osgb4000000026937421,http://data.ordnancesurvey.co.uk/id/4000000026937421,Europa Way,,,,transportNetwork,Named Road,545701,308250,1000,20000,545648,308127,545802,308319,PE13,http://data.ordnancesurvey.co.uk/id/postcodedistrict/PE13,Wisbech,http://data.ordnancesurvey.co.uk/id/4000000074551318,http://www.ordnancesurvey.co.uk/xml/codelists/localtype.xml#town,Fenland,http://data.ordnancesurvey.co.uk/id/7000000000001357,http://data.ordnancesurvey.co.uk/ontology/admingeo/District,Cambridgeshire,http://data.ordnancesurvey.co.uk/id/7000000000001386,http://data.ordnancesurvey.co.uk/ontology/admingeo/County,Eastern,http://data.ordnancesurvey.co.uk/id/7000000000041425,England,http://data.ordnancesurvey.co.uk/id/country/england,,,
osgb4000000026940386,http://data.ordnancesurvey.co.uk/id/4000000026940386,Nelson Gardens,,,,transportNetwork,Named Road,546806,310183,1000,20000,546803,310121,546875,310185,PE13,http://data.ordnancesurvey.co.uk/id/postcodedistrict/PE13,Wisbech,http://data.ordnancesurvey.co.uk/id/4000000074551318,http://www.ordnancesurvey.co.uk/xml/codelists/localtype.xml#town,Fenland,http://data.ordnancesurvey.co.uk/id/7000000000001357,http://data.ordnancesurvey.co.uk/ontology/admingeo/District,Cambridgeshire,http://data.ordnancesurvey.co.uk/id/7000000000001386,http://data.ordnancesurvey.co.uk/ontology/admingeo/County,Eastern,http://data.ordnancesurvey.co.uk/id/7000000000041425,England,http://data.ordnancesurvey.co.uk/id/country/england,,,
2d753156-5179-43bd-a125-291b18a1724d,http://data.ordnancesurvey.co.uk/id/2d753156-5179-43bd-a125-291b18a1724d,Wolf Lane,,,,transportNetwork,Section Of Named Road,542092,311719,2000,25000,542092,311567,542108,311893,PE13,http://data.ordnancesurvey.co.uk/id/postcodedistrict/PE13,Gorefield,http://data.ordnancesurvey.co.uk/id/4000000074551667,http://www.ordnancesurvey.co.uk/xml/codelists/localtype.xml#village,Fenland,http://data.ordnancesurvey.co.uk/id/7000000000001357,http://data.ordnancesurvey.co.uk/ontology/admingeo/District,Cambridgeshire,http://data.ordnancesurvey.co.uk/id/7000000000001386,http://data.ordnancesurvey.co.uk/ontology/admingeo/County,Eastern,http://data.ordnancesurvey.co.uk/id/7000000000041425,England,http://data.ordnancesurvey.co.uk/id/country/england,osgb4000000026932284,,
132c3605-dc81-4cac-982c-8917c36bd7d1,http://data.ordnancesurvey.co.uk/id/132c3605-dc81-4cac-982c-8917c36bd7d1,Draw Dike,,,,transportNetwork,Section Of Named Road,543445,318738,1000,25000,543379,318728,543489,318742,PE13,http://data.ordnancesurvey.co.uk/id/postcodedistrict/PE13,Tydd St Mary,http://data.ordnancesurvey.co.uk/id/4000000074548410,http://www.ordnancesurvey.co.uk/xml/codelists/localtype.xml#village,South Holland,http://data.ordnancesurvey.co.uk/id/7000000000005599,http://data.ordnancesurvey.co.uk/ontology/admingeo/District,Lincolnshire,http://data.ordnancesurvey.co.uk/id/7000000000005942,http://data.ordnancesurvey.co.uk/ontology/admingeo/County,East Midlands,http://data.ordnancesurvey.co.uk/id/7000000000041423,England,http://data.ordnancesurvey.co.uk/id/country/england,osgb4000000026935211,,
osgb4000000026933546,http://data.ordnancesurvey.co.uk/id/4000000026933546,Ferry Lane,,,,transportNetwork,Named Road,545270,314114,5000,20000,544834,314079,545674,314214,PE13,http://data.ordnancesurvey.co.uk/id/postcodedistrict/PE13,,,,Fenland,http://data.ordnancesurvey.co.uk/id/7000000000001357,http://data.ordnancesurvey.co.uk/ontology/admingeo/District,Cambridgeshire,http://data.ordnancesurvey.co.uk/id/7000000000001386,http://data.ordnancesurvey.co.uk/ontology/admingeo/County,Eastern,http://data.ordnancesurvey.co.uk/id/7000000000041425,England,http://data.ordnancesurvey.co.uk/id/country/england,,,
857dbb25-1c15-4135-9cfe-3b873230dbfa,http://data.ordnancesurvey.co.uk/id/857dbb25-1c15-4135-9cfe-3b873230dbfa,B1169,,,,transportNetwork,Section Of Numbered Road,544917,310688,3000,25000,544644,310594,545156,310790,PE13,http://data.ordnancesurvey.co.uk/id/postcodedistrict/PE13,Wisbech,http://data.ordnancesurvey.co.uk/id/4000000074551318,http://www.ordnancesurvey.co.uk/xml/codelists/localtype.xml#town,Fenland,http://data.ordnancesurvey.co.uk/id/7000000000001357,http://data.ordnancesurvey.co.uk/ontology/admingeo/District,Cambridgeshire,http://data.ordnancesurvey.co.uk/id/7000000000001386,http://data.ordnancesurvey.co.uk/ontology/admingeo/County,Eastern,http://data.ordnancesurvey.co.uk/id/7000000000041425,England,http://data.ordnancesurvey.co.uk/id/country/england,osgb4000000026943998,,
osgb4000000026935295,http://data.ordnancesurvey.co.uk/id/4000000026935295,School Road,,,,transportNetwork,Named Road,556185,317000,3000,20000,556158,316828,556230,317274,PE34,http://data.ordnancesurvey.co.uk/id/postcodedistrict/PE34,Tilney High End,http://data.ordnancesurvey.co.uk/id/4000000074550940,http://www.ordnancesurvey.co.uk/xml/codelists/localtype.xml#village,King's Lynn and West Norfolk,http://data.ordnancesurvey.co.uk/id/7000000000007016,http://data.ordnancesurvey.co.uk/ontology/admingeo/District,Norfolk,http://data.ordnancesurvey.co.uk/id/7000000000007238,http://data.ordnancesurvey.co.uk/ontology/admingeo/County,Eastern,http://data.ordnancesurvey.co.uk/id/7000000000041425,England,http://data.ordnancesurvey.co.uk/id/country/england,,,
osgb4000000026933585,http://data.ordnancesurvey.co.uk/id/4000000026933585,Roper's Lane,,,,transportNetwork,Named Road,540422,318786,5000,20000,540146,318447,540639,319197,PE12,http://data.ordnancesurvey.co.uk/id/postcodedistrict/PE12,,,,South Holland,http://data.ordnancesurvey.co.uk/id/7000000000005599,http://data.ordnancesurvey.co.uk/ontology/admingeo/District,Lincolnshire,http://data.ordnancesurvey.co.uk/id/7000000000005942,http://data.ordnancesurvey.co.uk/ontology/admingeo/County,East Midlands,http://data.ordnancesurvey.co.uk/id/7000000000041423,England,http://data.ordnancesurvey.co.uk/id/country/england,,,
osgb4000000026933598,http://data.ordnancesurvey.co.uk/id/4000000026933598,Greendyke,,,,transportNetwork,Named Road,543790,319243,7000,20000,543248,318711,544007,319733,PE13,http://data.ordnancesurvey.co.uk/id/postcodedistrict/PE13,Tydd St Mary,http://data.ordnancesurvey.co.uk/id/4000000074548410,http://www.ordnancesurvey.co.uk/xml/codelists/localtype.xml#village,South Holland,http://data.ordnancesurvey.co.uk/id/7000000000005599,http://data.ordnancesurvey.co.uk/ontology/admingeo/District,Lincolnshire,http://data.ordnancesurvey.co.uk/id/7000000000005942,http://data.ordnancesurvey.co.uk/ontology/admingeo/County,East Midlands,http://data.ordnancesurvey.co.uk/id/7000000000041423,England,http://data.ordnancesurvey.co.uk/id/country/england,,,
osgb4000000026942733,http://data.ordnancesurvey.co.uk/id/4000000026942733,Redwing Drive,,,,transportNetwork,Named Road,546654,308183,1000,20000,546653,308144,546672,308218,PE13,http://data.ordnancesurvey.co.uk/id/postcodedistrict/PE13,Wisbech,http://data.ordnancesurvey.co.uk/id/4000000074551318,http://www.ordnancesurvey.co.uk/xml/codelists/localtype.xml#town,Fenland,http://data.ordnancesurvey.co.uk/id/7000000000001357,http://data.ordnancesurvey.co.uk/ontology/admingeo/District,Cambridgeshire,http://data.ordnancesurvey.co.uk/id/7000000000001386,http://data.ordnancesurvey.co.uk/ontology/admingeo/County,Eastern,http://data.ordnancesurvey.co.uk/id/7000000000041425,England,http://data.ordnancesurvey.co.uk/id/country/england,,,
osgb4000000026935156,http://data.ordnancesurvey.co.uk/id/4000000026935156,North End,,,,transportNetwork,Named Road,545968,310175,2000,20000,545908,309997,546058,310372,PE13,http://data.ordnancesurvey.co.uk/id/postcodedistrict/PE13,Wisbech,http://data.ordnancesurvey.co.uk/id/4000000074551318,http://www.ordnancesurvey.co.uk/xml/codelists/localtype.xml#town,Fenland,http://data.ordnancesurvey.co.uk/id/7000000000001357,http://data.ordnancesurvey.co.uk/ontology/admingeo/District,Cambridgeshire,http://data.ordnancesurvey.co.uk/id/7000000000001386,http://data.ordnancesurvey.co.uk/ontology/admingeo/County,Eastern,http://data.ordnancesurvey.co.uk/id/7000000000041425,England,http://data.ordnancesurvey.co.uk/id/country/england,,,
osgb4000000026931730,http://data.ordnancesurvey.co.uk/id/4000000026931730,Goredike Bank,,,,transportNetwork,Named Road,540674,312557,20000,21000,539088,311767,542365,312863,PE13,http://data.ordnancesurvey.co.uk/id/postcodedistrict/PE13,,,,Fenland,http://data.ordnancesurvey.co.uk/id/7000000000001357,http://data.ordnancesurvey.co.uk/ontology/admingeo/District,Cambridgeshire,http://data.ordnancesurvey.co.uk/id/7000000000001386,http://data.ordnancesurvey.co.uk/ontology/admingeo/County,Eastern,http://data.ordnancesurvey.co.uk/id/7000000000041425,England,http://data.ordnancesurvey.co.uk/id/country/england,,,
osgb4000000026935178,http://data.ordnancesurvey.co.uk/id/4000000026935178,Windsor Drive,,,,transportNetwork,Named Road,546961,311192,2000,20000,546834,311141,547107,311194,PE13,http://data.ordnancesurvey.co.uk/id/postcodedistrict/PE13,Wisbech,http://data.ordnancesurvey.co.uk/id/4000000074551318,http://www.ordnancesurvey.co.uk/xml/codelists/localtype.xml#town,Fenland,http://data.ordnancesurvey.co.uk/id/7000000000001357,http://data.ordnancesurvey.co.uk/ontology/admingeo/District,Cambridgeshire,http://data.ordnancesurvey.co.uk/id/7000000000001386,http://data.ordnancesurvey.co.uk/ontology/admingeo/County,Eastern,http://data.ordnancesurvey.co.uk/id/7000000000041425,England,http://data.ordnancesurvey.co.uk/id/country/england,,,
dc7f10bf-41ec-4909-b1f1-5850ebe11605,http://data.ordnancesurvey.co.uk/id/dc7f10bf-41ec-4909-b1f1-5850ebe11605,Meadowgate Lane,,,,transportNetwork,Section Of Named Road,547315,308636,4000,25000,547198,308312,547469,308996,PE13,http://data.ordnancesurvey.co.uk/id/postcodedistrict/PE13,Wisbech,http://data.ordnancesurvey.co.uk/id/4000000074551318,http://www.ordnancesurvey.co.uk/xml/codelists/localtype.xml#town,King's Lynn and West Norfolk,http://data.ordnancesurvey.co.uk/id/7000000000007016,http://data.ordnancesurvey.co.uk/ontology/admingeo/District,Norfolk,http://data.ordnancesurvey.co.uk/id/7000000000007238,http://data.ordnancesurvey.co.uk/ontology/admingeo/County,Eastern,http://data.ordnancesurvey.co.uk/id/7000000000041425,England,http://data.ordnancesurvey.co.uk/id/country/england,osgb4000000026933511,,
osgb4000000026940410,http://data.ordnancesurvey.co.uk/id/4000000026940410,Pendula Road,,,,transportNetwork,Named Road,547598,310882,1000,20000,547486,310814,547616,310933,PE13,http://data.ordnancesurvey.co.uk/id/postcodedistrict/PE13,Wisbech,http://data.ordnancesurvey.co.uk/id/4000000074551318,http://www.ordnancesurvey.co.uk/xml/codelists/localtype.xml#town,Fenland,http://data.ordnancesurvey.co.uk/id/7000000000001357,http://data.ordnancesurvey.co.uk/ontology/admingeo/District,Cambridgeshire,http://data.ordnancesurvey.co.uk/id/7000000000001386,http://data.ordnancesurvey.co.uk/ontology/admingeo/County,Eastern,http://data.ordnancesurvey.co.uk/id/7000000000041425,England,http://data.ordnancesurvey.co.uk/id/country/england,,,
osgb4000000026975547,http://data.ordnancesurvey.co.uk/id/4000000026975547,The Cottons,,,,transportNetwork,Named Road,550386,303883,3000,20000,550278,303655,550399,304098,PE14,http://data.ordnancesurvey.co.uk/id/postcodedistrict/PE14,,,,King's Lynn and West Norfolk,http://data.ordnancesurvey.co.uk/id/7000000000007016,http://data.ordnancesurvey.co.uk/ontology/admingeo/District,Norfolk,http://data.ordnancesurvey.co.uk/id/7000000000007238,http://data.ordnancesurvey.co.uk/ontology/admingeo/County,Eastern,http://data.ordnancesurvey.co.uk/id/7000000000041425,England,http://data.ordnancesurvey.co.uk/id/country/england,,,
osgb4000000027005397,http://data.ordnancesurvey.co.uk/id/4000000027005397,Glendon Gardens,,,,transportNetwork,Named Road,545092,310969,1000,20000,545074,310906,545177,311060,PE13,http://data.ordnancesurvey.co.uk/id/postcodedistrict/PE13,Wisbech,http://data.ordnancesurvey.co.uk/id/4000000074551318,http://www.ordnancesurvey.co.uk/xml/codelists/localtype.xml#town,Fenland,http://data.ordnancesurvey.co.uk/id/7000000000001357,http://data.ordnancesurvey.co.uk/ontology/admingeo/District,Cambridgeshire,http://data.ordnancesurvey.co.uk/id/7000000000001386,http://data.ordnancesurvey.co.uk/ontology/admingeo/County,Eastern,http://data.ordnancesurvey.co.uk/id/7000000000041425,England,http://data.ordnancesurvey.co.uk/id/country/england,,,
9532606f-65c1-4eb4-b374-3dcbfda4615e,http://data.ordnancesurvey.co.uk/id/9532606f-65c1-4eb4-b374-3dcbfda4615e,School Road,,,,transportNetwork,Section Of Named Road,548827,313110,5000,25000,548471,313021,549167,313142,PE14,http://data.ordnancesurvey.co.uk/id/postcodedistrict/PE14,Walton Highway,http://data.ordnancesurvey.co.uk/id/4000000074552040,http://www.ordnancesurvey.co.uk/xml/codelists/localtype.xml#village,King's Lynn and West Norfolk,http://data.ordnancesurvey.co.uk/id/7000000000007016,http://data.ordnancesurvey.co.uk/ontology/admingeo/District,Norfolk,http://data.ordnancesurvey.co.uk/id/7000000000007238,http://data.ordnancesurvey.co.uk/ontology/admingeo/County,Eastern,http://data.ordnancesurvey.co.uk/id/7000000000041425,England,http://data.ordnancesurvey.co.uk/id/country/england,osgb4000000026931768,,
osgb4000000026940478,http://data.ordnancesurvey.co.uk/id/4000000026940478,Fold Lane,,,,transportNetwork,Named Road,542818,316532,1000,20000,542790,316520,542869,316560,PE13,http://data.ordnancesurvey.co.uk/id/postcodedistrict/PE13,Tydd St Giles,http://data.ordnancesurvey.co.uk/id/4000000074548770,http://www.ordnancesurvey.co.uk/xml/codelists/localtype.xml#village,Fenland,http://data.ordnancesurvey.co.uk/id/7000000000001357,http://data.ordnancesurvey.co.uk/ontology/admingeo/District,Cambridgeshire,http://data.ordnancesurvey.co.uk/id/7000000000001386,http://data.ordnancesurvey.co.uk/ontology/admingeo/County,Eastern,http://data.ordnancesurvey.co.uk/id/7000000000041425,England,http://data.ordnancesurvey.co.uk/id/country/england,,,
osgb4000000074732769,http://data.ordnancesurvey.co.uk/id/4000000074732769,Goshold Field,,,,landcover,Other Landcover,554400,318182,3000,1300000,554145,317932,554656,318432,PE34,http://data.ordnancesurvey.co.uk/id/postcodedistrict/PE34,,,,King's Lynn and West Norfolk,http://data.ordnancesurvey.co.uk/id/7000000000007016,http://data.ordnancesurvey.co.uk/ontology/admingeo/District,Norfolk,http://data.ordnancesurvey.co.uk/id/7000000000007238,http://data.ordnancesurvey.co.uk/ontology/admingeo/County,Eastern,http://data.ordnancesurvey.co.uk/id/7000000000041425,England,http://data.ordnancesurvey.co.uk/id/country/england,,,
osgb4000000074732304,http://data.ordnancesurvey.co.uk/id/4000000074732304,Needham Hall Field,,,,landcover,Other Landcover,548277,304029,15000,1300000,547155,302883,549398,305186,PE14,http://data.ordnancesurvey.co.uk/id/postcodedistrict/PE14,,,,Fenland,http://data.ordnancesurvey.co.uk/id/7000000000001357,http://data.ordnancesurvey.co.uk/ontology/admingeo/District,Cambridgeshire,http://data.ordnancesurvey.co.uk/id/7000000000001386,http://data.ordnancesurvey.co.uk/ontology/admingeo/County,Eastern,http://data.ordnancesurvey.co.uk/id/7000000000041425,England,http://data.ordnancesurvey.co.uk/id/country/england,,,
osgb4000000074732294,http://data.ordnancesurvey.co.uk/id/4000000074732294,First Frith Field,,,,landcover,Other Landcover,556216,318323,9000,1300000,555649,317707,556784,319016,PE34,http://data.ordnancesurvey.co.uk/id/postcodedistrict/PE34,,,,King's Lynn and West Norfolk,http://data.ordnancesurvey.co.uk/id/7000000000007016,http://data.ordnancesurvey.co.uk/ontology/admingeo/District,Norfolk,http://data.ordnancesurvey.co.uk/id/7000000000007238,http://data.ordnancesurvey.co.uk/ontology/admingeo/County,Eastern,http://data.ordnancesurvey.co.uk/id/7000000000041425,England,http://data.ordnancesurvey.co.uk/id/country/england,,,
osgb4000000074733293,http://data.ordnancesurvey.co.uk/id/4000000074733293,The Common,,,,landcover,Other Landcover,549637,312396,5000,1300000,549240,311973,550033,312790,PE14,http://data.ordnancesurvey.co.uk/id/postcodedistrict/PE14,,,,King's Lynn and West Norfolk,http://data.ordnancesurvey.co.uk/id/7000000000007016,http://data.ordnancesurvey.co.uk/ontology/admingeo/District,Norfolk,http://data.ordnancesurvey.co.uk/id/7000000000007238,http://data.ordnancesurvey.co.uk/ontology/admingeo/County,Eastern,http://data.ordnancesurvey.co.uk/id/7000000000041425,England,http://data.ordnancesurvey.co.uk/id/country/england,,,
osgb4000000074732779,http://data.ordnancesurvey.co.uk/id/4000000074732779,Ryland Field,,,,landcover,Other Landcover,540506,315380,4000,1300000,540189,315091,540822,315673,PE13,http://data.ordnancesurvey.co.uk/id/postcodedistrict/PE13,,,,Fenland,http://data.ordnancesurvey.co.uk/id/7000000000001357,http://data.ordnancesurvey.co.uk/ontology/admingeo/District,Cambridgeshire,http://data.ordnancesurvey.co.uk/id/7000000000001386,http://data.ordnancesurvey.co.uk/ontology/admingeo/County,Eastern,http://data.ordnancesurvey.co.uk/id/7000000000041425,England,http://data.ordnancesurvey.co.uk/id/country/england,,,
osgb4000000074732619,http://data.ordnancesurvey.co.uk/id/4000000074732619,Pindars Newland Field,,,,landcover,Other Landcover,554224,315805,14000,1300000,553700,314560,554749,316699,PE14,http://data.ordnancesurvey.co.uk/id/postcodedistrict/PE14,,,,King's Lynn and West Norfolk,http://data.ordnancesurvey.co.uk/id/7000000000007016,http://data.ordnancesurvey.co.uk/ontology/admingeo/District,Norfolk,http://data.ordnancesurvey.co.uk/id/7000000000007238,http://data.ordnancesurvey.co.uk/ontology/admingeo/County,Eastern,http://data.ordnancesurvey.co.uk/id/7000000000041425,England,http://data.ordnancesurvey.co.uk/id/country/england,,,
osgb4000000074733449,http://data.ordnancesurvey.co.uk/id/4000000074733449,Sea Field,,,,landcover,Other Landcover,544227,312264,7000,1300000,543962,311739,544491,312836,PE13,http://data.ordnancesurvey.co.uk/id/postcodedistrict/PE13,,,,Fenland,http://data.ordnancesurvey.co.uk/id/7000000000001357,http://data.ordnancesurvey.co.uk/ontology/admingeo/District,Cambridgeshire,http://data.ordnancesurvey.co.uk/id/7000000000001386,http://data.ordnancesurvey.co.uk/ontology/admingeo/County,Eastern,http://data.ordnancesurvey.co.uk/id/7000000000041425,England,http://data.ordnancesurvey.co.uk/id/country/england,,,
osgb4000000074595022,http://data.ordnancesurvey.co.uk/id/4000000074595022,Plaw Field,,,,landcover,Other Landcover,550593,301460,14000,1300000,549650,300505,551536,302584,PE14,http://data.ordnancesurvey.co.uk/id/postcodedistrict/PE14,,,,King's Lynn and West Norfolk,http://data.ordnancesurvey.co.uk/id/7000000000007016,http://data.ordnancesurvey.co.uk/ontology/admingeo/District,Norfolk,http://data.ordnancesurvey.co.uk/id/7000000000007238,http://data.ordnancesurvey.co.uk/ontology/admingeo/County,Eastern,http://data.ordnancesurvey.co.uk/id/7000000000041425,England,http://data.ordnancesurvey.co.uk/id/country/england,,,
osgb4000000074733277,http://data.ordnancesurvey.co.uk/id/4000000074733277,Stow Bardolph Fen,,,,landcover,Other Landcover,555935,303716,44000,1300000,553143,301072,559858,306359,PE38,http://data.ordnancesurvey.co.uk/id/postcodedistrict/PE38,,,,King's Lynn and West Norfolk,http://data.ordnancesurvey.co.uk/id/7000000000007016,http://data.ordnancesurvey.co.uk/ontology/admingeo/District,Norfolk,http://data.ordnancesurvey.co.uk/id/7000000000007238,http://data.ordnancesurvey.co.uk/ontology/admingeo/County,Eastern,http://data.ordnancesurvey.co.uk/id/7000000000041425,England,http://data.ordnancesurvey.co.uk/id/country/england,,,
osgb4000000074732939,http://data.ordnancesurvey.co.uk/id/4000000074732939,Fenland Field,,,,landcover,Other Landcover,544379,308718,9000,1300000,543747,308122,545145,309313,PE13,http://data.ordnancesurvey.co.uk/id/postcodedistrict/PE13,,,,Fenland,http://data.ordnancesurvey.co.uk/id/7000000000001357,http://data.ordnancesurvey.co.uk/ontology/admingeo/District,Cambridgeshire,http://data.ordnancesurvey.co.uk/id/7000000000001386,http://data.ordnancesurvey.co.uk/ontology/admingeo/County,Eastern,http://data.ordnancesurvey.co.uk/id/7000000000041425,England,http://data.ordnancesurvey.co.uk/id/country/england,,,
osgb4000000074732135,http://data.ordnancesurvey.co.uk/id/4000000074732135,Salgate Field,,,,landcover,Other Landcover,556490,315957,11000,1300000,555596,315341,557305,316573,PE34,http://data.ordnancesurvey.co.uk/id/postcodedistrict/PE34,,,,King's Lynn and West Norfolk,http://data.ordnancesurvey.co.uk/id/7000000000007016,http://data.ordnancesurvey.co.uk/ontology/admingeo/District,Norfolk,http://data.ordnancesurvey.co.uk/id/7000000000007238,http://data.ordnancesurvey.co.uk/ontology/admingeo/County,Eastern,http://data.ordnancesurvey.co.uk/id/7000000000041425,England,http://data.ordnancesurvey.co.uk/id/country/england,,,
osgb4000000074733763,http://data.ordnancesurvey.co.uk/id/4000000074733763,North Field,,,,landcover,Other Landcover,550461,307841,13000,1300000,549542,307224,551507,308457,PE14,http://data.ordnancesurvey.co.uk/id/postcodedistrict/PE14,,,,King's Lynn and West Norfolk,http://data.ordnancesurvey.co.uk/id/7000000000007016,http://data.ordnancesurvey.co.uk/ontology/admingeo/District,Norfolk,http://data.ordnancesurvey.co.uk/id/7000000000007238,http://data.ordnancesurvey.co.uk/ontology/admingeo/County,Eastern,http://data.ordnancesurvey.co.uk/id/7000000000041425,England,http://data.ordnancesurvey.co.uk/id/country/england,,,
osgb4000000074732941,http://data.ordnancesurvey.co.uk/id/4000000074732941,Dunton Field,,,,landcover,Other Landcover,541326,316772,12000,1300000,540768,316050,542656,317495,PE13,http://data.ordnancesurvey.co.uk/id/postcodedistrict/PE13,,,,South Holland,http://data.ordnancesurvey.co.uk/id/7000000000005599,http://data.ordnancesurvey.co.uk/ontology/admingeo/District,Lincolnshire,http://data.ordnancesurvey.co.uk/id/7000000000005942,http://data.ordnancesurvey.co.uk/ontology/admingeo/County,East Midlands,http://data.ordnancesurvey.co.uk/id/7000000000041423,England,http://data.ordnancesurvey.co.uk/id/country/england,,,
osgb4000000074733104,http://data.ordnancesurvey.co.uk/id/4000000074733104,Worm Field,,,,landcover,Other Landcover,551049,317422,10000,1300000,550430,316784,551668,318302,PE14,http://data.ordnancesurvey.co.uk/id/postcodedistrict/PE14,,,,King's Lynn and West Norfolk,http://data.ordnancesurvey.co.uk/id/7000000000007016,http://data.ordnancesurvey.co.uk/ontology/admingeo/District,Norfolk,http://data.ordnancesurvey.co.uk/id/7000000000007238,http://data.ordnancesurvey.co.uk/ontology/admingeo/County,Eastern,http://data.ordnancesurvey.co.uk/id/7000000000041425,England,http://data.ordnancesurvey.co.uk/id/country/england,,,
osgb4000000026940326,http://data.ordnancesurvey.co.uk/id/4000000026940326,Post Office Lane,,,,transportNetwork,Named Road,546068,309575,1000,20000,546060,309563,546083,309614,PE13,http://data.ordnancesurvey.co.uk/id/postcodedistrict/PE13,Wisbech,http://data.ordnancesurvey.co.uk/id/4000000074551318,http://www.ordnancesurvey.co.uk/xml/codelists/localtype.xml#town,Fenland,http://data.ordnancesurvey.co.uk/id/7000000000001357,http://data.ordnancesurvey.co.uk/ontology/admingeo/District,Cambridgeshire,http://data.ordnancesurvey.co.uk/id/7000000000001386,http://data.ordnancesurvey.co.uk/ontology/admingeo/County,Eastern,http://data.ordnancesurvey.co.uk/id/7000000000041425,England,http://data.ordnancesurvey.co.uk/id/country/england,,,
osgb4000000026975545,http://data.ordnancesurvey.co.uk/id/4000000026975545,Downham Road,,,,transportNetwork,Named Road,554050,302253,20000,34000,551423,300961,556711,303665,PE14,http://data.ordnancesurvey.co.uk/id/postcodedistrict/PE14,,,,King's Lynn and West Norfolk,http://data.ordnancesurvey.co.uk/id/7000000000007016,http://data.ordnancesurvey.co.uk/ontology/admingeo/District,Norfolk,http://data.ordnancesurvey.co.uk/id/7000000000007238,http://data.ordnancesurvey.co.uk/ontology/admingeo/County,Eastern,http://data.ordnancesurvey.co.uk/id/7000000000041425,England,http://data.ordnancesurvey.co.uk/id/country/england,,,
osgb4000000026940554,http://data.ordnancesurvey.co.uk/id/4000000026940554,Britch Lane,,,,transportNetwork,Named Road,553467,317351,8000,20000,553285,316722,553618,318019,PE34,http://data.ordnancesurvey.co.uk/id/postcodedistrict/PE34,,,,King's Lynn and West Norfolk,http://data.ordnancesurvey.co.uk/id/7000000000007016,http://data.ordnancesurvey.co.uk/ontology/admingeo/District,Norfolk,http://data.ordnancesurvey.co.uk/id/7000000000007238,http://data.ordnancesurvey.co.uk/ontology/admingeo/County,Eastern,http://data.ordnancesurvey.co.uk/id/7000000000041425,England,http://data.ordnancesurvey.co.uk/id/country/england,,,
osgb4000000026935142,http://data.ordnancesurvey.co.uk/id/4000000026935142,Green Lane,,,,transportNetwork,Named Road,548080,308907,4000,20000,547817,308878,548401,309270,PE14,http://data.ordnancesurvey.co.uk/id/postcodedistrict/PE14,,,,King's Lynn and West Norfolk,http://data.ordnancesurvey.co.uk/id/7000000000007016,http://data.ordnancesurvey.co.uk/ontology/admingeo/District,Norfolk,http://data.ordnancesurvey.co.uk/id/7000000000007238,http://data.ordnancesurvey.co.uk/ontology/admingeo/County,Eastern,http://data.ordnancesurvey.co.uk/id/7000000000041425,England,http://data.ordnancesurvey.co.uk/id/country/england,,,
osgb4000000026940357,http://data.ordnancesurvey.co.uk/id/4000000026940357,Short Lane,,,,transportNetwork,Named Road,543806,310644,1000,20000,543806,310591,543816,310644,PE13,http://data.ordnancesurvey.co.uk/id/postcodedistrict/PE13,Leverington,http://data.ordnancesurvey.co.uk/id/4000000074551313,http://www.ordnancesurvey.co.uk/xml/codelists/localtype.xml#village,Fenland,http://data.ordnancesurvey.co.uk/id/7000000000001357,http://data.ordnancesurvey.co.uk/ontology/admingeo/District,Cambridgeshire,http://data.ordnancesurvey.co.uk/id/7000000000001386,http://data.ordnancesurvey.co.uk/ontology/admingeo/County,Eastern,http://data.ordnancesurvey.co.uk/id/7000000000041425,England,http://data.ordnancesurvey.co.uk/id/country/england,,,
d1b1295a-451b-43b5-b0a6-9f03fbaa3516,http://data.ordnancesurvey.co.uk/id/d1b1295a-451b-43b5-b0a6-9f03fbaa3516,Church Road,,,,transportNetwork,Section Of Named Road,556737,317865,5000,25000,556559,317603,556799,318335,PE34,http://data.ordnancesurvey.co.uk/id/postcodedistrict/PE34,Tilney All Saints,http://data.ordnancesurvey.co.uk/id/4000000074550578,http://www.ordnancesurvey.co.uk/xml/codelists/localtype.xml#village,King's Lynn and West Norfolk,http://data.ordnancesurvey.co.uk/id/7000000000007016,http://data.ordnancesurvey.co.uk/ontology/admingeo/District,Norfolk,http://data.ordnancesurvey.co.uk/id/7000000000007238,http://data.ordnancesurvey.co.uk/ontology/admingeo/County,Eastern,http://data.ordnancesurvey.co.uk/id/7000000000041425,England,http://data.ordnancesurvey.co.uk/id/country/england,osgb4000000026932452,,
osgb4000000026937479,http://data.ordnancesurvey.co.uk/id/4000000026937479,Walsingham Court,,,,transportNetwork,Named Road,545365,310924,1000,20000,545309,310862,545377,310966,PE13,http://data.ordnancesurvey.co.uk/id/postcodedistrict/PE13,Wisbech,http://data.ordnancesurvey.co.uk/id/4000000074551318,http://www.ordnancesurvey.co.uk/xml/codelists/localtype.xml#town,Fenland,http://data.ordnancesurvey.co.uk/id/7000000000001357,http://data.ordnancesurvey.co.uk/ontology/admingeo/District,Cambridgeshire,http://data.ordnancesurvey.co.uk/id/7000000000001386,http://data.ordnancesurvey.co.uk/ontology/admingeo/County,Eastern,http://data.ordnancesurvey.co.uk/id/7000000000041425,England,http://data.ordnancesurvey.co.uk/id/country/england,,,
osgb4000000026943891,http://data.ordnancesurvey.co.uk/id/4000000026943891,Kirkgate,,,,transportNetwork,Named Road,543210,316557,6000,20000,542682,316549,543604,316590,PE13,http://data.ordnancesurvey.co.uk/id/postcodedistrict/PE13,Tydd St Giles,http://data.ordnancesurvey.co.uk/id/4000000074548770,http://www.ordnancesurvey.co.uk/xml/codelists/localtype.xml#village,Fenland,http://data.ordnancesurvey.co.uk/id/7000000000001357,http://data.ordnancesurvey.co.uk/ontology/admingeo/District,Cambridgeshire,http://data.ordnancesurvey.co.uk/id/7000000000001386,http://data.ordnancesurvey.co.uk/ontology/admingeo/County,Eastern,http://data.ordnancesurvey.co.uk/id/7000000000041425,England,http://data.ordnancesurvey.co.uk/id/country/england,,,
osgb4000000026937430,http://data.ordnancesurvey.co.uk/id/4000000026937430,Heron Road,,,,transportNetwork,Named Road,546694,308348,1000,20000,546615,308217,546760,308419,PE13,http://data.ordnancesurvey.co.uk/id/postcodedistrict/PE13,Wisbech,http://data.ordnancesurvey.co.uk/id/4000000074551318,http://www.ordnancesurvey.co.uk/xml/codelists/localtype.xml#town,Fenland,http://data.ordnancesurvey.co.uk/id/7000000000001357,http://data.ordnancesurvey.co.uk/ontology/admingeo/District,Cambridgeshire,http://data.ordnancesurvey.co.uk/id/7000000000001386,http://data.ordnancesurvey.co.uk/ontology/admingeo/County,Eastern,http://data.ordnancesurvey.co.uk/id/7000000000041425,England,http://data.ordnancesurvey.co.uk/id/country/england,,,
osgb4000000026933593,http://data.ordnancesurvey.co.uk/id/4000000026933593,Sutton Road,,,,transportNetwork,Named Road,544834,314214,20000,48000,544751,310596,545251,317933,PE13,http://data.ordnancesurvey.co.uk/id/postcodedistrict/PE13,,,,Fenland,http://data.ordnancesurvey.co.uk/id/7000000000001357,http://data.ordnancesurvey.co.uk/ontology/admingeo/District,Cambridgeshire,http://data.ordnancesurvey.co.uk/id/7000000000001386,http://data.ordnancesurvey.co.uk/ontology/admingeo/County,Eastern,http://data.ordnancesurvey.co.uk/id/7000000000041425,England,http://data.ordnancesurvey.co.uk/id/country/england,,,
osgb4000000026932229,http://data.ordnancesurvey.co.uk/id/4000000026932229,Pincushion Drove,,,,transportNetwork,Named Road,554408,303070,12000,20000,553433,302745,555338,303400,PE14,http://data.ordnancesurvey.co.uk/id/postcodedistrict/PE14,,,,King's Lynn and West Norfolk,http://data.ordnancesurvey.co.uk/id/7000000000007016,http://data.ordnancesurvey.co.uk/ontology/admingeo/District,Norfolk,http://data.ordnancesurvey.co.uk/id/7000000000007238,http://data.ordnancesurvey.co.uk/ontology/admingeo/County,Eastern,http://data.ordnancesurvey.co.uk/id/7000000000041425,England,http://data.ordnancesurvey.co.uk/id/country/england,,,
osgb4000000026933595,http://data.ordnancesurvey.co.uk/id/4000000026933595,Station Road,,,,transportNetwork,Named Road,545361,317947,4000,20000,545068,317883,545640,317975,PE13,http://data.ordnancesurvey.co.uk/id/postcodedistrict/PE13,Tydd Gote,http://data.ordnancesurvey.co.uk/id/4000000074548409,http://www.ordnancesurvey.co.uk/xml/codelists/localtype.xml#village,South Holland,http://data.ordnancesurvey.co.uk/id/7000000000005599,http://data.ordnancesurvey.co.uk/ontology/admingeo/District,Lincolnshire,http://data.ordnancesurvey.co.uk/id/7000000000005942,http://data.ordnancesurvey.co.uk/ontology/admingeo/County,East Midlands,http://data.ordnancesurvey.co.uk/id/7000000000041423,England,http://data.ordnancesurvey.co.uk/id/country/england,,,
osgb4000000026935147,http://data.ordnancesurvey.co.uk/id/4000000026935147,Peatlings Lane,,,,transportNetwork,Named Road,545356,310796,3000,20000,545148,310791,545542,310830,PE13,http://data.ordnancesurvey.co.uk/id/postcodedistrict/PE13,Wisbech,http://data.ordnancesurvey.co.uk/id/4000000074551318,http://www.ordnancesurvey.co.uk/xml/codelists/localtype.xml#town,Fenland,http://data.ordnancesurvey.co.uk/id/7000000000001357,http://data.ordnancesurvey.co.uk/ontology/admingeo/District,Cambridgeshire,http://data.ordnancesurvey.co.uk/id/7000000000001386,http://data.ordnancesurvey.co.uk/ontology/admingeo/County,Eastern,http://data.ordnancesurvey.co.uk/id/7000000000041425,England,http://data.ordnancesurvey.co.uk/id/country/england,,,
osgb4000000026931767,http://data.ordnancesurvey.co.uk/id/4000000026931767,Station Road,,,,transportNetwork,Named Road,550082,309296,11000,20000,549809,308454,550289,310175,PE14,http://data.ordnancesurvey.co.uk/id/postcodedistrict/PE14,,,,King's Lynn and West Norfolk,http://data.ordnancesurvey.co.uk/id/7000000000007016,http://data.ordnancesurvey.co.uk/ontology/admingeo/District,Norfolk,http://data.ordnancesurvey.co.uk/id/7000000000007238,http://data.ordnancesurvey.co.uk/ontology/admingeo/County,Eastern,http://data.ordnancesurvey.co.uk/id/7000000000041425,England,http://data.ordnancesurvey.co.uk/id/country/england,,,
osgb4000000026935112,http://data.ordnancesurvey.co.uk/id/4000000026935112,Enterprise Way,,,,transportNetwork,Named Road,545422,308250,2000,20000,545339,308132,545571,308495,PE14,http://data.ordnancesurvey.co.uk/id/postcodedistrict/PE14,Wisbech,http://data.ordnancesurvey.co.uk/id/4000000074551318,http://www.ordnancesurvey.co.uk/xml/codelists/localtype.xml#town,Fenland,http://data.ordnancesurvey.co.uk/id/7000000000001357,http://data.ordnancesurvey.co.uk/ontology/admingeo/District,Cambridgeshire,http://data.ordnancesurvey.co.uk/id/7000000000001386,http://data.ordnancesurvey.co.uk/ontology/admingeo/County,Eastern,http://data.ordnancesurvey.co.uk/id/7000000000041425,England,http://data.ordnancesurvey.co.uk/id/country/england,,,
osgb4000000027022170,http://data.ordnancesurvey.co.uk/id/4000000027022170,World's End Road,,,,transportNetwork,Named Road,543871,317975,4000,20000,543753,317692,543984,318282,PE13,http://data.ordnancesurvey.co.uk/id/postcodedistrict/PE13,Tydd St Mary,http://data.ordnancesurvey.co.uk/id/4000000074548410,http://www.ordnancesurvey.co.uk/xml/codelists/localtype.xml#village,South Holland,http://data.ordnancesurvey.co.uk/id/7000000000005599,http://data.ordnancesurvey.co.uk/ontology/admingeo/District,Lincolnshire,http://data.ordnancesurvey.co.uk/id/7000000000005942,http://data.ordnancesurvey.co.uk/ontology/admingeo/County,East Midlands,http://data.ordnancesurvey.co.uk/id/7000000000041423,England,http://data.ordnancesurvey.co.uk/id/country/england,,,
f0b2676e-655c-4b6c-aa41-27f3fdee7fef,http://data.ordnancesurvey.co.uk/id/f0b2676e-655c-4b6c-aa41-27f3fdee7fef,Cuckoo Road,,,,transportNetwork,Section Of Named Road,558130,304482,1000,25000,558023,304395,558205,304545,PE34,http://data.ordnancesurvey.co.uk/id/postcodedistrict/PE34,Barroway Drove,http://data.ordnancesurvey.co.uk/id/4000000074327856,http://www.ordnancesurvey.co.uk/xml/codelists/localtype.xml#village,King's Lynn and West Norfolk,http://data.ordnancesurvey.co.uk/id/7000000000007016,http://data.ordnancesurvey.co.uk/ontology/admingeo/District,Norfolk,http://data.ordnancesurvey.co.uk/id/7000000000007238,http://data.ordnancesurvey.co.uk/ontology/admingeo/County,Eastern,http://data.ordnancesurvey.co.uk/id/7000000000041425,England,http://data.ordnancesurvey.co.uk/id/country/england,osgb4000000026932411,,
osgb4000000074733109,http://data.ordnancesurvey.co.uk/id/4000000074733109,Little Burrett Field,,,,landcover,Other Landcover,548287,310614,3000,1300000,548061,310364,548561,310864,PE14,http://data.ordnancesurvey.co.uk/id/postcodedistrict/PE14,,,,King's Lynn and West Norfolk,http://data.ordnancesurvey.co.uk/id/7000000000007016,http://data.ordnancesurvey.co.uk/ontology/admingeo/District,Norfolk,http://data.ordnancesurvey.co.uk/id/7000000000007238,http://data.ordnancesurvey.co.uk/ontology/admingeo/County,Eastern,http://data.ordnancesurvey.co.uk/id/7000000000041425,England,http://data.ordnancesurvey.co.uk/id/country/england,,,
osgb4000000026933533,http://data.ordnancesurvey.co.uk/id/4000000026933533,Burrettgate Road,,,,transportNetwork,Named Road,548094,309811,5000,20000,547951,309478,548173,310202,PE14,http://data.ordnancesurvey.co.uk/id/postcodedistrict/PE14,Wisbech,http://data.ordnancesurvey.co.uk/id/4000000074551318,http://www.ordnancesurvey.co.uk/xml/codelists/localtype.xml#town,King's Lynn and West Norfolk,http://data.ordnancesurvey.co.uk/id/7000000000007016,http://data.ordnancesurvey.co.uk/ontology/admingeo/District,Norfolk,http://data.ordnancesurvey.co.uk/id/7000000000007238,http://data.ordnancesurvey.co.uk/ontology/admingeo/County,Eastern,http://data.ordnancesurvey.co.uk/id/7000000000041425,England,http://data.ordnancesurvey.co.uk/id/country/england,,,
osgb4000000074794348,http://data.ordnancesurvey.co.uk/id/4000000074794348,Old Inclosed Marsh,,,,landcover,Wetland,549983,318890,15000,15000,548658,317821,550945,319959,PE14,http://data.ordnancesurvey.co.uk/id/postcodedistrict/PE14,,,,King's Lynn and West Norfolk,http://data.ordnancesurvey.co.uk/id/7000000000007016,http://data.ordnancesurvey.co.uk/ontology/admingeo/District,Norfolk,http://data.ordnancesurvey.co.uk/id/7000000000007238,http://data.ordnancesurvey.co.uk/ontology/admingeo/County,Eastern,http://data.ordnancesurvey.co.uk/id/7000000000041425,England,http://data.ordnancesurvey.co.uk/id/country/england,,,
a2c30de7-2ed5-44c6-9723-477e7bf0022d,http://data.ordnancesurvey.co.uk/id/a2c30de7-2ed5-44c6-9723-477e7bf0022d,School Road,,,,transportNetwork,Section Of Named Road,554594,312552,16000,25000,554587,311286,554717,313810,PE34,http://data.ordnancesurvey.co.uk/id/postcodedistrict/PE34,Tilney St Lawrence,http://data.ordnancesurvey.co.uk/id/4000000074550579,http://www.ordnancesurvey.co.uk/xml/codelists/localtype.xml#village,King's Lynn and West Norfolk,http://data.ordnancesurvey.co.uk/id/7000000000007016,http://data.ordnancesurvey.co.uk/ontology/admingeo/District,Norfolk,http://data.ordnancesurvey.co.uk/id/7000000000007238,http://data.ordnancesurvey.co.uk/ontology/admingeo/County,Eastern,http://data.ordnancesurvey.co.uk/id/7000000000041425,England,http://data.ordnancesurvey.co.uk/id/country/england,osgb4000000026932410,,
osgb4000000026935040,http://data.ordnancesurvey.co.uk/id/4000000026935040,Chapelfield Road,,,,transportNetwork,Named Road,540143,304019,2000,20000,540017,303849,540228,304183,PE13,http://data.ordnancesurvey.co.uk/id/postcodedistrict/PE13,Guyhirn,http://data.ordnancesurvey.co.uk/id/4000000074550590,http://www.ordnancesurvey.co.uk/xml/codelists/localtype.xml#village,Fenland,http://data.ordnancesurvey.co.uk/id/7000000000001357,http://data.ordnancesurvey.co.uk/ontology/admingeo/District,Cambridgeshire,http://data.ordnancesurvey.co.uk/id/7000000000001386,http://data.ordnancesurvey.co.uk/ontology/admingeo/County,Eastern,http://data.ordnancesurvey.co.uk/id/7000000000041425,England,http://data.ordnancesurvey.co.uk/id/country/england,,,
osgb4000000026942730,http://data.ordnancesurvey.co.uk/id/4000000026942730,Fen Way,,,,transportNetwork,Named Road,546750,306953,1000,20000,546733,306951,546765,306998,PE14,http://data.ordnancesurvey.co.uk/id/postcodedistrict/PE14,Elm,http://data.ordnancesurvey.co.uk/id/4000000074341528,http://www.ordnancesurvey.co.uk/xml/codelists/localtype.xml#village,Fenland,http://data.ordnancesurvey.co.uk/id/7000000000001357,http://data.ordnancesurvey.co.uk/ontology/admingeo/District,Cambridgeshire,http://data.ordnancesurvey.co.uk/id/7000000000001386,http://data.ordnancesurvey.co.uk/ontology/admingeo/County,Eastern,http://data.ordnancesurvey.co.uk/id/7000000000041425,England,http://data.ordnancesurvey.co.uk/id/country/england,,,
osgb4000000026935045,http://data.ordnancesurvey.co.uk/id/4000000026935045,Broad Drove,,,,transportNetwork,Named Road,550069,301505,2000,20000,549873,301421,550211,301613,PE14,http://data.ordnancesurvey.co.uk/id/postcodedistrict/PE14,,,,King's Lynn and West Norfolk,http://data.ordnancesurvey.co.uk/id/7000000000007016,http://data.ordnancesurvey.co.uk/ontology/admingeo/District,Norfolk,http://data.ordnancesurvey.co.uk/id/7000000000007238,http://data.ordnancesurvey.co.uk/ontology/admingeo/County,Eastern,http://data.ordnancesurvey.co.uk/id/7000000000041425,England,http://data.ordnancesurvey.co.uk/id/country/england,,,
osgb4000000026935113,http://data.ordnancesurvey.co.uk/id/4000000026935113,Panswell Lane,,,,transportNetwork,Named Road,543094,309388,9000,20000,542294,308807,543742,309756,PE13,http://data.ordnancesurvey.co.uk/id/postcodedistrict/PE13,,,,Fenland,http://data.ordnancesurvey.co.uk/id/7000000000001357,http://data.ordnancesurvey.co.uk/ontology/admingeo/District,Cambridgeshire,http://data.ordnancesurvey.co.uk/id/7000000000001386,http://data.ordnancesurvey.co.uk/ontology/admingeo/County,Eastern,http://data.ordnancesurvey.co.uk/id/7000000000041425,England,http://data.ordnancesurvey.co.uk/id/country/england,,,
osgb4000000026937338,http://data.ordnancesurvey.co.uk/id/4000000026937338,Lode Avenue,,,,transportNetwork,Named Road,551126,302645,1000,20000,551121,302592,551212,302773,PE14,http://data.ordnancesurvey.co.uk/id/postcodedistrict/PE14,Upwell,http://data.ordnancesurvey.co.uk/id/4000000074550938,http://www.ordnancesurvey.co.uk/xml/codelists/localtype.xml#village,King's Lynn and West Norfolk,http://data.ordnancesurvey.co.uk/id/7000000000007016,http://data.ordnancesurvey.co.uk/ontology/admingeo/District,Norfolk,http://data.ordnancesurvey.co.uk/id/7000000000007238,http://data.ordnancesurvey.co.uk/ontology/admingeo/County,Eastern,http://data.ordnancesurvey.co.uk/id/7000000000041425,England,http://data.ordnancesurvey.co.uk/id/country/england,,,
osgb4000000074732308,http://data.ordnancesurvey.co.uk/id/4000000074732308,Lynn Dam Field,,,,landcover,Other Landcover,549579,316991,4000,1300000,549330,316614,549830,317260,PE14,http://data.ordnancesurvey.co.uk/id/postcodedistrict/PE14,,,,King's Lynn and West Norfolk,http://data.ordnancesurvey.co.uk/id/7000000000007016,http://data.ordnancesurvey.co.uk/ontology/admingeo/District,Norfolk,http://data.ordnancesurvey.co.uk/id/7000000000007238,http://data.ordnancesurvey.co.uk/ontology/admingeo/County,Eastern,http://data.ordnancesurvey.co.uk/id/7000000000041425,England,http://data.ordnancesurvey.co.uk/id/country/england,,,
osgb4000000074733444,http://data.ordnancesurvey.co.uk/id/4000000074733444,Wheatmath Field,,,,landcover,Other Landcover,543440,309756,12000,1300000,542862,308820,544019,310674,PE13,http://data.ordnancesurvey.co.uk/id/postcodedistrict/PE13,,,,Fenland,http://data.ordnancesurvey.co.uk/id/7000000000001357,http://data.ordnancesurvey.co.uk/ontology/admingeo/District,Cambridgeshire,http://data.ordnancesurvey.co.uk/id/7000000000001386,http://data.ordnancesurvey.co.uk/ontology/admingeo/County,Eastern,http://data.ordnancesurvey.co.uk/id/7000000000041425,England,http://data.ordnancesurvey.co.uk/id/country/england,,,
osgb4000000074734117,http://data.ordnancesurvey.co.uk/id/4000000074734117,Ox Field,,,,landcover,Other Landcover,542396,312298,8000,1300000,541785,311816,543000,312781,PE13,http://data.ordnancesurvey.co.uk/id/postcodedistrict/PE13,,,,Fenland,http://data.ordnancesurvey.co.uk/id/7000000000001357,http://data.ordnancesurvey.co.uk/ontology/admingeo/District,Cambridgeshire,http://data.ordnancesurvey.co.uk/id/7000000000001386,http://data.ordnancesurvey.co.uk/ontology/admingeo/County,Eastern,http://data.ordnancesurvey.co.uk/id/7000000000041425,England,http://data.ordnancesurvey.co.uk/id/country/england,,,
osgb4000000074732771,http://data.ordnancesurvey.co.uk/id/4000000074732771,South Croft Field,,,,landcover,Other Landcover,554627,319040,12000,1300000,553723,318173,555531,319942,PE34,http://data.ordnancesurvey.co.uk/id/postcodedistrict/PE34,,,,King's Lynn and West Norfolk,http://data.ordnancesurvey.co.uk/id/7000000000007016,http://data.ordnancesurvey.co.uk/ontology/admingeo/District,Norfolk,http://data.ordnancesurvey.co.uk/id/7000000000007238,http://data.ordnancesurvey.co.uk/ontology/admingeo/County,Eastern,http://data.ordnancesurvey.co.uk/id/7000000000041425,England,http://data.ordnancesurvey.co.uk/id/country/england,,,
osgb4000000074733115,http://data.ordnancesurvey.co.uk/id/4000000074733115,Karrow Field,,,,landcover,Other Landcover,543998,314564,3000,800000,543769,314314,544269,314814,PE13,http://data.ordnancesurvey.co.uk/id/postcodedistrict/PE13,,,,Fenland,http://data.ordnancesurvey.co.uk/id/7000000000001357,http://data.ordnancesurvey.co.uk/ontology/admingeo/District,Cambridgeshire,http://data.ordnancesurvey.co.uk/id/7000000000001386,http://data.ordnancesurvey.co.uk/ontology/admingeo/County,Eastern,http://data.ordnancesurvey.co.uk/id/7000000000041425,England,http://data.ordnancesurvey.co.uk/id/country/england,,,
osgb4000000074733106,http://data.ordnancesurvey.co.uk/id/4000000074733106,Weather Holme Field,,,,landcover,Other Landcover,550588,318503,11000,1300000,549768,317616,551409,319336,PE14,http://data.ordnancesurvey.co.uk/id/postcodedistrict/PE14,,,,King's Lynn and West Norfolk,http://data.ordnancesurvey.co.uk/id/7000000000007016,http://data.ordnancesurvey.co.uk/ontology/admingeo/District,Norfolk,http://data.ordnancesurvey.co.uk/id/7000000000007238,http://data.ordnancesurvey.co.uk/ontology/admingeo/County,Eastern,http://data.ordnancesurvey.co.uk/id/7000000000041425,England,http://data.ordnancesurvey.co.uk/id/country/england,,,
osgb4000000074732459,http://data.ordnancesurvey.co.uk/id/4000000074732459,East New Field,,,,landcover,Other Landcover,552255,313240,20000,1300000,551700,311163,552810,314165,PE14,http://data.ordnancesurvey.co.uk/id/postcodedistrict/PE14,,,,King's Lynn and West Norfolk,http://data.ordnancesurvey.co.uk/id/7000000000007016,http://data.ordnancesurvey.co.uk/ontology/admingeo/District,Norfolk,http://data.ordnancesurvey.co.uk/id/7000000000007238,http://data.ordnancesurvey.co.uk/ontology/admingeo/County,Eastern,http://data.ordnancesurvey.co.uk/id/7000000000041425,England,http://data.ordnancesurvey.co.uk/id/country/england,,,
osgb4000000074733607,http://data.ordnancesurvey.co.uk/id/4000000074733607,Willock Field,,,,landcover,Other Landcover,541285,306917,9000,1300000,540824,306260,541745,307595,PE13,http://data.ordnancesurvey.co.uk/id/postcodedistrict/PE13,,,,Fenland,http://data.ordnancesurvey.co.uk/id/7000000000001357,http://data.ordnancesurvey.co.uk/ontology/admingeo/District,Cambridgeshire,http://data.ordnancesurvey.co.uk/id/7000000000001386,http://data.ordnancesurvey.co.uk/ontology/admingeo/County,Eastern,http://data.ordnancesurvey.co.uk/id/7000000000041425,England,http://data.ordnancesurvey.co.uk/id/country/england,,,
osgb4000000074732945,http://data.ordnancesurvey.co.uk/id/4000000074732945,Barton Field,,,,landcover,Other Landcover,542907,317940,5000,1300000,542489,317691,543252,318191,PE12,http://data.ordnancesurvey.co.uk/id/postcodedistrict/PE12,,,,South Holland,http://data.ordnancesurvey.co.uk/id/7000000000005599,http://data.ordnancesurvey.co.uk/ontology/admingeo/District,Lincolnshire,http://data.ordnancesurvey.co.uk/id/7000000000005942,http://data.ordnancesurvey.co.uk/ontology/admingeo/County,East Midlands,http://data.ordnancesurvey.co.uk/id/7000000000041423,England,http://data.ordnancesurvey.co.uk/id/country/england,,,
osgb4000000074732628,http://data.ordnancesurvey.co.uk/id/4000000074732628,Quaney Field,,,,landcover,Other Landcover,540734,314508,14000,1300000,539752,313447,541978,315570,PE13,http://data.ordnancesurvey.co.uk/id/postcodedistrict/PE13,,,,Fenland,http://data.ordnancesurvey.co.uk/id/7000000000001357,http://data.ordnancesurvey.co.uk/ontology/admingeo/District,Cambridgeshire,http://data.ordnancesurvey.co.uk/id/7000000000001386,http://data.ordnancesurvey.co.uk/ontology/admingeo/County,Eastern,http://data.ordnancesurvey.co.uk/id/7000000000041425,England,http://data.ordnancesurvey.co.uk/id/country/england,,,
osgb4000000074733113,http://data.ordnancesurvey.co.uk/id/4000000074733113,Redermer Field,,,,landcover,Other Landcover,541275,317897,4000,1300000,540977,317626,541568,318169,PE12,http://data.ordnancesurvey.co.uk/id/postcodedistrict/PE12,,,,South Holland,http://data.ordnancesurvey.co.uk/id/7000000000005599,http://data.ordnancesurvey.co.uk/ontology/admingeo/District,Lincolnshire,http://data.ordnancesurvey.co.uk/id/7000000000005942,http://data.ordnancesurvey.co.uk/ontology/admingeo/County,East Midlands,http://data.ordnancesurvey.co.uk/id/7000000000041423,England,http://data.ordnancesurvey.co.uk/id/country/england,,,
osgb4000000074732460,http://data.ordnancesurvey.co.uk/id/4000000074732460,Mill Field,,,,landcover,Other Landcover,551490,312706,7000,1300000,550959,312221,552020,313309,PE14,http://data.ordnancesurvey.co.uk/id/postcodedistrict/PE14,,,,King's Lynn and West Norfolk,http://data.ordnancesurvey.co.uk/id/7000000000007016,http://data.ordnancesurvey.co.uk/ontology/admingeo/District,Norfolk,http://data.ordnancesurvey.co.uk/id/7000000000007238,http://data.ordnancesurvey.co.uk/ontology/admingeo/County,Eastern,http://data.ordnancesurvey.co.uk/id/7000000000041425,England,http://data.ordnancesurvey.co.uk/id/country/england,,,
osgb4000000074733288,http://data.ordnancesurvey.co.uk/id/4000000074733288,Burcroft Field,,,,landcover,Other Landcover,544580,309996,10000,1300000,543819,309225,545340,310779,PE13,http://data.ordnancesurvey.co.uk/id/postcodedistrict/PE13,,,,Fenland,http://data.ordnancesurvey.co.uk/id/7000000000001357,http://data.ordnancesurvey.co.uk/ontology/admingeo/District,Cambridgeshire,http://data.ordnancesurvey.co.uk/id/7000000000001386,http://data.ordnancesurvey.co.uk/ontology/admingeo/County,Eastern,http://data.ordnancesurvey.co.uk/id/7000000000041425,England,http://data.ordnancesurvey.co.uk/id/country/england,,,
osgb4000000074593119,http://data.ordnancesurvey.co.uk/id/4000000074593119,West Field,,,,landcover,Other Landcover,553057,319200,10000,1300000,552259,318508,553855,319938,PE34,http://data.ordnancesurvey.co.uk/id/postcodedistrict/PE34,,,,King's Lynn and West Norfolk,http://data.ordnancesurvey.co.uk/id/7000000000007016,http://data.ordnancesurvey.co.uk/ontology/admingeo/District,Norfolk,http://data.ordnancesurvey.co.uk/id/7000000000007238,http://data.ordnancesurvey.co.uk/ontology/admingeo/County,Eastern,http://data.ordnancesurvey.co.uk/id/7000000000041425,England,http://data.ordnancesurvey.co.uk/id/country/england,,,
osgb4000000074593448,http://data.ordnancesurvey.co.uk/id/4000000074593448,New Field,,,,landcover,Other Landcover,542767,313603,11000,1300000,542379,312735,543155,314504,PE13,http://data.ordnancesurvey.co.uk/id/postcodedistrict/PE13,,,,Fenland,http://data.ordnancesurvey.co.uk/id/7000000000001357,http://data.ordnancesurvey.co.uk/ontology/admingeo/District,Cambridgeshire,http://data.ordnancesurvey.co.uk/id/7000000000001386,http://data.ordnancesurvey.co.uk/ontology/admingeo/County,Eastern,http://data.ordnancesurvey.co.uk/id/7000000000041425,England,http://data.ordnancesurvey.co.uk/id/country/england,,,
osgb4000000074732462,http://data.ordnancesurvey.co.uk/id/4000000074732462,Old Field,,,,landcover,Other Landcover,547686,305758,13000,1300000,546735,305143,548730,306373,PE14,http://data.ordnancesurvey.co.uk/id/postcodedistrict/PE14,,,,Fenland,http://data.ordnancesurvey.co.uk/id/7000000000001357,http://data.ordnancesurvey.co.uk/ontology/admingeo/District,Cambridgeshire,http://data.ordnancesurvey.co.uk/id/7000000000001386,http://data.ordnancesurvey.co.uk/ontology/admingeo/County,Eastern,http://data.ordnancesurvey.co.uk/id/7000000000041425,England,http://data.ordnancesurvey.co.uk/id/country/england,,,
osgb4000000074733447,http://data.ordnancesurvey.co.uk/id/4000000074733447,Great Garditch Field,,,,landcover,Other Landcover,546683,312268,3000,1300000,546433,312055,546933,312555,PE14,http://data.ordnancesurvey.co.uk/id/postcodedistrict/PE14,,,,King's Lynn and West Norfolk,http://data.ordnancesurvey.co.uk/id/7000000000007016,http://data.ordnancesurvey.co.uk/ontology/admingeo/District,Norfolk,http://data.ordnancesurvey.co.uk/id/7000000000007238,http://data.ordnancesurvey.co.uk/ontology/admingeo/County,Eastern,http://data.ordnancesurvey.co.uk/id/7000000000041425,England,http://data.ordnancesurvey.co.uk/id/country/england,,,
osgb4000000074733287,http://data.ordnancesurvey.co.uk/id/4000000074733287,Harecroft Field,,,,landcover,Other Landcover,544812,309528,3000,1300000,544586,309279,545086,309779,PE13,http://data.ordnancesurvey.co.uk/id/postcodedistrict/PE13,,,,Fenland,http://data.ordnancesurvey.co.uk/id/7000000000001357,http://data.ordnancesurvey.co.uk/ontology/admingeo/District,Cambridgeshire,http://data.ordnancesurvey.co.uk/id/7000000000001386,http://data.ordnancesurvey.co.uk/ontology/admingeo/County,Eastern,http://data.ordnancesurvey.co.uk/id/7000000000041425,England,http://data.ordnancesurvey.co.uk/id/country/england,,,
osgb4000000074732456,http://data.ordnancesurvey.co.uk/id/4000000074732456,Old Sibley Field,,,,landcover,Other Landcover,553462,313728,9000,1300000,553086,313018,553838,314443,PE14,http://data.ordnancesurvey.co.uk/id/postcodedistrict/PE14,,,,King's Lynn and West Norfolk,http://data.ordnancesurvey.co.uk/id/7000000000007016,http://data.ordnancesurvey.co.uk/ontology/admingeo/District,Norfolk,http://data.ordnancesurvey.co.uk/id/7000000000007238,http://data.ordnancesurvey.co.uk/ontology/admingeo/County,Eastern,http://data.ordnancesurvey.co.uk/id/7000000000041425,England,http://data.ordnancesurvey.co.uk/id/country/england,,,
osgb4000000074733108,http://data.ordnancesurvey.co.uk/id/4000000074733108,Chapnall Field,,,,landcover,Other Landcover,547861,309811,5000,1300000,547589,309489,548132,310266,PE14,http://data.ordnancesurvey.co.uk/id/postcodedistrict/PE14,,,,King's Lynn and West Norfolk,http://data.ordnancesurvey.co.uk/id/7000000000007016,http://data.ordnancesurvey.co.uk/ontology/admingeo/District,Norfolk,http://data.ordnancesurvey.co.uk/id/7000000000007238,http://data.ordnancesurvey.co.uk/ontology/admingeo/County,Eastern,http://data.ordnancesurvey.co.uk/id/7000000000041425,England,http://data.ordnancesurvey.co.uk/id/country/england,,,
osgb4000000074732617,http://data.ordnancesurvey.co.uk/id/4000000074732617,Hog Holme Field,,,,landcover,Other Landcover,550737,313848,12000,1300000,549709,313395,551554,314301,PE14,http://data.ordnancesurvey.co.uk/id/postcodedistrict/PE14,,,,King's Lynn and West Norfolk,http://data.ordnancesurvey.co.uk/id/7000000000007016,http://data.ordnancesurvey.co.uk/ontology/admingeo/District,Norfolk,http://data.ordnancesurvey.co.uk/id/7000000000007238,http://data.ordnancesurvey.co.uk/ontology/admingeo/County,Eastern,http://data.ordnancesurvey.co.uk/id/7000000000041425,England,http://data.ordnancesurvey.co.uk/id/country/england,,,
osgb4000000074733601,http://data.ordnancesurvey.co.uk/id/4000000074733601,Clamp Field,,,,landcover,Other Landcover,550906,305060,3000,1300000,550651,304810,551183,305310,PE14,http://data.ordnancesurvey.co.uk/id/postcodedistrict/PE14,,,,King's Lynn and West Norfolk,http://data.ordnancesurvey.co.uk/id/7000000000007016,http://data.ordnancesurvey.co.uk/ontology/admingeo/District,Norfolk,http://data.ordnancesurvey.co.uk/id/7000000000007238,http://data.ordnancesurvey.co.uk/ontology/admingeo/County,Eastern,http://data.ordnancesurvey.co.uk/id/7000000000041425,England,http://data.ordnancesurvey.co.uk/id/country/england,,,
osgb4000000074733769,http://data.ordnancesurvey.co.uk/id/4000000074733769,Sayer's Field,,,,landcover,Other Landcover,541211,308423,12000,1300000,540331,307727,542199,309119,PE13,http://data.ordnancesurvey.co.uk/id/postcodedistrict/PE13,,,,Fenland,http://data.ordnancesurvey.co.uk/id/7000000000001357,http://data.ordnancesurvey.co.uk/ontology/admingeo/District,Cambridgeshire,http://data.ordnancesurvey.co.uk/id/7000000000001386,http://data.ordnancesurvey.co.uk/ontology/admingeo/County,Eastern,http://data.ordnancesurvey.co.uk/id/7000000000041425,England,http://data.ordnancesurvey.co.uk/id/country/england,,,
osgb4000000074594125,http://data.ordnancesurvey.co.uk/id/4000000074594125,New Field,,,,landcover,Other Landcover,553526,315201,7000,1300000,553140,314421,553912,315571,PE14,http://data.ordnancesurvey.co.uk/id/postcodedistrict/PE14,,,,King's Lynn and West Norfolk,http://data.ordnancesurvey.co.uk/id/7000000000007016,http://data.ordnancesurvey.co.uk/ontology/admingeo/District,Norfolk,http://data.ordnancesurvey.co.uk/id/7000000000007238,http://data.ordnancesurvey.co.uk/ontology/admingeo/County,Eastern,http://data.ordnancesurvey.co.uk/id/7000000000041425,England,http://data.ordnancesurvey.co.uk/id/country/england,,,
osgb4000000074732471,http://data.ordnancesurvey.co.uk/id/4000000074732471,Parrock Field,,,,landcover,Other Landcover,542861,314763,4000,1300000,542528,314513,543192,315013,PE13,http://data.ordnancesurvey.co.uk/id/postcodedistrict/PE13,,,,Fenland,http://data.ordnancesurvey.co.uk/id/7000000000001357,http://data.ordnancesurvey.co.uk/ontology/admingeo/District,Cambridgeshire,http://data.ordnancesurvey.co.uk/id/7000000000001386,http://data.ordnancesurvey.co.uk/ontology/admingeo/County,Eastern,http://data.ordnancesurvey.co.uk/id/7000000000041425,England,http://data.ordnancesurvey.co.uk/id/country/england,,,
osgb4000000074732782,http://data.ordnancesurvey.co.uk/id/4000000074732782,Long Brick Field,,,,landcover,Other Landcover,543744,316347,7000,1300000,543042,315961,544183,316732,PE13,http://data.ordnancesurvey.co.uk/id/postcodedistrict/PE13,,,,Fenland,http://data.ordnancesurvey.co.uk/id/7000000000001357,http://data.ordnancesurvey.co.uk/ontology/admingeo/District,Cambridgeshire,http://data.ordnancesurvey.co.uk/id/7000000000001386,http://data.ordnancesurvey.co.uk/ontology/admingeo/County,Eastern,http://data.ordnancesurvey.co.uk/id/7000000000041425,England,http://data.ordnancesurvey.co.uk/id/country/england,,,
osgb4000000074732931,http://data.ordnancesurvey.co.uk/id/4000000074732931,Collins Croft Field,,,,landcover,Other Landcover,551302,316803,3000,1300000,551055,316553,551562,317053,PE14,http://data.ordnancesurvey.co.uk/id/postcodedistrict/PE14,,,,King's Lynn and West Norfolk,http://data.ordnancesurvey.co.uk/id/7000000000007016,http://data.ordnancesurvey.co.uk/ontology/admingeo/District,Norfolk,http://data.ordnancesurvey.co.uk/id/7000000000007238,http://data.ordnancesurvey.co.uk/ontology/admingeo/County,Eastern,http://data.ordnancesurvey.co.uk/id/7000000000041425,England,http://data.ordnancesurvey.co.uk/id/country/england,,,
osgb4000000074732936,http://data.ordnancesurvey.co.uk/id/4000000074732936,Redmoor Field,,,,landcover,Other Landcover,544015,306253,10000,1300000,543304,305654,544837,306853,PE14,http://data.ordnancesurvey.co.uk/id/postcodedistrict/PE14,,,,Fenland,http://data.ordnancesurvey.co.uk/id/7000000000001357,http://data.ordnancesurvey.co.uk/ontology/admingeo/District,Cambridgeshire,http://data.ordnancesurvey.co.uk/id/7000000000001386,http://data.ordnancesurvey.co.uk/ontology/admingeo/County,Eastern,http://data.ordnancesurvey.co.uk/id/7000000000041425,England,http://data.ordnancesurvey.co.uk/id/country/england,,,
osgb4000000074733605,http://data.ordnancesurvey.co.uk/id/4000000074733605,Longland Field,,,,landcover,Other Landcover,543774,307231,9000,1300000,543041,306680,544378,307783,PE13,http://data.ordnancesurvey.co.uk/id/postcodedistrict/PE13,,,,Fenland,http://data.ordnancesurvey.co.uk/id/7000000000001357,http://data.ordnancesurvey.co.uk/ontology/admingeo/District,Cambridgeshire,http://data.ordnancesurvey.co.uk/id/7000000000001386,http://data.ordnancesurvey.co.uk/ontology/admingeo/County,Eastern,http://data.ordnancesurvey.co.uk/id/7000000000041425,England,http://data.ordnancesurvey.co.uk/id/country/england,,,
osgb4000000074733286,http://data.ordnancesurvey.co.uk/id/4000000074733286,Whitwell Field,,,,landcover,Other Landcover,547444,312169,7000,1300000,547100,311608,547787,312748,PE14,http://data.ordnancesurvey.co.uk/id/postcodedistrict/PE14,,,,King's Lynn and West Norfolk,http://data.ordnancesurvey.co.uk/id/7000000000007016,http://data.ordnancesurvey.co.uk/ontology/admingeo/District,Norfolk,http://data.ordnancesurvey.co.uk/id/7000000000007238,http://data.ordnancesurvey.co.uk/ontology/admingeo/County,Eastern,http://data.ordnancesurvey.co.uk/id/7000000000041425,England,http://data.ordnancesurvey.co.uk/id/country/england,,,
osgb4000000074733598,http://data.ordnancesurvey.co.uk/id/4000000074733598,Well Moors,,,,landcover,Other Landcover,552527,305784,8000,1300000,551930,305245,553125,306328,PE14,http://data.ordnancesurvey.co.uk/id/postcodedistrict/PE14,,,,King's Lynn and West Norfolk,http://data.ordnancesurvey.co.uk/id/7000000000007016,http://data.ordnancesurvey.co.uk/ontology/admingeo/District,Norfolk,http://data.ordnancesurvey.co.uk/id/7000000000007238,http://data.ordnancesurvey.co.uk/ontology/admingeo/County,Eastern,http://data.ordnancesurvey.co.uk/id/7000000000041425,England,http://data.ordnancesurvey.co.uk/id/country/england,,,
osgb4000000074732622,http://data.ordnancesurvey.co.uk/id/4000000074732622,East Field,,,,landcover,Other Landcover,554691,317620,8000,1300000,554181,317052,555201,318271,PE34,http://data.ordnancesurvey.co.uk/id/postcodedistrict/PE34,,,,King's Lynn and West Norfolk,http://data.ordnancesurvey.co.uk/id/7000000000007016,http://data.ordnancesurvey.co.uk/ontology/admingeo/District,Norfolk,http://data.ordnancesurvey.co.uk/id/7000000000007238,http://data.ordnancesurvey.co.uk/ontology/admingeo/County,Eastern,http://data.ordnancesurvey.co.uk/id/7000000000041425,England,http://data.ordnancesurvey.co.uk/id/country/england,,,
osgb4000000074733440,http://data.ordnancesurvey.co.uk/id/4000000074733440,Poak Field,,,,landcover,Other Landcover,552290,319198,8000,1300000,551849,318592,552730,319898,PE14,http://data.ordnancesurvey.co.uk/id/postcodedistrict/PE14,,,,King's Lynn and West Norfolk,http://data.ordnancesurvey.co.uk/id/7000000000007016,http://data.ordnancesurvey.co.uk/ontology/admingeo/District,Norfolk,http://data.ordnancesurvey.co.uk/id/7000000000007238,http://data.ordnancesurvey.co.uk/ontology/admingeo/County,Eastern,http://data.ordnancesurvey.co.uk/id/7000000000041425,England,http://data.ordnancesurvey.co.uk/id/country/england,,,
osgb4000000074586724,http://data.ordnancesurvey.co.uk/id/4000000074586724,Marshland,,,,landcover,Other Landcover,554692,313996,132000,1300000,545651,304717,563733,324967,PE34,http://data.ordnancesurvey.co.uk/id/postcodedistrict/PE34,,,,King's Lynn and West Norfolk,http://data.ordnancesurvey.co.uk/id/7000000000007016,http://data.ordnancesurvey.co.uk/ontology/admingeo/District,Norfolk,http://data.ordnancesurvey.co.uk/id/7000000000007238,http://data.ordnancesurvey.co.uk/ontology/admingeo/County,Eastern,http://data.ordnancesurvey.co.uk/id/7000000000041425,England,http://data.ordnancesurvey.co.uk/id/country/england,,,
osgb4000000074733284,http://data.ordnancesurvey.co.uk/id/4000000074733284,New Croft Field,,,,landcover,Other Landcover,548210,312237,6000,1300000,547739,311935,548594,312538,PE14,http://data.ordnancesurvey.co.uk/id/postcodedistrict/PE14,,,,King's Lynn and West Norfolk,http://data.ordnancesurvey.co.uk/id/7000000000007016,http://data.ordnancesurvey.co.uk/ontology/admingeo/District,Norfolk,http://data.ordnancesurvey.co.uk/id/7000000000007238,http://data.ordnancesurvey.co.uk/ontology/admingeo/County,Eastern,http://data.ordnancesurvey.co.uk/id/7000000000041425,England,http://data.ordnancesurvey.co.uk/id/country/england,,,
osgb4000000074732778,http://data.ordnancesurvey.co.uk/id/4000000074732778,Hall Field,,,,landcover,Other Landcover,547612,309319,3000,1300000,547362,309068,547862,309568,PE13,http://data.ordnancesurvey.co.uk/id/postcodedistrict/PE13,,,,Fenland,http://data.ordnancesurvey.co.uk/id/7000000000001357,http://data.ordnancesurvey.co.uk/ontology/admingeo/District,Cambridgeshire,http://data.ordnancesurvey.co.uk/id/7000000000001386,http://data.ordnancesurvey.co.uk/ontology/admingeo/County,Eastern,http://data.ordnancesurvey.co.uk/id/7000000000041425,England,http://data.ordnancesurvey.co.uk/id/country/england,,,
osgb4000000074734113,http://data.ordnancesurvey.co.uk/id/4000000074734113,Park Field,,,,landcover,Other Landcover,543384,312500,7000,1300000,542933,311920,543834,313039,PE13,http://data.ordnancesurvey.co.uk/id/postcodedistrict/PE13,,,,Fenland,http://data.ordnancesurvey.co.uk/id/7000000000001357,http://data.ordnancesurvey.co.uk/ontology/admingeo/District,Cambridgeshire,http://data.ordnancesurvey.co.uk/id/7000000000001386,http://data.ordnancesurvey.co.uk/ontology/admingeo/County,Eastern,http://data.ordnancesurvey.co.uk/id/7000000000041425,England,http://data.ordnancesurvey.co.uk/id/country/england,,,
osgb4000000074732928,http://data.ordnancesurvey.co.uk/id/4000000074732928,Leather Moor Field,,,,landcover,Other Landcover,552073,316135,11000,1300000,551577,315287,552570,317004,PE14,http://data.ordnancesurvey.co.uk/id/postcodedistrict/PE14,,,,King's Lynn and West Norfolk,http://data.ordnancesurvey.co.uk/id/7000000000007016,http://data.ordnancesurvey.co.uk/ontology/admingeo/District,Norfolk,http://data.ordnancesurvey.co.uk/id/7000000000007238,http://data.ordnancesurvey.co.uk/ontology/admingeo/County,Eastern,http://data.ordnancesurvey.co.uk/id/7000000000041425,England,http://data.ordnancesurvey.co.uk/id/country/england,,,
osgb4000000074736225,http://data.ordnancesurvey.co.uk/id/4000000074736225,Marshland Fen,,,,landcover,Other Landcover,554677,308228,39000,1300000,552200,305286,557154,311240,PE14,http://data.ordnancesurvey.co.uk/id/postcodedistrict/PE14,,,,King's Lynn and West Norfolk,http://data.ordnancesurvey.co.uk/id/7000000000007016,http://data.ordnancesurvey.co.uk/ontology/admingeo/District,Norfolk,http://data.ordnancesurvey.co.uk/id/7000000000007238,http://data.ordnancesurvey.co.uk/ontology/admingeo/County,Eastern,http://data.ordnancesurvey.co.uk/id/7000000000041425,England,http://data.ordnancesurvey.co.uk/id/country/england,,,
osgb4000000074734275,http://data.ordnancesurvey.co.uk/id/4000000074734275,Remer's Field,,,,landcover,Other Landcover,540637,309385,12000,1300000,540136,308371,541138,310247,PE13,http://data.ordnancesurvey.co.uk/id/postcodedistrict/PE13,,,,Fenland,http://data.ordnancesurvey.co.uk/id/7000000000001357,http://data.ordnancesurvey.co.uk/ontology/admingeo/District,Cambridgeshire,http://data.ordnancesurvey.co.uk/id/7000000000001386,http://data.ordnancesurvey.co.uk/ontology/admingeo/County,Eastern,http://data.ordnancesurvey.co.uk/id/7000000000041425,England,http://data.ordnancesurvey.co.uk/id/country/england,,,
osgb4000000074733278,http://data.ordnancesurvey.co.uk/id/4000000074733278,Church Field,,,,landcover,Other Landcover,551835,302899,13000,1300000,550887,302164,552914,303634,PE14,http://data.ordnancesurvey.co.uk/id/postcodedistrict/PE14,,,,King's Lynn and West Norfolk,http://data.ordnancesurvey.co.uk/id/7000000000007016,http://data.ordnancesurvey.co.uk/ontology/admingeo/District,Norfolk,http://data.ordnancesurvey.co.uk/id/7000000000007238,http://data.ordnancesurvey.co.uk/ontology/admingeo/County,Eastern,http://data.ordnancesurvey.co.uk/id/7000000000041425,England,http://data.ordnancesurvey.co.uk/id/country/england,,,
osgb4000000074732303,http://data.ordnancesurvey.co.uk/id/4000000074732303,Cotton's Common,,,,landcover,Other Landcover,549782,303604,9000,1300000,549173,302812,550391,304168,PE14,http://data.ordnancesurvey.co.uk/id/postcodedistrict/PE14,,,,King's Lynn and West Norfolk,http://data.ordnancesurvey.co.uk/id/7000000000007016,http://data.ordnancesurvey.co.uk/ontology/admingeo/District,Norfolk,http://data.ordnancesurvey.co.uk/id/7000000000007238,http://data.ordnancesurvey.co.uk/ontology/admingeo/County,Eastern,http://data.ordnancesurvey.co.uk/id/7000000000041425,England,http://data.ordnancesurvey.co.uk/id/country/england,,,
osgb4000000074799533,http://data.ordnancesurvey.co.uk/id/4000000074799533,East Marsh,,,,landcover,Wetland,547226,317583,10000,15000,546623,316881,548145,318285,PE14,http://data.ordnancesurvey.co.uk/id/postcodedistrict/PE14,,,,King's Lynn and West Norfolk,http://data.ordnancesurvey.co.uk/id/7000000000007016,http://data.ordnancesurvey.co.uk/ontology/admingeo/District,Norfolk,http://data.ordnancesurvey.co.uk/id/7000000000007238,http://data.ordnancesurvey.co.uk/ontology/admingeo/County,Eastern,http://data.ordnancesurvey.co.uk/id/7000000000041425,England,http://data.ordnancesurvey.co.uk/id/country/england,,,
osgb4000000074732298,http://data.ordnancesurvey.co.uk/id/4000000074732298,New Sibley Field,,,,landcover,Other Landcover,553171,312547,20000,1300000,552513,311278,553828,314400,PE14,http://data.ordnancesurvey.co.uk/id/postcodedistrict/PE14,,,,King's Lynn and West Norfolk,http://data.ordnancesurvey.co.uk/id/7000000000007016,http://data.ordnancesurvey.co.uk/ontology/admingeo/District,Norfolk,http://data.ordnancesurvey.co.uk/id/7000000000007238,http://data.ordnancesurvey.co.uk/ontology/admingeo/County,Eastern,http://data.ordnancesurvey.co.uk/id/7000000000041425,England,http://data.ordnancesurvey.co.uk/id/country/england,,,
osgb4000000074733105,http://data.ordnancesurvey.co.uk/id/4000000074733105,Second Ristoft Field,,,,landcover,Other Landcover,551649,319119,10000,1300000,551221,318359,552078,319849,PE14,http://data.ordnancesurvey.co.uk/id/postcodedistrict/PE14,,,,King's Lynn and West Norfolk,http://data.ordnancesurvey.co.uk/id/7000000000007016,http://data.ordnancesurvey.co.uk/ontology/admingeo/District,Norfolk,http://data.ordnancesurvey.co.uk/id/7000000000007238,http://data.ordnancesurvey.co.uk/ontology/admingeo/County,Eastern,http://data.ordnancesurvey.co.uk/id/7000000000041425,England,http://data.ordnancesurvey.co.uk/id/country/england,,,
osgb4000000074734116,http://data.ordnancesurvey.co.uk/id/4000000074734116,Richmond Field,,,,landcover,Other Landcover,541184,311173,12000,1300000,540722,310267,541646,312099,PE13,http://data.ordnancesurvey.co.uk/id/postcodedistrict/PE13,,,,Fenland,http://data.ordnancesurvey.co.uk/id/7000000000001357,http://data.ordnancesurvey.co.uk/ontology/admingeo/District,Cambridgeshire,http://data.ordnancesurvey.co.uk/id/7000000000001386,http://data.ordnancesurvey.co.uk/ontology/admingeo/County,Eastern,http://data.ordnancesurvey.co.uk/id/7000000000041425,England,http://data.ordnancesurvey.co.uk/id/country/england,,,
osgb4000000074817607,http://data.ordnancesurvey.co.uk/id/4000000074817607,New Marsh,,,,landcover,Wetland,548983,319097,13000,15000,548178,318120,550160,320074,PE14,http://data.ordnancesurvey.co.uk/id/postcodedistrict/PE14,,,,South Holland,http://data.ordnancesurvey.co.uk/id/7000000000005599,http://data.ordnancesurvey.co.uk/ontology/admingeo/District,Lincolnshire,http://data.ordnancesurvey.co.uk/id/7000000000005942,http://data.ordnancesurvey.co.uk/ontology/admingeo/County,East Midlands,http://data.ordnancesurvey.co.uk/id/7000000000041423,England,http://data.ordnancesurvey.co.uk/id/country/england,,,
osgb4000000074735308,http://data.ordnancesurvey.co.uk/id/4000000074735308,Three Acres,,,,landcover,Woodland Or Forest,556818,315925,1000,400000,556568,315682,557068,316182,PE34,http://data.ordnancesurvey.co.uk/id/postcodedistrict/PE34,,,,King's Lynn and West Norfolk,http://data.ordnancesurvey.co.uk/id/7000000000007016,http://data.ordnancesurvey.co.uk/ontology/admingeo/District,Norfolk,http://data.ordnancesurvey.co.uk/id/7000000000007238,http://data.ordnancesurvey.co.uk/ontology/admingeo/County,Eastern,http://data.ordnancesurvey.co.uk/id/7000000000041425,England,http://data.ordnancesurvey.co.uk/id/country/england,,,
osgb4000000074733761,http://data.ordnancesurvey.co.uk/id/4000000074733761,Short Fen,,,,landcover,Other Landcover,557268,311532,11000,1300000,556788,310728,557749,312397,PE34,http://data.ordnancesurvey.co.uk/id/postcodedistrict/PE34,,,,King's Lynn and West Norfolk,http://data.ordnancesurvey.co.uk/id/7000000000007016,http://data.ordnancesurvey.co.uk/ontology/admingeo/District,Norfolk,http://data.ordnancesurvey.co.uk/id/7000000000007238,http://data.ordnancesurvey.co.uk/ontology/admingeo/County,Eastern,http://data.ordnancesurvey.co.uk/id/7000000000041425,England,http://data.ordnancesurvey.co.uk/id/country/england,,,
osgb4000000074584759,http://data.ordnancesurvey.co.uk/id/4000000074584759,Wool Croft,,,,landcover,Other Landcover,543631,311332,8000,1300000,543353,310703,543909,311946,PE13,http://data.ordnancesurvey.co.uk/id/postcodedistrict/PE13,,,,Fenland,http://data.ordnancesurvey.co.uk/id/7000000000001357,http://data.ordnancesurvey.co.uk/ontology/admingeo/District,Cambridgeshire,http://data.ordnancesurvey.co.uk/id/7000000000001386,http://data.ordnancesurvey.co.uk/ontology/admingeo/County,Eastern,http://data.ordnancesurvey.co.uk/id/7000000000041425,England,http://data.ordnancesurvey.co.uk/id/country/england,,,
osgb4000000074733285,http://data.ordnancesurvey.co.uk/id/4000000074733285,Tidlington Field,,,,landcover,Other Landcover,547836,311923,5000,1300000,547586,311587,548086,312409,PE14,http://data.ordnancesurvey.co.uk/id/postcodedistrict/PE14,,,,King's Lynn and West Norfolk,http://data.ordnancesurvey.co.uk/id/7000000000007016,http://data.ordnancesurvey.co.uk/ontology/admingeo/District,Norfolk,http://data.ordnancesurvey.co.uk/id/7000000000007238,http://data.ordnancesurvey.co.uk/ontology/admingeo/County,Eastern,http://data.ordnancesurvey.co.uk/id/7000000000041425,England,http://data.ordnancesurvey.co.uk/id/country/england,,,
osgb4000000074732772,http://data.ordnancesurvey.co.uk/id/4000000074732772,Red Newland Field,,,,landcover,Other Landcover,552944,316297,8000,1300000,552428,315706,553459,316936,PE14,http://data.ordnancesurvey.co.uk/id/postcodedistrict/PE14,,,,King's Lynn and West Norfolk,http://data.ordnancesurvey.co.uk/id/7000000000007016,http://data.ordnancesurvey.co.uk/ontology/admingeo/District,Norfolk,http://data.ordnancesurvey.co.uk/id/7000000000007238,http://data.ordnancesurvey.co.uk/ontology/admingeo/County,Eastern,http://data.ordnancesurvey.co.uk/id/7000000000041425,England,http://data.ordnancesurvey.co.uk/id/country/england,,,
osgb4000000074733439,http://data.ordnancesurvey.co.uk/id/4000000074733439,Great Sandy Field,,,,landcover,Other Landcover,551946,304409,11000,1300000,551099,303625,552793,305268,PE14,http://data.ordnancesurvey.co.uk/id/postcodedistrict/PE14,,,,King's Lynn and West Norfolk,http://data.ordnancesurvey.co.uk/id/7000000000007016,http://data.ordnancesurvey.co.uk/ontology/admingeo/District,Norfolk,http://data.ordnancesurvey.co.uk/id/7000000000007238,http://data.ordnancesurvey.co.uk/ontology/admingeo/County,Eastern,http://data.ordnancesurvey.co.uk/id/7000000000041425,England,http://data.ordnancesurvey.co.uk/id/country/england,,,
osgb4000000074732461,http://data.ordnancesurvey.co.uk/id/4000000074732461,Little West New Field,,,,landcover,Other Landcover,550599,312565,7000,1300000,550134,312140,551064,313209,PE14,http://data.ordnancesurvey.co.uk/id/postcodedistrict/PE14,,,,King's Lynn and West Norfolk,http://data.ordnancesurvey.co.uk/id/7000000000007016,http://data.ordnancesurvey.co.uk/ontology/admingeo/District,Norfolk,http://data.ordnancesurvey.co.uk/id/7000000000007238,http://data.ordnancesurvey.co.uk/ontology/admingeo/County,Eastern,http://data.ordnancesurvey.co.uk/id/7000000000041425,England,http://data.ordnancesurvey.co.uk/id/country/england,,,
osgb4000000074732625,http://data.ordnancesurvey.co.uk/id/4000000074732625,Inlay's Field,,,,landcover,Other Landcover,541064,305097,9000,1300000,540479,304255,541649,305594,PE13,http://data.ordnancesurvey.co.uk/id/postcodedistrict/PE13,,,,Fenland,http://data.ordnancesurvey.co.uk/id/7000000000001357,http://data.ordnancesurvey.co.uk/ontology/admingeo/District,Cambridgeshire,http://data.ordnancesurvey.co.uk/id/7000000000001386,http://data.ordnancesurvey.co.uk/ontology/admingeo/County,Eastern,http://data.ordnancesurvey.co.uk/id/7000000000041425,England,http://data.ordnancesurvey.co.uk/id/country/england,,,
osgb4000000074732309,http://data.ordnancesurvey.co.uk/id/4000000074732309,East Croft Field,,,,landcover,Other Landcover,549794,317570,4000,1300000,549537,317320,550107,317820,PE14,http://data.ordnancesurvey.co.uk/id/postcodedistrict/PE14,,,,King's Lynn and West Norfolk,http://data.ordnancesurvey.co.uk/id/7000000000007016,http://data.ordnancesurvey.co.uk/ontology/admingeo/District,Norfolk,http://data.ordnancesurvey.co.uk/id/7000000000007238,http://data.ordnancesurvey.co.uk/ontology/admingeo/County,Eastern,http://data.ordnancesurvey.co.uk/id/7000000000041425,England,http://data.ordnancesurvey.co.uk/id/country/england,,,
osgb4000000074733280,http://data.ordnancesurvey.co.uk/id/4000000074733280,Third Spellow Field,,,,landcover,Other Landcover,555869,319285,12000,1300000,555208,318411,556531,320206,PE34,http://data.ordnancesurvey.co.uk/id/postcodedistrict/PE34,,,,King's Lynn and West Norfolk,http://data.ordnancesurvey.co.uk/id/7000000000007016,http://data.ordnancesurvey.co.uk/ontology/admingeo/District,Norfolk,http://data.ordnancesurvey.co.uk/id/7000000000007238,http://data.ordnancesurvey.co.uk/ontology/admingeo/County,Eastern,http://data.ordnancesurvey.co.uk/id/7000000000041425,England,http://data.ordnancesurvey.co.uk/id/country/england,,,
osgb4000000074733455,http://data.ordnancesurvey.co.uk/id/4000000074733455,Roderwick Field,,,,landcover,Other Landcover,542824,319134,8000,1300000,542286,318582,543476,319687,PE13,http://data.ordnancesurvey.co.uk/id/postcodedistrict/PE13,,,,South Holland,http://data.ordnancesurvey.co.uk/id/7000000000005599,http://data.ordnancesurvey.co.uk/ontology/admingeo/District,Lincolnshire,http://data.ordnancesurvey.co.uk/id/7000000000005942,http://data.ordnancesurvey.co.uk/ontology/admingeo/County,East Midlands,http://data.ordnancesurvey.co.uk/id/7000000000041423,England,http://data.ordnancesurvey.co.uk/id/country/england,,,
osgb4000000074732465,http://data.ordnancesurvey.co.uk/id/4000000074732465,Gray's Moor,,,,landcover,Other Landcover,542065,300861,12000,1300000,541350,299951,542781,301836,PE15,http://data.ordnancesurvey.co.uk/id/postcodedistrict/PE15,,,,Fenland,http://data.ordnancesurvey.co.uk/id/7000000000001357,http://data.ordnancesurvey.co.uk/ontology/admingeo/District,Cambridgeshire,http://data.ordnancesurvey.co.uk/id/7000000000001386,http://data.ordnancesurvey.co.uk/ontology/admingeo/County,Eastern,http://data.ordnancesurvey.co.uk/id/7000000000041425,England,http://data.ordnancesurvey.co.uk/id/country/england,,,
osgb4000000074732466,http://data.ordnancesurvey.co.uk/id/4000000074732466,Gardike Field,,,,landcover,Other Landcover,544381,317341,1000,1300000,544132,317091,544632,317591,PE13,http://data.ordnancesurvey.co.uk/id/postcodedistrict/PE13,,,,Fenland,http://data.ordnancesurvey.co.uk/id/7000000000001357,http://data.ordnancesurvey.co.uk/ontology/admingeo/District,Cambridgeshire,http://data.ordnancesurvey.co.uk/id/7000000000001386,http://data.ordnancesurvey.co.uk/ontology/admingeo/County,Eastern,http://data.ordnancesurvey.co.uk/id/7000000000041425,England,http://data.ordnancesurvey.co.uk/id/country/england,,,
osgb4000000074732626,http://data.ordnancesurvey.co.uk/id/4000000074732626,Rummer's Field,,,,landcover,Other Landcover,541771,305946,15000,1300000,540688,305212,543030,306680,PE13,http://data.ordnancesurvey.co.uk/id/postcodedistrict/PE13,,,,Fenland,http://data.ordnancesurvey.co.uk/id/7000000000001357,http://data.ordnancesurvey.co.uk/ontology/admingeo/District,Cambridgeshire,http://data.ordnancesurvey.co.uk/id/7000000000001386,http://data.ordnancesurvey.co.uk/ontology/admingeo/County,Eastern,http://data.ordnancesurvey.co.uk/id/7000000000041425,England,http://data.ordnancesurvey.co.uk/id/country/england,,,
osgb4000000074593449,http://data.ordnancesurvey.co.uk/id/4000000074593449,New Field,,,,landcover,Other Landcover,542379,316368,3000,1300000,542129,316118,542650,316618,PE13,http://data.ordnancesurvey.co.uk/id/postcodedistrict/PE13,,,,Fenland,http://data.ordnancesurvey.co.uk/id/7000000000001357,http://data.ordnancesurvey.co.uk/ontology/admingeo/District,Cambridgeshire,http://data.ordnancesurvey.co.uk/id/7000000000001386,http://data.ordnancesurvey.co.uk/ontology/admingeo/County,Eastern,http://data.ordnancesurvey.co.uk/id/7000000000041425,England,http://data.ordnancesurvey.co.uk/id/country/england,,,
osgb4000000074584769,http://data.ordnancesurvey.co.uk/id/4000000074584769,Fen Croft,,,,landcover,Other Landcover,544037,315568,5000,1300000,543787,315173,544287,315921,PE13,http://data.ordnancesurvey.co.uk/id/postcodedistrict/PE13,,,,Fenland,http://data.ordnancesurvey.co.uk/id/7000000000001357,http://data.ordnancesurvey.co.uk/ontology/admingeo/District,Cambridgeshire,http://data.ordnancesurvey.co.uk/id/7000000000001386,http://data.ordnancesurvey.co.uk/ontology/admingeo/County,Eastern,http://data.ordnancesurvey.co.uk/id/7000000000041425,England,http://data.ordnancesurvey.co.uk/id/country/england,,,
osgb4000000074732472,http://data.ordnancesurvey.co.uk/id/4000000074732472,Gaul Field,,,,landcover,Other Landcover,542387,314809,8000,1300000,542011,314265,542764,315495,PE13,http://data.ordnancesurvey.co.uk/id/postcodedistrict/PE13,,,,Fenland,http://data.ordnancesurvey.co.uk/id/7000000000001357,http://data.ordnancesurvey.co.uk/ontology/admingeo/District,Cambridgeshire,http://data.ordnancesurvey.co.uk/id/7000000000001386,http://data.ordnancesurvey.co.uk/ontology/admingeo/County,Eastern,http://data.ordnancesurvey.co.uk/id/7000000000041425,England,http://data.ordnancesurvey.co.uk/id/country/england,,,
osgb4000000074732934,http://data.ordnancesurvey.co.uk/id/4000000074732934,Wales Field,,,,landcover,Other Landcover,546422,306531,6000,1300000,546063,306215,546938,306846,PE14,http://data.ordnancesurvey.co.uk/id/postcodedistrict/PE14,,,,Fenland,http://data.ordnancesurvey.co.uk/id/7000000000001357,http://data.ordnancesurvey.co.uk/ontology/admingeo/District,Cambridgeshire,http://data.ordnancesurvey.co.uk/id/7000000000001386,http://data.ordnancesurvey.co.uk/ontology/admingeo/County,Eastern,http://data.ordnancesurvey.co.uk/id/7000000000041425,England,http://data.ordnancesurvey.co.uk/id/country/england,,,
osgb4000000074733107,http://data.ordnancesurvey.co.uk/id/4000000074733107,Sibley Field,,,,landcover,Other Landcover,549576,309399,12000,1300000,548949,308468,550203,310320,PE14,http://data.ordnancesurvey.co.uk/id/postcodedistrict/PE14,,,,King's Lynn and West Norfolk,http://data.ordnancesurvey.co.uk/id/7000000000007016,http://data.ordnancesurvey.co.uk/ontology/admingeo/District,Norfolk,http://data.ordnancesurvey.co.uk/id/7000000000007238,http://data.ordnancesurvey.co.uk/ontology/admingeo/County,Eastern,http://data.ordnancesurvey.co.uk/id/7000000000041425,England,http://data.ordnancesurvey.co.uk/id/country/england,,,
osgb4000000074732627,http://data.ordnancesurvey.co.uk/id/4000000074732627,Shaffendike Field,,,,landcover,Other Landcover,541317,314393,3000,1300000,541067,314142,541567,314642,PE13,http://data.ordnancesurvey.co.uk/id/postcodedistrict/PE13,,,,Fenland,http://data.ordnancesurvey.co.uk/id/7000000000001357,http://data.ordnancesurvey.co.uk/ontology/admingeo/District,Cambridgeshire,http://data.ordnancesurvey.co.uk/id/7000000000001386,http://data.ordnancesurvey.co.uk/ontology/admingeo/County,Eastern,http://data.ordnancesurvey.co.uk/id/7000000000041425,England,http://data.ordnancesurvey.co.uk/id/country/england,,,
osgb4000000074732932,http://data.ordnancesurvey.co.uk/id/4000000074732932,Bristoe Field,,,,landcover,Other Landcover,551994,317246,6000,1300000,551542,316802,552400,317690,PE14,http://data.ordnancesurvey.co.uk/id/postcodedistrict/PE14,,,,King's Lynn and West Norfolk,http://data.ordnancesurvey.co.uk/id/7000000000007016,http://data.ordnancesurvey.co.uk/ontology/admingeo/District,Norfolk,http://data.ordnancesurvey.co.uk/id/7000000000007238,http://data.ordnancesurvey.co.uk/ontology/admingeo/County,Eastern,http://data.ordnancesurvey.co.uk/id/7000000000041425,England,http://data.ordnancesurvey.co.uk/id/country/england,,,
osgb4000000074798864,http://data.ordnancesurvey.co.uk/id/4000000074798864,Kindersley's Cut,,,,hydrography,Tidal Water,546684,317745,14000,100000,546422,316191,546945,318284,PE13,http://data.ordnancesurvey.co.uk/id/postcodedistrict/PE13,,,,King's Lynn and West Norfolk,http://data.ordnancesurvey.co.uk/id/7000000000007016,http://data.ordnancesurvey.co.uk/ontology/admingeo/District,Norfolk,http://data.ordnancesurvey.co.uk/id/7000000000007238,http://data.ordnancesurvey.co.uk/ontology/admingeo/County,Eastern,http://data.ordnancesurvey.co.uk/id/7000000000041425,England,http://data.ordnancesurvey.co.uk/id/country/england,,,
osgb4000000074733276,http://data.ordnancesurvey.co.uk/id/4000000074733276,Walsingham Fen,,,,landcover,Other Landcover,553866,301943,18000,1300000,552814,300981,555591,302905,PE14,http://data.ordnancesurvey.co.uk/id/postcodedistrict/PE14,,,,King's Lynn and West Norfolk,http://data.ordnancesurvey.co.uk/id/7000000000007016,http://data.ordnancesurvey.co.uk/ontology/admingeo/District,Norfolk,http://data.ordnancesurvey.co.uk/id/7000000000007238,http://data.ordnancesurvey.co.uk/ontology/admingeo/County,Eastern,http://data.ordnancesurvey.co.uk/id/7000000000041425,England,http://data.ordnancesurvey.co.uk/id/country/england,,,
osgb4000000074733762,http://data.ordnancesurvey.co.uk/id/4000000074733762,Cow Croft Field,,,,landcover,Other Landcover,551903,307679,4000,1300000,551587,307430,552208,307930,PE14,http://data.ordnancesurvey.co.uk/id/postcodedistrict/PE14,,,,King's Lynn and West Norfolk,http://data.ordnancesurvey.co.uk/id/7000000000007016,http://data.ordnancesurvey.co.uk/ontology/admingeo/District,Norfolk,http://data.ordnancesurvey.co.uk/id/7000000000007238,http://data.ordnancesurvey.co.uk/ontology/admingeo/County,Eastern,http://data.ordnancesurvey.co.uk/id/7000000000041425,England,http://data.ordnancesurvey.co.uk/id/country/england,,,
osgb4000000074594115,http://data.ordnancesurvey.co.uk/id/4000000074594115,Fenland Field,,,,landcover,Other Landcover,543597,315330,5000,1300000,543347,314997,543847,315711,PE13,http://data.ordnancesurvey.co.uk/id/postcodedistrict/PE13,,,,Fenland,http://data.ordnancesurvey.co.uk/id/7000000000001357,http://data.ordnancesurvey.co.uk/ontology/admingeo/District,Cambridgeshire,http://data.ordnancesurvey.co.uk/id/7000000000001386,http://data.ordnancesurvey.co.uk/ontology/admingeo/County,Eastern,http://data.ordnancesurvey.co.uk/id/7000000000041425,England,http://data.ordnancesurvey.co.uk/id/country/england,,,
osgb4000000074732455,http://data.ordnancesurvey.co.uk/id/4000000074732455,West Field,,,,landcover,Other Landcover,554282,312618,18000,1300000,553919,311123,554645,313950,PE34,http://data.ordnancesurvey.co.uk/id/postcodedistrict/PE34,,,,King's Lynn and West Norfolk,http://data.ordnancesurvey.co.uk/id/7000000000007016,http://data.ordnancesurvey.co.uk/ontology/admingeo/District,Norfolk,http://data.ordnancesurvey.co.uk/id/7000000000007238,http://data.ordnancesurvey.co.uk/ontology/admingeo/County,Eastern,http://data.ordnancesurvey.co.uk/id/7000000000041425,England,http://data.ordnancesurvey.co.uk/id/country/england,,,
osgb4000000074732944,http://data.ordnancesurvey.co.uk/id/4000000074732944,Marwald Field,,,,landcover,Other Landcover,542689,317423,7000,1300000,542273,317005,543373,317840,PE13,http://data.ordnancesurvey.co.uk/id/postcodedistrict/PE13,,,,South Holland,http://data.ordnancesurvey.co.uk/id/7000000000005599,http://data.ordnancesurvey.co.uk/ontology/admingeo/District,Lincolnshire,http://data.ordnancesurvey.co.uk/id/7000000000005942,http://data.ordnancesurvey.co.uk/ontology/admingeo/County,East Midlands,http://data.ordnancesurvey.co.uk/id/7000000000041423,England,http://data.ordnancesurvey.co.uk/id/country/england,,,
osgb4000000074732933,http://data.ordnancesurvey.co.uk/id/4000000074732933,Tuxhill Field,,,,landcover,Other Landcover,552707,317736,10000,1300000,552238,317076,553176,318621,PE34,http://data.ordnancesurvey.co.uk/id/postcodedistrict/PE34,,,,King's Lynn and West Norfolk,http://data.ordnancesurvey.co.uk/id/7000000000007016,http://data.ordnancesurvey.co.uk/ontology/admingeo/District,Norfolk,http://data.ordnancesurvey.co.uk/id/7000000000007238,http://data.ordnancesurvey.co.uk/ontology/admingeo/County,Eastern,http://data.ordnancesurvey.co.uk/id/7000000000041425,England,http://data.ordnancesurvey.co.uk/id/country/england,,,
osgb4000000074732935,http://data.ordnancesurvey.co.uk/id/4000000074732935,South Bridge Field,,,,landcover,Other Landcover,545251,307342,7000,1300000,544716,306825,545787,307951,PE14,http://data.ordnancesurvey.co.uk/id/postcodedistrict/PE14,,,,Fenland,http://data.ordnancesurvey.co.uk/id/7000000000001357,http://data.ordnancesurvey.co.uk/ontology/admingeo/District,Cambridgeshire,http://data.ordnancesurvey.co.uk/id/7000000000001386,http://data.ordnancesurvey.co.uk/ontology/admingeo/County,Eastern,http://data.ordnancesurvey.co.uk/id/7000000000041425,England,http://data.ordnancesurvey.co.uk/id/country/england,,,
osgb4000000074732151,http://data.ordnancesurvey.co.uk/id/4000000074732151,Little Garditch Field,,,,landcover,Other Landcover,546774,312497,2000,1300000,546547,312247,547047,312747,PE14,http://data.ordnancesurvey.co.uk/id/postcodedistrict/PE14,,,,King's Lynn and West Norfolk,http://data.ordnancesurvey.co.uk/id/7000000000007016,http://data.ordnancesurvey.co.uk/ontology/admingeo/District,Norfolk,http://data.ordnancesurvey.co.uk/id/7000000000007238,http://data.ordnancesurvey.co.uk/ontology/admingeo/County,Eastern,http://data.ordnancesurvey.co.uk/id/7000000000041425,England,http://data.ordnancesurvey.co.uk/id/country/england,,,
osgb4000000074733279,http://data.ordnancesurvey.co.uk/id/4000000074733279,Sixth Spellow Field,,,,landcover,Other Landcover,556934,319463,11000,1300000,556150,318529,557719,320294,PE34,http://data.ordnancesurvey.co.uk/id/postcodedistrict/PE34,,,,King's Lynn and West Norfolk,http://data.ordnancesurvey.co.uk/id/7000000000007016,http://data.ordnancesurvey.co.uk/ontology/admingeo/District,Norfolk,http://data.ordnancesurvey.co.uk/id/7000000000007238,http://data.ordnancesurvey.co.uk/ontology/admingeo/County,Eastern,http://data.ordnancesurvey.co.uk/id/7000000000041425,England,http://data.ordnancesurvey.co.uk/id/country/england,,,
osgb4000000074732618,http://data.ordnancesurvey.co.uk/id/4000000074732618,Long Swine Holme Field,,,,landcover,Other Landcover,550653,314493,13000,1300000,549658,313832,551587,315154,PE14,http://data.ordnancesurvey.co.uk/id/postcodedistrict/PE14,,,,King's Lynn and West Norfolk,http://data.ordnancesurvey.co.uk/id/7000000000007016,http://data.ordnancesurvey.co.uk/ontology/admingeo/District,Norfolk,http://data.ordnancesurvey.co.uk/id/7000000000007238,http://data.ordnancesurvey.co.uk/ontology/admingeo/County,Eastern,http://data.ordnancesurvey.co.uk/id/7000000000041425,England,http://data.ordnancesurvey.co.uk/id/country/england,,,
osgb4000000074734114,http://data.ordnancesurvey.co.uk/id/4000000074734114,Wrat Field,,,,landcover,Other Landcover,543003,312250,5000,1300000,542690,311816,543316,312619,PE13,http://data.ordnancesurvey.co.uk/id/postcodedistrict/PE13,,,,Fenland,http://data.ordnancesurvey.co.uk/id/7000000000001357,http://data.ordnancesurvey.co.uk/ontology/admingeo/District,Cambridgeshire,http://data.ordnancesurvey.co.uk/id/7000000000001386,http://data.ordnancesurvey.co.uk/ontology/admingeo/County,Eastern,http://data.ordnancesurvey.co.uk/id/7000000000041425,England,http://data.ordnancesurvey.co.uk/id/country/england,,,
osgb4000000074586711,http://data.ordnancesurvey.co.uk/id/4000000074586711,Marshland,,,,landcover,Other Landcover,554692,313996,132000,1300000,545651,304717,563733,324967,PE34,http://data.ordnancesurvey.co.uk/id/postcodedistrict/PE34,,,,King's Lynn and West Norfolk,http://data.ordnancesurvey.co.uk/id/7000000000007016,http://data.ordnancesurvey.co.uk/ontology/admingeo/District,Norfolk,http://data.ordnancesurvey.co.uk/id/7000000000007238,http://data.ordnancesurvey.co.uk/ontology/admingeo/County,Eastern,http://data.ordnancesurvey.co.uk/id/7000000000041425,England,http://data.ordnancesurvey.co.uk/id/country/england,,,
osgb4000000074733434,http://data.ordnancesurvey.co.uk/id/4000000074733434,Little Sandy Field,,,,landcover,Other Landcover,552614,303725,8000,1300000,552031,303041,553197,304309,PE14,http://data.ordnancesurvey.co.uk/id/postcodedistrict/PE14,,,,King's Lynn and West Norfolk,http://data.ordnancesurvey.co.uk/id/7000000000007016,http://data.ordnancesurvey.co.uk/ontology/admingeo/District,Norfolk,http://data.ordnancesurvey.co.uk/id/7000000000007238,http://data.ordnancesurvey.co.uk/ontology/admingeo/County,Eastern,http://data.ordnancesurvey.co.uk/id/7000000000041425,England,http://data.ordnancesurvey.co.uk/id/country/england,,,
osgb4000000074594395,http://data.ordnancesurvey.co.uk/id/4000000074594395,New Field,,,,landcover,Other Landcover,554739,312351,17000,1300000,554489,311103,554989,313717,PE34,http://data.ordnancesurvey.co.uk/id/postcodedistrict/PE34,,,,King's Lynn and West Norfolk,http://data.ordnancesurvey.co.uk/id/7000000000007016,http://data.ordnancesurvey.co.uk/ontology/admingeo/District,Norfolk,http://data.ordnancesurvey.co.uk/id/7000000000007238,http://data.ordnancesurvey.co.uk/ontology/admingeo/County,Eastern,http://data.ordnancesurvey.co.uk/id/7000000000041425,England,http://data.ordnancesurvey.co.uk/id/country/england,,,
osgb4000000074733281,http://data.ordnancesurvey.co.uk/id/4000000074733281,Balsam Fields,,,,landcover,Other Landcover,555276,318924,10000,1300000,555013,318321,555540,319879,PE34,http://data.ordnancesurvey.co.uk/id/postcodedistrict/PE34,,,,King's Lynn and West Norfolk,http://data.ordnancesurvey.co.uk/id/7000000000007016,http://data.ordnancesurvey.co.uk/ontology/admingeo/District,Norfolk,http://data.ordnancesurvey.co.uk/id/7000000000007238,http://data.ordnancesurvey.co.uk/ontology/admingeo/County,Eastern,http://data.ordnancesurvey.co.uk/id/7000000000041425,England,http://data.ordnancesurvey.co.uk/id/country/england,,,
osgb4000000074733604,http://data.ordnancesurvey.co.uk/id/4000000074733604,Ivesdike Field,,,,landcover,Other Landcover,543912,312429,7000,1300000,543662,311910,544162,312947,PE13,http://data.ordnancesurvey.co.uk/id/postcodedistrict/PE13,,,,Fenland,http://data.ordnancesurvey.co.uk/id/7000000000001357,http://data.ordnancesurvey.co.uk/ontology/admingeo/District,Cambridgeshire,http://data.ordnancesurvey.co.uk/id/7000000000001386,http://data.ordnancesurvey.co.uk/ontology/admingeo/County,Eastern,http://data.ordnancesurvey.co.uk/id/7000000000041425,England,http://data.ordnancesurvey.co.uk/id/country/england,,,
osgb4000000074732629,http://data.ordnancesurvey.co.uk/id/4000000074732629,Newton Fen,,,,landcover,Other Landcover,541272,313352,22000,1300000,539082,311788,542394,314917,PE13,http://data.ordnancesurvey.co.uk/id/postcodedistrict/PE13,,,,Fenland,http://data.ordnancesurvey.co.uk/id/7000000000001357,http://data.ordnancesurvey.co.uk/ontology/admingeo/District,Cambridgeshire,http://data.ordnancesurvey.co.uk/id/7000000000001386,http://data.ordnancesurvey.co.uk/ontology/admingeo/County,Eastern,http://data.ordnancesurvey.co.uk/id/7000000000041425,England,http://data.ordnancesurvey.co.uk/id/country/england,,,
osgb4000000074597262,http://data.ordnancesurvey.co.uk/id/4000000074597262,Barton Holt,,,,landcover,Other Landcover,542297,317727,5000,1300000,541972,317412,542748,318042,PE12,http://data.ordnancesurvey.co.uk/id/postcodedistrict/PE12,,,,South Holland,http://data.ordnancesurvey.co.uk/id/7000000000005599,http://data.ordnancesurvey.co.uk/ontology/admingeo/District,Lincolnshire,http://data.ordnancesurvey.co.uk/id/7000000000005942,http://data.ordnancesurvey.co.uk/ontology/admingeo/County,East Midlands,http://data.ordnancesurvey.co.uk/id/7000000000041423,England,http://data.ordnancesurvey.co.uk/id/country/england,,,
osgb4000000074733771,http://data.ordnancesurvey.co.uk/id/4000000074733771,Richey Field,,,,landcover,Other Landcover,540425,307685,4000,1300000,540168,307452,540683,308022,PE13,http://data.ordnancesurvey.co.uk/id/postcodedistrict/PE13,,,,Fenland,http://data.ordnancesurvey.co.uk/id/7000000000001357,http://data.ordnancesurvey.co.uk/ontology/admingeo/District,Cambridgeshire,http://data.ordnancesurvey.co.uk/id/7000000000001386,http://data.ordnancesurvey.co.uk/ontology/admingeo/County,Eastern,http://data.ordnancesurvey.co.uk/id/7000000000041425,England,http://data.ordnancesurvey.co.uk/id/country/england,,,
osgb4000000074732776,http://data.ordnancesurvey.co.uk/id/4000000074732776,Leman's Knapemoor Field,,,,landcover,Other Landcover,549271,308326,7000,1300000,548804,307807,549773,308846,PE14,http://data.ordnancesurvey.co.uk/id/postcodedistrict/PE14,,,,King's Lynn and West Norfolk,http://data.ordnancesurvey.co.uk/id/7000000000007016,http://data.ordnancesurvey.co.uk/ontology/admingeo/District,Norfolk,http://data.ordnancesurvey.co.uk/id/7000000000007238,http://data.ordnancesurvey.co.uk/ontology/admingeo/County,Eastern,http://data.ordnancesurvey.co.uk/id/7000000000041425,England,http://data.ordnancesurvey.co.uk/id/country/england,,,
osgb4000000074732292,http://data.ordnancesurvey.co.uk/id/4000000074732292,Fourth Frith Field,,,,landcover,Other Landcover,556573,317342,4000,800000,556259,317020,556868,317664,PE34,http://data.ordnancesurvey.co.uk/id/postcodedistrict/PE34,,,,King's Lynn and West Norfolk,http://data.ordnancesurvey.co.uk/id/7000000000007016,http://data.ordnancesurvey.co.uk/ontology/admingeo/District,Norfolk,http://data.ordnancesurvey.co.uk/id/7000000000007238,http://data.ordnancesurvey.co.uk/ontology/admingeo/County,Eastern,http://data.ordnancesurvey.co.uk/id/7000000000041425,England,http://data.ordnancesurvey.co.uk/id/country/england,,,
osgb4000000074732784,http://data.ordnancesurvey.co.uk/id/4000000074732784,Eaudike Field,,,,landcover,Other Landcover,543431,317007,11000,1300000,542639,316560,544275,317454,PE13,http://data.ordnancesurvey.co.uk/id/postcodedistrict/PE13,,,,Fenland,http://data.ordnancesurvey.co.uk/id/7000000000001357,http://data.ordnancesurvey.co.uk/ontology/admingeo/District,Cambridgeshire,http://data.ordnancesurvey.co.uk/id/7000000000001386,http://data.ordnancesurvey.co.uk/ontology/admingeo/County,Eastern,http://data.ordnancesurvey.co.uk/id/7000000000041425,England,http://data.ordnancesurvey.co.uk/id/country/england,,,
osgb4000000074733110,http://data.ordnancesurvey.co.uk/id/4000000074733110,Wheatley Field,,,,landcover,Other Landcover,549184,311462,10000,1300000,548616,310750,549753,312259,PE14,http://data.ordnancesurvey.co.uk/id/postcodedistrict/PE14,,,,King's Lynn and West Norfolk,http://data.ordnancesurvey.co.uk/id/7000000000007016,http://data.ordnancesurvey.co.uk/ontology/admingeo/District,Norfolk,http://data.ordnancesurvey.co.uk/id/7000000000007238,http://data.ordnancesurvey.co.uk/ontology/admingeo/County,Eastern,http://data.ordnancesurvey.co.uk/id/7000000000041425,England,http://data.ordnancesurvey.co.uk/id/country/england,,,
osgb4000000074735635,http://data.ordnancesurvey.co.uk/id/4000000074735635,Little Boleness Field,,,,landcover,Other Landcover,546302,307834,6000,1300000,545721,307502,546578,308166,PE13,http://data.ordnancesurvey.co.uk/id/postcodedistrict/PE13,,,,Fenland,http://data.ordnancesurvey.co.uk/id/7000000000001357,http://data.ordnancesurvey.co.uk/ontology/admingeo/District,Cambridgeshire,http://data.ordnancesurvey.co.uk/id/7000000000001386,http://data.ordnancesurvey.co.uk/ontology/admingeo/County,Eastern,http://data.ordnancesurvey.co.uk/id/7000000000041425,England,http://data.ordnancesurvey.co.uk/id/country/england,,,
osgb4000000074733764,http://data.ordnancesurvey.co.uk/id/4000000074733764,Broad Fen,,,,landcover,Other Landcover,556160,310913,13000,1300000,555187,310019,557147,311808,PE14,http://data.ordnancesurvey.co.uk/id/postcodedistrict/PE14,,,,King's Lynn and West Norfolk,http://data.ordnancesurvey.co.uk/id/7000000000007016,http://data.ordnancesurvey.co.uk/ontology/admingeo/District,Norfolk,http://data.ordnancesurvey.co.uk/id/7000000000007238,http://data.ordnancesurvey.co.uk/ontology/admingeo/County,Eastern,http://data.ordnancesurvey.co.uk/id/7000000000041425,England,http://data.ordnancesurvey.co.uk/id/country/england,,,
osgb4000000074733292,http://data.ordnancesurvey.co.uk/id/4000000074733292,Middle Field,,,,landcover,Other Landcover,544269,319083,6000,1300000,543705,318706,544695,319460,PE13,http://data.ordnancesurvey.co.uk/id/postcodedistrict/PE13,,,,South Holland,http://data.ordnancesurvey.co.uk/id/7000000000005599,http://data.ordnancesurvey.co.uk/ontology/admingeo/District,Lincolnshire,http://data.ordnancesurvey.co.uk/id/7000000000005942,http://data.ordnancesurvey.co.uk/ontology/admingeo/County,East Midlands,http://data.ordnancesurvey.co.uk/id/7000000000041423,England,http://data.ordnancesurvey.co.uk/id/country/england,,,
osgb4000000074732943,http://data.ordnancesurvey.co.uk/id/4000000074732943,Lowgate Field,,,,landcover,Other Landcover,543331,317486,5000,1300000,542908,317054,543753,317795,PE13,http://data.ordnancesurvey.co.uk/id/postcodedistrict/PE13,,,,South Holland,http://data.ordnancesurvey.co.uk/id/7000000000005599,http://data.ordnancesurvey.co.uk/ontology/admingeo/District,Lincolnshire,http://data.ordnancesurvey.co.uk/id/7000000000005942,http://data.ordnancesurvey.co.uk/ontology/admingeo/County,East Midlands,http://data.ordnancesurvey.co.uk/id/7000000000041423,England,http://data.ordnancesurvey.co.uk/id/country/england,,,
osgb4000000074732768,http://data.ordnancesurvey.co.uk/id/4000000074732768,Fulmer Field,,,,landcover,Other Landcover,553166,317415,6000,1300000,552831,316976,553500,317881,PE34,http://data.ordnancesurvey.co.uk/id/postcodedistrict/PE34,,,,King's Lynn and West Norfolk,http://data.ordnancesurvey.co.uk/id/7000000000007016,http://data.ordnancesurvey.co.uk/ontology/admingeo/District,Norfolk,http://data.ordnancesurvey.co.uk/id/7000000000007238,http://data.ordnancesurvey.co.uk/ontology/admingeo/County,Eastern,http://data.ordnancesurvey.co.uk/id/7000000000041425,England,http://data.ordnancesurvey.co.uk/id/country/england,,,
osgb4000000074595019,http://data.ordnancesurvey.co.uk/id/4000000074595019,New Field,,,,landcover,Other Landcover,550595,308636,7000,1300000,550013,308201,551154,309070,PE14,http://data.ordnancesurvey.co.uk/id/postcodedistrict/PE14,,,,King's Lynn and West Norfolk,http://data.ordnancesurvey.co.uk/id/7000000000007016,http://data.ordnancesurvey.co.uk/ontology/admingeo/District,Norfolk,http://data.ordnancesurvey.co.uk/id/7000000000007238,http://data.ordnancesurvey.co.uk/ontology/admingeo/County,Eastern,http://data.ordnancesurvey.co.uk/id/7000000000041425,England,http://data.ordnancesurvey.co.uk/id/country/england,,,
osgb4000000074736224,http://data.ordnancesurvey.co.uk/id/4000000074736224,Great Fendike Field,,,,landcover,Other Landcover,550989,307282,1000,1300000,550739,307031,551239,307531,PE14,http://data.ordnancesurvey.co.uk/id/postcodedistrict/PE14,,,,King's Lynn and West Norfolk,http://data.ordnancesurvey.co.uk/id/7000000000007016,http://data.ordnancesurvey.co.uk/ontology/admingeo/District,Norfolk,http://data.ordnancesurvey.co.uk/id/7000000000007238,http://data.ordnancesurvey.co.uk/ontology/admingeo/County,Eastern,http://data.ordnancesurvey.co.uk/id/7000000000041425,England,http://data.ordnancesurvey.co.uk/id/country/england,,,
osgb4000000074733448,http://data.ordnancesurvey.co.uk/id/4000000074733448,Pap's Field,,,,landcover,Other Landcover,544018,311232,6000,1300000,543768,310802,544268,311707,PE13,http://data.ordnancesurvey.co.uk/id/postcodedistrict/PE13,,,,Fenland,http://data.ordnancesurvey.co.uk/id/7000000000001357,http://data.ordnancesurvey.co.uk/ontology/admingeo/District,Cambridgeshire,http://data.ordnancesurvey.co.uk/id/7000000000001386,http://data.ordnancesurvey.co.uk/ontology/admingeo/County,Eastern,http://data.ordnancesurvey.co.uk/id/7000000000041425,England,http://data.ordnancesurvey.co.uk/id/country/england,,,
osgb4000000074732296,http://data.ordnancesurvey.co.uk/id/4000000074732296,Poyce Field,,,,landcover,Other Landcover,554976,313043,7000,1300000,554727,312489,555227,313615,PE34,http://data.ordnancesurvey.co.uk/id/postcodedistrict/PE34,,,,King's Lynn and West Norfolk,http://data.ordnancesurvey.co.uk/id/7000000000007016,http://data.ordnancesurvey.co.uk/ontology/admingeo/District,Norfolk,http://data.ordnancesurvey.co.uk/id/7000000000007238,http://data.ordnancesurvey.co.uk/ontology/admingeo/County,Eastern,http://data.ordnancesurvey.co.uk/id/7000000000041425,England,http://data.ordnancesurvey.co.uk/id/country/england,,,
osgb4000000074733438,http://data.ordnancesurvey.co.uk/id/4000000074733438,Boyce Fen,,,,landcover,Other Landcover,553524,305191,11000,1300000,552627,304721,554288,305660,PE14,http://data.ordnancesurvey.co.uk/id/postcodedistrict/PE14,,,,King's Lynn and West Norfolk,http://data.ordnancesurvey.co.uk/id/7000000000007016,http://data.ordnancesurvey.co.uk/ontology/admingeo/District,Norfolk,http://data.ordnancesurvey.co.uk/id/7000000000007238,http://data.ordnancesurvey.co.uk/ontology/admingeo/County,Eastern,http://data.ordnancesurvey.co.uk/id/7000000000041425,England,http://data.ordnancesurvey.co.uk/id/country/england,,,
osgb4000000074733283,http://data.ordnancesurvey.co.uk/id/4000000074733283,Little East Field,,,,landcover,Other Landcover,547379,311422,4000,1300000,547090,311118,547711,311726,PE14,http://data.ordnancesurvey.co.uk/id/postcodedistrict/PE14,,,,King's Lynn and West Norfolk,http://data.ordnancesurvey.co.uk/id/7000000000007016,http://data.ordnancesurvey.co.uk/ontology/admingeo/District,Norfolk,http://data.ordnancesurvey.co.uk/id/7000000000007238,http://data.ordnancesurvey.co.uk/ontology/admingeo/County,Eastern,http://data.ordnancesurvey.co.uk/id/7000000000041425,England,http://data.ordnancesurvey.co.uk/id/country/england,,,
osgb4000000074732307,http://data.ordnancesurvey.co.uk/id/4000000074732307,Thorn Moor Field,,,,landcover,Other Landcover,549232,315299,14000,1300000,548606,314346,549859,316548,PE14,http://data.ordnancesurvey.co.uk/id/postcodedistrict/PE14,,,,King's Lynn and West Norfolk,http://data.ordnancesurvey.co.uk/id/7000000000007016,http://data.ordnancesurvey.co.uk/ontology/admingeo/District,Norfolk,http://data.ordnancesurvey.co.uk/id/7000000000007238,http://data.ordnancesurvey.co.uk/ontology/admingeo/County,Eastern,http://data.ordnancesurvey.co.uk/id/7000000000041425,England,http://data.ordnancesurvey.co.uk/id/country/england,,,
osgb4000000074732940,http://data.ordnancesurvey.co.uk/id/4000000074732940,Horn Field,,,,landcover,Other Landcover,541676,316240,8000,1300000,541232,315640,542120,316805,PE13,http://data.ordnancesurvey.co.uk/id/postcodedistrict/PE13,,,,Fenland,http://data.ordnancesurvey.co.uk/id/7000000000001357,http://data.ordnancesurvey.co.uk/ontology/admingeo/District,Cambridgeshire,http://data.ordnancesurvey.co.uk/id/7000000000001386,http://data.ordnancesurvey.co.uk/ontology/admingeo/County,Eastern,http://data.ordnancesurvey.co.uk/id/7000000000041425,England,http://data.ordnancesurvey.co.uk/id/country/england,,,
osgb4000000074733103,http://data.ordnancesurvey.co.uk/id/4000000074733103,Kirk Field,,,,landcover,Other Landcover,550409,317205,4000,1300000,550107,316927,550710,317569,PE14,http://data.ordnancesurvey.co.uk/id/postcodedistrict/PE14,,,,King's Lynn and West Norfolk,http://data.ordnancesurvey.co.uk/id/7000000000007016,http://data.ordnancesurvey.co.uk/ontology/admingeo/District,Norfolk,http://data.ordnancesurvey.co.uk/id/7000000000007238,http://data.ordnancesurvey.co.uk/ontology/admingeo/County,Eastern,http://data.ordnancesurvey.co.uk/id/7000000000041425,England,http://data.ordnancesurvey.co.uk/id/country/england,,,
osgb4000000074733445,http://data.ordnancesurvey.co.uk/id/4000000074733445,Letaft's Field,,,,landcover,Other Landcover,546741,311430,4000,1300000,546431,311180,547088,311680,PE13,http://data.ordnancesurvey.co.uk/id/postcodedistrict/PE13,,,,King's Lynn and West Norfolk,http://data.ordnancesurvey.co.uk/id/7000000000007016,http://data.ordnancesurvey.co.uk/ontology/admingeo/District,Norfolk,http://data.ordnancesurvey.co.uk/id/7000000000007238,http://data.ordnancesurvey.co.uk/ontology/admingeo/County,Eastern,http://data.ordnancesurvey.co.uk/id/7000000000041425,England,http://data.ordnancesurvey.co.uk/id/country/england,,,
osgb4000000074733760,http://data.ordnancesurvey.co.uk/id/4000000074733760,Wiggenhall St Mary Magdalen's Fen,,,,landcover,Other Landcover,557836,308448,39000,1300000,555639,305804,560033,311728,PE34,http://data.ordnancesurvey.co.uk/id/postcodedistrict/PE34,,,,King's Lynn and West Norfolk,http://data.ordnancesurvey.co.uk/id/7000000000007016,http://data.ordnancesurvey.co.uk/ontology/admingeo/District,Norfolk,http://data.ordnancesurvey.co.uk/id/7000000000007238,http://data.ordnancesurvey.co.uk/ontology/admingeo/County,Eastern,http://data.ordnancesurvey.co.uk/id/7000000000041425,England,http://data.ordnancesurvey.co.uk/id/country/england,,,
osgb4000000074732942,http://data.ordnancesurvey.co.uk/id/4000000074732942,Old Eau Field,,,,landcover,Other Landcover,543818,317454,6000,1300000,543223,317038,544129,317871,PE13,http://data.ordnancesurvey.co.uk/id/postcodedistrict/PE13,,,,Fenland,http://data.ordnancesurvey.co.uk/id/7000000000001357,http://data.ordnancesurvey.co.uk/ontology/admingeo/District,Cambridgeshire,http://data.ordnancesurvey.co.uk/id/7000000000001386,http://data.ordnancesurvey.co.uk/ontology/admingeo/County,Eastern,http://data.ordnancesurvey.co.uk/id/7000000000041425,England,http://data.ordnancesurvey.co.uk/id/country/england,,,
osgb4000000074733114,http://data.ordnancesurvey.co.uk/id/4000000074733114,Summer Lesure Field,,,,landcover,Other Landcover,542148,318811,5000,1300000,541844,318484,542453,319182,PE12,http://data.ordnancesurvey.co.uk/id/postcodedistrict/PE12,,,,South Holland,http://data.ordnancesurvey.co.uk/id/7000000000005599,http://data.ordnancesurvey.co.uk/ontology/admingeo/District,Lincolnshire,http://data.ordnancesurvey.co.uk/id/7000000000005942,http://data.ordnancesurvey.co.uk/ontology/admingeo/County,East Midlands,http://data.ordnancesurvey.co.uk/id/7000000000041423,England,http://data.ordnancesurvey.co.uk/id/country/england,,,
osgb4000000074594724,http://data.ordnancesurvey.co.uk/id/4000000074594724,Little East Field,,,,landcover,Other Landcover,544465,316202,4000,1300000,544231,315952,544828,316453,PE13,http://data.ordnancesurvey.co.uk/id/postcodedistrict/PE13,,,,Fenland,http://data.ordnancesurvey.co.uk/id/7000000000001357,http://data.ordnancesurvey.co.uk/ontology/admingeo/District,Cambridgeshire,http://data.ordnancesurvey.co.uk/id/7000000000001386,http://data.ordnancesurvey.co.uk/ontology/admingeo/County,Eastern,http://data.ordnancesurvey.co.uk/id/7000000000041425,England,http://data.ordnancesurvey.co.uk/id/country/england,,,
osgb4000000074732621,http://data.ordnancesurvey.co.uk/id/4000000074732621,Says Field,,,,landcover,Other Landcover,554945,318382,4000,1300000,554682,318180,555208,318859,PE34,http://data.ordnancesurvey.co.uk/id/postcodedistrict/PE34,,,,King's Lynn and West Norfolk,http://data.ordnancesurvey.co.uk/id/7000000000007016,http://data.ordnancesurvey.co.uk/ontology/admingeo/District,Norfolk,http://data.ordnancesurvey.co.uk/id/7000000000007238,http://data.ordnancesurvey.co.uk/ontology/admingeo/County,Eastern,http://data.ordnancesurvey.co.uk/id/7000000000041425,England,http://data.ordnancesurvey.co.uk/id/country/england,,,
osgb4000000074732310,http://data.ordnancesurvey.co.uk/id/4000000074732310,Furlong Field,,,,landcover,Other Landcover,544663,316954,5000,1300000,544207,316684,545031,317223,PE13,http://data.ordnancesurvey.co.uk/id/postcodedistrict/PE13,,,,Fenland,http://data.ordnancesurvey.co.uk/id/7000000000001357,http://data.ordnancesurvey.co.uk/ontology/admingeo/District,Cambridgeshire,http://data.ordnancesurvey.co.uk/id/7000000000001386,http://data.ordnancesurvey.co.uk/ontology/admingeo/County,Eastern,http://data.ordnancesurvey.co.uk/id/7000000000041425,England,http://data.ordnancesurvey.co.uk/id/country/england,,,
osgb4000000074814016,http://data.ordnancesurvey.co.uk/id/4000000074814016,Relief Channel,,,,hydrography,Channel,558872,300934,1000,100000,558622,300684,559122,301184,PE38,http://data.ordnancesurvey.co.uk/id/postcodedistrict/PE38,,,,King's Lynn and West Norfolk,http://data.ordnancesurvey.co.uk/id/7000000000007016,http://data.ordnancesurvey.co.uk/ontology/admingeo/District,Norfolk,http://data.ordnancesurvey.co.uk/id/7000000000007238,http://data.ordnancesurvey.co.uk/ontology/admingeo/County,Eastern,http://data.ordnancesurvey.co.uk/id/7000000000041425,England,http://data.ordnancesurvey.co.uk/id/country/england,,,
osgb4000000074733768,http://data.ordnancesurvey.co.uk/id/4000000074733768,Nymandole Field,,,,landcover,Other Landcover,542604,308912,11000,1300000,541787,308155,543421,309737,PE13,http://data.ordnancesurvey.co.uk/id/postcodedistrict/PE13,,,,Fenland,http://data.ordnancesurvey.co.uk/id/7000000000001357,http://data.ordnancesurvey.co.uk/ontology/admingeo/District,Cambridgeshire,http://data.ordnancesurvey.co.uk/id/7000000000001386,http://data.ordnancesurvey.co.uk/ontology/admingeo/County,Eastern,http://data.ordnancesurvey.co.uk/id/7000000000041425,England,http://data.ordnancesurvey.co.uk/id/country/england,,,
osgb4000000074733770,http://data.ordnancesurvey.co.uk/id/4000000074733770,Mundford Field,,,,landcover,Other Landcover,540607,306183,11000,1300000,540014,305362,541200,307000,PE13,http://data.ordnancesurvey.co.uk/id/postcodedistrict/PE13,,,,Fenland,http://data.ordnancesurvey.co.uk/id/7000000000001357,http://data.ordnancesurvey.co.uk/ontology/admingeo/District,Cambridgeshire,http://data.ordnancesurvey.co.uk/id/7000000000001386,http://data.ordnancesurvey.co.uk/ontology/admingeo/County,Eastern,http://data.ordnancesurvey.co.uk/id/7000000000041425,England,http://data.ordnancesurvey.co.uk/id/country/england,,,
osgb4000000074732937,http://data.ordnancesurvey.co.uk/id/4000000074732937,Redmoor Mill Field,,,,landcover,Other Landcover,544640,307150,6000,1300000,544209,306735,545071,307554,PE14,http://data.ordnancesurvey.co.uk/id/postcodedistrict/PE14,,,,Fenland,http://data.ordnancesurvey.co.uk/id/7000000000001357,http://data.ordnancesurvey.co.uk/ontology/admingeo/District,Cambridgeshire,http://data.ordnancesurvey.co.uk/id/7000000000001386,http://data.ordnancesurvey.co.uk/ontology/admingeo/County,Eastern,http://data.ordnancesurvey.co.uk/id/7000000000041425,England,http://data.ordnancesurvey.co.uk/id/country/england,,,
osgb4000000074732467,http://data.ordnancesurvey.co.uk/id/4000000074732467,Gull Field,,,,landcover,Other Landcover,543519,313177,2000,1300000,543269,312909,543769,313409,PE13,http://data.ordnancesurvey.co.uk/id/postcodedistrict/PE13,,,,Fenland,http://data.ordnancesurvey.co.uk/id/7000000000001357,http://data.ordnancesurvey.co.uk/ontology/admingeo/District,Cambridgeshire,http://data.ordnancesurvey.co.uk/id/7000000000001386,http://data.ordnancesurvey.co.uk/ontology/admingeo/County,Eastern,http://data.ordnancesurvey.co.uk/id/7000000000041425,England,http://data.ordnancesurvey.co.uk/id/country/england,,,
osgb4000000074733599,http://data.ordnancesurvey.co.uk/id/4000000074733599,Marsh Meadows,,,,landcover,Other Landcover,552116,305480,3000,1300000,551866,305233,552366,305733,PE14,http://data.ordnancesurvey.co.uk/id/postcodedistrict/PE14,,,,King's Lynn and West Norfolk,http://data.ordnancesurvey.co.uk/id/7000000000007016,http://data.ordnancesurvey.co.uk/ontology/admingeo/District,Norfolk,http://data.ordnancesurvey.co.uk/id/7000000000007238,http://data.ordnancesurvey.co.uk/ontology/admingeo/County,Eastern,http://data.ordnancesurvey.co.uk/id/7000000000041425,England,http://data.ordnancesurvey.co.uk/id/country/england,,,
osgb4000000074594408,http://data.ordnancesurvey.co.uk/id/4000000074594408,Karrow Field,,,,landcover,Other Landcover,540156,315729,8000,1300000,539672,315333,540879,316125,PE13,http://data.ordnancesurvey.co.uk/id/postcodedistrict/PE13,,,,Fenland,http://data.ordnancesurvey.co.uk/id/7000000000001357,http://data.ordnancesurvey.co.uk/ontology/admingeo/District,Cambridgeshire,http://data.ordnancesurvey.co.uk/id/7000000000001386,http://data.ordnancesurvey.co.uk/ontology/admingeo/County,Eastern,http://data.ordnancesurvey.co.uk/id/7000000000041425,England,http://data.ordnancesurvey.co.uk/id/country/england,,,
osgb4000000074732777,http://data.ordnancesurvey.co.uk/id/4000000074732777,Turpitt's Field,,,,landcover,Other Landcover,548392,309036,2000,1300000,548143,308805,548643,309305,PE14,http://data.ordnancesurvey.co.uk/id/postcodedistrict/PE14,,,,King's Lynn and West Norfolk,http://data.ordnancesurvey.co.uk/id/7000000000007016,http://data.ordnancesurvey.co.uk/ontology/admingeo/District,Norfolk,http://data.ordnancesurvey.co.uk/id/7000000000007238,http://data.ordnancesurvey.co.uk/ontology/admingeo/County,Eastern,http://data.ordnancesurvey.co.uk/id/7000000000041425,England,http://data.ordnancesurvey.co.uk/id/country/england,,,
osgb4000000074732470,http://data.ordnancesurvey.co.uk/id/4000000074732470,Rowles Field,,,,landcover,Other Landcover,542610,314263,3000,1300000,542356,314013,542856,314513,PE13,http://data.ordnancesurvey.co.uk/id/postcodedistrict/PE13,,,,Fenland,http://data.ordnancesurvey.co.uk/id/7000000000001357,http://data.ordnancesurvey.co.uk/ontology/admingeo/District,Cambridgeshire,http://data.ordnancesurvey.co.uk/id/7000000000001386,http://data.ordnancesurvey.co.uk/ontology/admingeo/County,Eastern,http://data.ordnancesurvey.co.uk/id/7000000000041425,England,http://data.ordnancesurvey.co.uk/id/country/england,,,
osgb4000000074732770,http://data.ordnancesurvey.co.uk/id/4000000074732770,Jankin Field,,,,landcover,Other Landcover,553816,317472,10000,1300000,553309,316686,554323,318297,PE34,http://data.ordnancesurvey.co.uk/id/postcodedistrict/PE34,,,,King's Lynn and West Norfolk,http://data.ordnancesurvey.co.uk/id/7000000000007016,http://data.ordnancesurvey.co.uk/ontology/admingeo/District,Norfolk,http://data.ordnancesurvey.co.uk/id/7000000000007238,http://data.ordnancesurvey.co.uk/ontology/admingeo/County,Eastern,http://data.ordnancesurvey.co.uk/id/7000000000041425,England,http://data.ordnancesurvey.co.uk/id/country/england,,,
osgb4000000074584758,http://data.ordnancesurvey.co.uk/id/4000000074584758,Fitton Croft,,,,landcover,Other Landcover,542850,312914,1000,1300000,542600,312664,543100,313164,PE13,http://data.ordnancesurvey.co.uk/id/postcodedistrict/PE13,,,,Fenland,http://data.ordnancesurvey.co.uk/id/7000000000001357,http://data.ordnancesurvey.co.uk/ontology/admingeo/District,Cambridgeshire,http://data.ordnancesurvey.co.uk/id/7000000000001386,http://data.ordnancesurvey.co.uk/ontology/admingeo/County,Eastern,http://data.ordnancesurvey.co.uk/id/7000000000041425,England,http://data.ordnancesurvey.co.uk/id/country/england,,,
osgb4000000074733947,http://data.ordnancesurvey.co.uk/id/4000000074733947,Plain Field,,,,landcover,Other Landcover,541806,309743,7000,1300000,541212,309222,542254,310265,PE13,http://data.ordnancesurvey.co.uk/id/postcodedistrict/PE13,,,,Fenland,http://data.ordnancesurvey.co.uk/id/7000000000001357,http://data.ordnancesurvey.co.uk/ontology/admingeo/District,Cambridgeshire,http://data.ordnancesurvey.co.uk/id/7000000000001386,http://data.ordnancesurvey.co.uk/ontology/admingeo/County,Eastern,http://data.ordnancesurvey.co.uk/id/7000000000041425,England,http://data.ordnancesurvey.co.uk/id/country/england,,,
osgb4000000074732946,http://data.ordnancesurvey.co.uk/id/4000000074732946,Parsonage Field,,,,landcover,Other Landcover,542847,318318,11000,1300000,541983,317891,543653,318745,PE12,http://data.ordnancesurvey.co.uk/id/postcodedistrict/PE12,,,,South Holland,http://data.ordnancesurvey.co.uk/id/7000000000005599,http://data.ordnancesurvey.co.uk/ontology/admingeo/District,Lincolnshire,http://data.ordnancesurvey.co.uk/id/7000000000005942,http://data.ordnancesurvey.co.uk/ontology/admingeo/County,East Midlands,http://data.ordnancesurvey.co.uk/id/7000000000041423,England,http://data.ordnancesurvey.co.uk/id/country/england,,,
osgb4000000074584811,http://data.ordnancesurvey.co.uk/id/4000000074584811,South Crofts,,,,landcover,Other Landcover,543493,315895,7000,1300000,543010,315547,544133,316243,PE13,http://data.ordnancesurvey.co.uk/id/postcodedistrict/PE13,,,,Fenland,http://data.ordnancesurvey.co.uk/id/7000000000001357,http://data.ordnancesurvey.co.uk/ontology/admingeo/District,Cambridgeshire,http://data.ordnancesurvey.co.uk/id/7000000000001386,http://data.ordnancesurvey.co.uk/ontology/admingeo/County,Eastern,http://data.ordnancesurvey.co.uk/id/7000000000041425,England,http://data.ordnancesurvey.co.uk/id/country/england,,,
osgb4000000074733765,http://data.ordnancesurvey.co.uk/id/4000000074733765,Great West New Field,,,,landcover,Other Landcover,551509,311410,14000,1300000,550572,310301,552447,312439,PE14,http://data.ordnancesurvey.co.uk/id/postcodedistrict/PE14,,,,King's Lynn and West Norfolk,http://data.ordnancesurvey.co.uk/id/7000000000007016,http://data.ordnancesurvey.co.uk/ontology/admingeo/District,Norfolk,http://data.ordnancesurvey.co.uk/id/7000000000007238,http://data.ordnancesurvey.co.uk/ontology/admingeo/County,Eastern,http://data.ordnancesurvey.co.uk/id/7000000000041425,England,http://data.ordnancesurvey.co.uk/id/country/england,,,
osgb4000000074733446,http://data.ordnancesurvey.co.uk/id/4000000074733446,Waterlees Field,,,,landcover,Other Landcover,546759,311682,6000,1300000,546427,311207,547091,312098,PE14,http://data.ordnancesurvey.co.uk/id/postcodedistrict/PE14,,,,King's Lynn and West Norfolk,http://data.ordnancesurvey.co.uk/id/7000000000007016,http://data.ordnancesurvey.co.uk/ontology/admingeo/District,Norfolk,http://data.ordnancesurvey.co.uk/id/7000000000007238,http://data.ordnancesurvey.co.uk/ontology/admingeo/County,Eastern,http://data.ordnancesurvey.co.uk/id/7000000000041425,England,http://data.ordnancesurvey.co.uk/id/country/england,,,
osgb4000000074733759,http://data.ordnancesurvey.co.uk/id/4000000074733759,Wiggenhall St Mary Magdalen's Common,,,,landcover,Other Landcover,559343,307000,12000,1300000,558355,306171,560163,307829,PE34,http://data.ordnancesurvey.co.uk/id/postcodedistrict/PE34,,,,King's Lynn and West Norfolk,http://data.ordnancesurvey.co.uk/id/7000000000007016,http://data.ordnancesurvey.co.uk/ontology/admingeo/District,Norfolk,http://data.ordnancesurvey.co.uk/id/7000000000007238,http://data.ordnancesurvey.co.uk/ontology/admingeo/County,Eastern,http://data.ordnancesurvey.co.uk/id/7000000000041425,England,http://data.ordnancesurvey.co.uk/id/country/england,,,
osgb4000000074734280,http://data.ordnancesurvey.co.uk/id/4000000074734280,Gore Field,,,,landcover,Other Landcover,541083,312311,21000,1300000,539101,311767,542351,312855,PE13,http://data.ordnancesurvey.co.uk/id/postcodedistrict/PE13,,,,Fenland,http://data.ordnancesurvey.co.uk/id/7000000000001357,http://data.ordnancesurvey.co.uk/ontology/admingeo/District,Cambridgeshire,http://data.ordnancesurvey.co.uk/id/7000000000001386,http://data.ordnancesurvey.co.uk/ontology/admingeo/County,Eastern,http://data.ordnancesurvey.co.uk/id/7000000000041425,England,http://data.ordnancesurvey.co.uk/id/country/england,,,
osgb4000000074733602,http://data.ordnancesurvey.co.uk/id/4000000074733602,Little Fendike Field,,,,landcover,Other Landcover,550724,306112,8000,1300000,550147,305579,551301,306644,PE14,http://data.ordnancesurvey.co.uk/id/postcodedistrict/PE14,,,,King's Lynn and West Norfolk,http://data.ordnancesurvey.co.uk/id/7000000000007016,http://data.ordnancesurvey.co.uk/ontology/admingeo/District,Norfolk,http://data.ordnancesurvey.co.uk/id/7000000000007238,http://data.ordnancesurvey.co.uk/ontology/admingeo/County,Eastern,http://data.ordnancesurvey.co.uk/id/7000000000041425,England,http://data.ordnancesurvey.co.uk/id/country/england,,,
osgb4000000074733437,http://data.ordnancesurvey.co.uk/id/4000000074733437,Low March Meadows,,,,landcover,Other Landcover,552856,304885,6000,1300000,552359,304563,553352,305325,PE14,http://data.ordnancesurvey.co.uk/id/postcodedistrict/PE14,,,,King's Lynn and West Norfolk,http://data.ordnancesurvey.co.uk/id/7000000000007016,http://data.ordnancesurvey.co.uk/ontology/admingeo/District,Norfolk,http://data.ordnancesurvey.co.uk/id/7000000000007238,http://data.ordnancesurvey.co.uk/ontology/admingeo/County,Eastern,http://data.ordnancesurvey.co.uk/id/7000000000041425,England,http://data.ordnancesurvey.co.uk/id/country/england,,,
osgb4000000074732306,http://data.ordnancesurvey.co.uk/id/4000000074732306,West Field,,,,landcover,Other Landcover,543936,314041,6000,1300000,543637,313583,544234,314441,PE13,http://data.ordnancesurvey.co.uk/id/postcodedistrict/PE13,,,,Fenland,http://data.ordnancesurvey.co.uk/id/7000000000001357,http://data.ordnancesurvey.co.uk/ontology/admingeo/District,Cambridgeshire,http://data.ordnancesurvey.co.uk/id/7000000000001386,http://data.ordnancesurvey.co.uk/ontology/admingeo/County,Eastern,http://data.ordnancesurvey.co.uk/id/7000000000041425,England,http://data.ordnancesurvey.co.uk/id/country/england,,,
osgb4000000074733289,http://data.ordnancesurvey.co.uk/id/4000000074733289,Tilney Field,,,,landcover,Other Landcover,540192,316552,12000,1300000,539289,316032,541165,317072,PE12,http://data.ordnancesurvey.co.uk/id/postcodedistrict/PE12,,,,South Holland,http://data.ordnancesurvey.co.uk/id/7000000000005599,http://data.ordnancesurvey.co.uk/ontology/admingeo/District,Lincolnshire,http://data.ordnancesurvey.co.uk/id/7000000000005942,http://data.ordnancesurvey.co.uk/ontology/admingeo/County,East Midlands,http://data.ordnancesurvey.co.uk/id/7000000000041423,England,http://data.ordnancesurvey.co.uk/id/country/england,,,
osgb4000000074732623,http://data.ordnancesurvey.co.uk/id/4000000074732623,Coldham Field,,,,landcover,Other Landcover,544194,302209,34000,1300000,542566,299624,546295,304794,PE14,http://data.ordnancesurvey.co.uk/id/postcodedistrict/PE14,,,,Fenland,http://data.ordnancesurvey.co.uk/id/7000000000001357,http://data.ordnancesurvey.co.uk/ontology/admingeo/District,Cambridgeshire,http://data.ordnancesurvey.co.uk/id/7000000000001386,http://data.ordnancesurvey.co.uk/ontology/admingeo/County,Eastern,http://data.ordnancesurvey.co.uk/id/7000000000041425,England,http://data.ordnancesurvey.co.uk/id/country/england,,,
osgb4000000074733442,http://data.ordnancesurvey.co.uk/id/4000000074733442,First Ristoft Field,,,,landcover,Other Landcover,551085,319350,4000,1300000,550836,318984,551336,319650,PE34,http://data.ordnancesurvey.co.uk/id/postcodedistrict/PE34,,,,King's Lynn and West Norfolk,http://data.ordnancesurvey.co.uk/id/7000000000007016,http://data.ordnancesurvey.co.uk/ontology/admingeo/District,Norfolk,http://data.ordnancesurvey.co.uk/id/7000000000007238,http://data.ordnancesurvey.co.uk/ontology/admingeo/County,Eastern,http://data.ordnancesurvey.co.uk/id/7000000000041425,England,http://data.ordnancesurvey.co.uk/id/country/england,,,
osgb4000000074545261,http://data.ordnancesurvey.co.uk/id/4000000074545261,Church Field,,,,landcover,Other Landcover,553731,316228,6000,1300000,553310,315755,554153,316709,PE14,http://data.ordnancesurvey.co.uk/id/postcodedistrict/PE14,,,,King's Lynn and West Norfolk,http://data.ordnancesurvey.co.uk/id/7000000000007016,http://data.ordnancesurvey.co.uk/ontology/admingeo/District,Norfolk,http://data.ordnancesurvey.co.uk/id/7000000000007238,http://data.ordnancesurvey.co.uk/ontology/admingeo/County,Eastern,http://data.ordnancesurvey.co.uk/id/7000000000041425,England,http://data.ordnancesurvey.co.uk/id/country/england,,,
osgb4000000074733435,http://data.ordnancesurvey.co.uk/id/4000000074733435,Bluick Fen,,,,landcover,Other Landcover,553284,304293,6000,1300000,552777,303923,553760,304663,PE14,http://data.ordnancesurvey.co.uk/id/postcodedistrict/PE14,,,,King's Lynn and West Norfolk,http://data.ordnancesurvey.co.uk/id/7000000000007016,http://data.ordnancesurvey.co.uk/ontology/admingeo/District,Norfolk,http://data.ordnancesurvey.co.uk/id/7000000000007238,http://data.ordnancesurvey.co.uk/ontology/admingeo/County,Eastern,http://data.ordnancesurvey.co.uk/id/7000000000041425,England,http://data.ordnancesurvey.co.uk/id/country/england,,,
osgb4000000074733111,http://data.ordnancesurvey.co.uk/id/4000000074733111,Leaherd's Field,,,,landcover,Other Landcover,547914,311072,4000,1300000,547651,310777,548177,311353,PE13,http://data.ordnancesurvey.co.uk/id/postcodedistrict/PE13,,,,King's Lynn and West Norfolk,http://data.ordnancesurvey.co.uk/id/7000000000007016,http://data.ordnancesurvey.co.uk/ontology/admingeo/District,Norfolk,http://data.ordnancesurvey.co.uk/id/7000000000007238,http://data.ordnancesurvey.co.uk/ontology/admingeo/County,Eastern,http://data.ordnancesurvey.co.uk/id/7000000000041425,England,http://data.ordnancesurvey.co.uk/id/country/england,,,
osgb4000000074733600,http://data.ordnancesurvey.co.uk/id/4000000074733600,Scott's Field,,,,landcover,Other Landcover,551581,305080,7000,1300000,550954,304554,552101,305605,PE14,http://data.ordnancesurvey.co.uk/id/postcodedistrict/PE14,,,,King's Lynn and West Norfolk,http://data.ordnancesurvey.co.uk/id/7000000000007016,http://data.ordnancesurvey.co.uk/ontology/admingeo/District,Norfolk,http://data.ordnancesurvey.co.uk/id/7000000000007238,http://data.ordnancesurvey.co.uk/ontology/admingeo/County,Eastern,http://data.ordnancesurvey.co.uk/id/7000000000041425,England,http://data.ordnancesurvey.co.uk/id/country/england,,,
osgb4000000074732929,http://data.ordnancesurvey.co.uk/id/4000000074732929,Stud Moor Holme Field,,,,landcover,Other Landcover,551681,315443,18000,1300000,550785,314034,552577,316802,PE14,http://data.ordnancesurvey.co.uk/id/postcodedistrict/PE14,,,,King's Lynn and West Norfolk,http://data.ordnancesurvey.co.uk/id/7000000000007016,http://data.ordnancesurvey.co.uk/ontology/admingeo/District,Norfolk,http://data.ordnancesurvey.co.uk/id/7000000000007238,http://data.ordnancesurvey.co.uk/ontology/admingeo/County,Eastern,http://data.ordnancesurvey.co.uk/id/7000000000041425,England,http://data.ordnancesurvey.co.uk/id/country/england,,,
osgb4000000074595961,http://data.ordnancesurvey.co.uk/id/4000000074595961,Old Field,,,,landcover,Other Landcover,544783,318261,3000,1300000,544532,318011,545032,318511,PE13,http://data.ordnancesurvey.co.uk/id/postcodedistrict/PE13,,,,South Holland,http://data.ordnancesurvey.co.uk/id/7000000000005599,http://data.ordnancesurvey.co.uk/ontology/admingeo/District,Lincolnshire,http://data.ordnancesurvey.co.uk/id/7000000000005942,http://data.ordnancesurvey.co.uk/ontology/admingeo/County,East Midlands,http://data.ordnancesurvey.co.uk/id/7000000000041423,England,http://data.ordnancesurvey.co.uk/id/country/england,,,
osgb5000000000000607,http://data.ordnancesurvey.co.uk/id/5000000000000607,Wisbech Solar Farm,,,,other,Electricity Production,545884,306729,3000,50000,545634,306506,546134,307006,PE14,http://data.ordnancesurvey.co.uk/id/postcodedistrict/PE14,,,,Fenland,http://data.ordnancesurvey.co.uk/id/7000000000001357,http://data.ordnancesurvey.co.uk/ontology/admingeo/District,Cambridgeshire,http://data.ordnancesurvey.co.uk/id/7000000000001386,http://data.ordnancesurvey.co.uk/ontology/admingeo/County,Eastern,http://data.ordnancesurvey.co.uk/id/7000000000041425,England,http://data.ordnancesurvey.co.uk/id/country/england,,,
osgb4000000073330031,http://data.ordnancesurvey.co.uk/id/4000000073330031,Magdalen Village School,,,,other,Primary Education,559472,310873,1000,50000,559222,310623,559722,311123,PE34,http://data.ordnancesurvey.co.uk/id/postcodedistrict/PE34,Wiggenhall St Mary Magdalen,http://data.ordnancesurvey.co.uk/id/4000000074548392,http://www.ordnancesurvey.co.uk/xml/codelists/localtype.xml#village,King's Lynn and West Norfolk,http://data.ordnancesurvey.co.uk/id/7000000000007016,http://data.ordnancesurvey.co.uk/ontology/admingeo/District,Norfolk,http://data.ordnancesurvey.co.uk/id/7000000000007238,http://data.ordnancesurvey.co.uk/ontology/admingeo/County,Eastern,http://data.ordnancesurvey.co.uk/id/7000000000041425,England,http://data.ordnancesurvey.co.uk/id/country/england,,,
osgb4000000073336709,http://data.ordnancesurvey.co.uk/id/4000000073336709,Tilney St Lawrence Community Primary School,,,,other,Primary Education,554569,313392,1000,50000,554315,313142,554815,313642,PE34,http://data.ordnancesurvey.co.uk/id/postcodedistrict/PE34,Tilney St Lawrence,http://data.ordnancesurvey.co.uk/id/4000000074550579,http://www.ordnancesurvey.co.uk/xml/codelists/localtype.xml#village,King's Lynn and West Norfolk,http://data.ordnancesurvey.co.uk/id/7000000000007016,http://data.ordnancesurvey.co.uk/ontology/admingeo/District,Norfolk,http://data.ordnancesurvey.co.uk/id/7000000000007238,http://data.ordnancesurvey.co.uk/ontology/admingeo/County,Eastern,http://data.ordnancesurvey.co.uk/id/7000000000041425,England,http://data.ordnancesurvey.co.uk/id/country/england,,,
osgb4000000073335325,http://data.ordnancesurvey.co.uk/id/4000000073335325,Chartwell House,,,,other,Special Needs Education,543710,314671,1000,50000,543461,314425,543961,314925,PE13,http://data.ordnancesurvey.co.uk/id/postcodedistrict/PE13,Newton-in-the-Isle,http://data.ordnancesurvey.co.uk/id/4000000074548769,http://www.ordnancesurvey.co.uk/xml/codelists/localtype.xml#village,Fenland,http://data.ordnancesurvey.co.uk/id/7000000000001357,http://data.ordnancesurvey.co.uk/ontology/admingeo/District,Cambridgeshire,http://data.ordnancesurvey.co.uk/id/7000000000001386,http://data.ordnancesurvey.co.uk/ontology/admingeo/County,Eastern,http://data.ordnancesurvey.co.uk/id/7000000000041425,England,http://data.ordnancesurvey.co.uk/id/country/england,,,
osgb4000000073954890,http://data.ordnancesurvey.co.uk/id/4000000073954890,Trinity School,,,,other,Special Needs Education,546103,308426,1000,50000,545853,308176,546353,308676,PE13,http://data.ordnancesurvey.co.uk/id/postcodedistrict/PE13,Wisbech,http://data.ordnancesurvey.co.uk/id/4000000074551318,http://www.ordnancesurvey.co.uk/xml/codelists/localtype.xml#town,Fenland,http://data.ordnancesurvey.co.uk/id/7000000000001357,http://data.ordnancesurvey.co.uk/ontology/admingeo/District,Cambridgeshire,http://data.ordnancesurvey.co.uk/id/7000000000001386,http://data.ordnancesurvey.co.uk/ontology/admingeo/County,Eastern,http://data.ordnancesurvey.co.uk/id/7000000000041425,England,http://data.ordnancesurvey.co.uk/id/country/england,,,
osgb4000000073332096,http://data.ordnancesurvey.co.uk/id/4000000073332096,Friday Bridge Community Primary School,,,,other,Primary Education,546510,304625,1000,50000,546261,304379,546761,304879,PE14,http://data.ordnancesurvey.co.uk/id/postcodedistrict/PE14,Friday Bridge,http://data.ordnancesurvey.co.uk/id/4000000074550225,http://www.ordnancesurvey.co.uk/xml/codelists/localtype.xml#village,Fenland,http://data.ordnancesurvey.co.uk/id/7000000000001357,http://data.ordnancesurvey.co.uk/ontology/admingeo/District,Cambridgeshire,http://data.ordnancesurvey.co.uk/id/7000000000001386,http://data.ordnancesurvey.co.uk/ontology/admingeo/County,Eastern,http://data.ordnancesurvey.co.uk/id/7000000000041425,England,http://data.ordnancesurvey.co.uk/id/country/england,,,
osgb4000000073331446,http://data.ordnancesurvey.co.uk/id/4000000073331446,Elm Church Of England Primary School,,,,other,Primary Education,547128,306563,1000,50000,546866,306313,547366,306813,PE14,http://data.ordnancesurvey.co.uk/id/postcodedistrict/PE14,Elm,http://data.ordnancesurvey.co.uk/id/4000000074341528,http://www.ordnancesurvey.co.uk/xml/codelists/localtype.xml#village,Fenland,http://data.ordnancesurvey.co.uk/id/7000000000001357,http://data.ordnancesurvey.co.uk/ontology/admingeo/District,Cambridgeshire,http://data.ordnancesurvey.co.uk/id/7000000000001386,http://data.ordnancesurvey.co.uk/ontology/admingeo/County,Eastern,http://data.ordnancesurvey.co.uk/id/7000000000041425,England,http://data.ordnancesurvey.co.uk/id/country/england,,,
osgb4000000073333994,http://data.ordnancesurvey.co.uk/id/4000000073333994,Orchards Church Of England Primary School,,,,other,Primary Education,546543,311099,1000,50000,546293,310852,546793,311352,PE13,http://data.ordnancesurvey.co.uk/id/postcodedistrict/PE13,Wisbech,http://data.ordnancesurvey.co.uk/id/4000000074551318,http://www.ordnancesurvey.co.uk/xml/codelists/localtype.xml#town,Fenland,http://data.ordnancesurvey.co.uk/id/7000000000001357,http://data.ordnancesurvey.co.uk/ontology/admingeo/District,Cambridgeshire,http://data.ordnancesurvey.co.uk/id/7000000000001386,http://data.ordnancesurvey.co.uk/ontology/admingeo/County,Eastern,http://data.ordnancesurvey.co.uk/id/7000000000041425,England,http://data.ordnancesurvey.co.uk/id/country/england,,,
PE131BG,http://data.ordnancesurvey.co.uk/id/postcodeunit/PE131BG,PE13 1BG,,,,other,Postcode,546315,309686,3500,18000,,,,,,,Wisbech,http://data.ordnancesurvey.co.uk/id/4000000074551318,http://www.ordnancesurvey.co.uk/xml/codelists/localtype.xml#town,Fenland,http://data.ordnancesurvey.co.uk/id/7000000000001357,http://data.ordnancesurvey.co.uk/ontology/admingeo/District,Cambridgeshire,http://data.ordnancesurvey.co.uk/id/7000000000001386,http://data.ordnancesurvey.co.uk/ontology/admingeo/County,Eastern,http://data.ordnancesurvey.co.uk/id/7000000000041425,England,http://data.ordnancesurvey.co.uk/id/country/england,,,
PE144BG,http://data.ordnancesurvey.co.uk/id/postcodeunit/PE144BG,PE14 4BG,,,,other,Postcode,545574,308434,3500,18000,,,,,,,Wisbech,http://data.ordnancesurvey.co.uk/id/4000000074551318,http://www.ordnancesurvey.co.uk/xml/codelists/localtype.xml#town,Fenland,http://data.ordnancesurvey.co.uk/id/7000000000001357,http://data.ordnancesurvey.co.uk/ontology/admingeo/District,Cambridgeshire,http://data.ordnancesurvey.co.uk/id/7000000000001386,http://data.ordnancesurvey.co.uk/ontology/admingeo/County,Eastern,http://data.ordnancesurvey.co.uk/id/7000000000041425,England,http://data.ordnancesurvey.co.uk/id/country/england,,,
PE343FD,http://data.ordnancesurvey.co.uk/id/postcodeunit/PE343FD,PE34 3FD,,,,other,Postcode,559098,313941,3500,18000,,,,,,,Wiggenhall St Germans,http://data.ordnancesurvey.co.uk/id/4000000074550213,http://www.ordnancesurvey.co.uk/xml/codelists/localtype.xml#village,King's Lynn and West Norfolk,http://data.ordnancesurvey.co.uk/id/7000000000007016,http://data.ordnancesurvey.co.uk/ontology/admingeo/District,Norfolk,http://data.ordnancesurvey.co.uk/id/7000000000007238,http://data.ordnancesurvey.co.uk/ontology/admingeo/County,Eastern,http://data.ordnancesurvey.co.uk/id/7000000000041425,England,http://data.ordnancesurvey.co.uk/id/country/england,,,
PE132BP,http://data.ordnancesurvey.co.uk/id/postcodeunit/PE132BP,PE13 2BP,,,,other,Postcode,546970,309516,3500,18000,,,,,,,Wisbech,http://data.ordnancesurvey.co.uk/id/4000000074551318,http://www.ordnancesurvey.co.uk/xml/codelists/localtype.xml#town,Fenland,http://data.ordnancesurvey.co.uk/id/7000000000001357,http://data.ordnancesurvey.co.uk/ontology/admingeo/District,Cambridgeshire,http://data.ordnancesurvey.co.uk/id/7000000000001386,http://data.ordnancesurvey.co.uk/ontology/admingeo/County,Eastern,http://data.ordnancesurvey.co.uk/id/7000000000041425,England,http://data.ordnancesurvey.co.uk/id/country/england,,,
PE148AD,http://data.ordnancesurvey.co.uk/id/postcodeunit/PE148AD,PE14 8AD,,,,other,Postcode,549081,307275,3500,18000,,,,,,,Emneth,http://data.ordnancesurvey.co.uk/id/4000000074550948,http://www.ordnancesurvey.co.uk/xml/codelists/localtype.xml#village,King's Lynn and West Norfolk,http://data.ordnancesurvey.co.uk/id/7000000000007016,http://data.ordnancesurvey.co.uk/ontology/admingeo/District,Norfolk,http://data.ordnancesurvey.co.uk/id/7000000000007238,http://data.ordnancesurvey.co.uk/ontology/admingeo/County,Eastern,http://data.ordnancesurvey.co.uk/id/7000000000041425,England,http://data.ordnancesurvey.co.uk/id/country/england,,,
PE140JD,http://data.ordnancesurvey.co.uk/id/postcodeunit/PE140JD,PE14 0JD,,,,other,Postcode,546776,305049,3500,18000,,,,,,,Friday Bridge,http://data.ordnancesurvey.co.uk/id/4000000074550225,http://www.ordnancesurvey.co.uk/xml/codelists/localtype.xml#village,Fenland,http://data.ordnancesurvey.co.uk/id/7000000000001357,http://data.ordnancesurvey.co.uk/ontology/admingeo/District,Cambridgeshire,http://data.ordnancesurvey.co.uk/id/7000000000001386,http://data.ordnancesurvey.co.uk/ontology/admingeo/County,Eastern,http://data.ordnancesurvey.co.uk/id/7000000000041425,England,http://data.ordnancesurvey.co.uk/id/country/england,,,
PE343EY,http://data.ordnancesurvey.co.uk/id/postcodeunit/PE343EY,PE34 3EY,,,,other,Postcode,559767,314194,3500,18000,,,,,,,Wiggenhall St Germans,http://data.ordnancesurvey.co.uk/id/4000000074550213,http://www.ordnancesurvey.co.uk/xml/codelists/localtype.xml#village,King's Lynn and West Norfolk,http://data.ordnancesurvey.co.uk/id/7000000000007016,http://data.ordnancesurvey.co.uk/ontology/admingeo/District,Norfolk,http://data.ordnancesurvey.co.uk/id/7000000000007238,http://data.ordnancesurvey.co.uk/ontology/admingeo/County,Eastern,http://data.ordnancesurvey.co.uk/id/7000000000041425,England,http://data.ordnancesurvey.co.uk/id/country/england,,,
PE134TG,http://data.ordnancesurvey.co.uk/id/postcodeunit/PE134TG,PE13 4TG,,,,other,Postcode,544479,309282,3500,18000,,,,,,,Wisbech,http://data.ordnancesurvey.co.uk/id/4000000074551318,http://www.ordnancesurvey.co.uk/xml/codelists/localtype.xml#town,Fenland,http://data.ordnancesurvey.co.uk/id/7000000000001357,http://data.ordnancesurvey.co.uk/ontology/admingeo/District,Cambridgeshire,http://data.ordnancesurvey.co.uk/id/7000000000001386,http://data.ordnancesurvey.co.uk/ontology/admingeo/County,Eastern,http://data.ordnancesurvey.co.uk/id/7000000000041425,England,http://data.ordnancesurvey.co.uk/id/country/england,,,
PE140AS,http://data.ordnancesurvey.co.uk/id/postcodeunit/PE140AS,PE14 0AS,,,,other,Postcode,546912,306306,3500,18000,,,,,,,Elm,http://data.ordnancesurvey.co.uk/id/4000000074341528,http://www.ordnancesurvey.co.uk/xml/codelists/localtype.xml#village,Fenland,http://data.ordnancesurvey.co.uk/id/7000000000001357,http://data.ordnancesurvey.co.uk/ontology/admingeo/District,Cambridgeshire,http://data.ordnancesurvey.co.uk/id/7000000000001386,http://data.ordnancesurvey.co.uk/ontology/admingeo/County,Eastern,http://data.ordnancesurvey.co.uk/id/7000000000041425,England,http://data.ordnancesurvey.co.uk/id/country/england,,,
PE140BN,http://data.ordnancesurvey.co.uk/id/postcodeunit/PE140BN,PE14 0BN,,,,other,Postcode,546917,306505,3500,18000,,,,,,,Elm,http://data.ordnancesurvey.co.uk/id/4000000074341528,http://www.ordnancesurvey.co.uk/xml/codelists/localtype.xml#village,Fenland,http://data.ordnancesurvey.co.uk/id/7000000000001357,http://data.ordnancesurvey.co.uk/ontology/admingeo/District,Cambridgeshire,http://data.ordnancesurvey.co.uk/id/7000000000001386,http://data.ordnancesurvey.co.uk/ontology/admingeo/County,Eastern,http://data.ordnancesurvey.co.uk/id/7000000000041425,England,http://data.ordnancesurvey.co.uk/id/country/england,,,
PE131AX,http://data.ordnancesurvey.co.uk/id/postcodeunit/PE131AX,PE13 1AX,,,,other,Postcode,546333,309700,3500,18000,,,,,,,Wisbech,http://data.ordnancesurvey.co.uk/id/4000000074551318,http://www.ordnancesurvey.co.uk/xml/codelists/localtype.xml#town,Fenland,http://data.ordnancesurvey.co.uk/id/7000000000001357,http://data.ordnancesurvey.co.uk/ontology/admingeo/District,Cambridgeshire,http://data.ordnancesurvey.co.uk/id/7000000000001386,http://data.ordnancesurvey.co.uk/ontology/admingeo/County,Eastern,http://data.ordnancesurvey.co.uk/id/7000000000041425,England,http://data.ordnancesurvey.co.uk/id/country/england,,,
PE134EY,http://data.ordnancesurvey.co.uk/id/postcodeunit/PE134EY,PE13 4EY,,,,other,Postcode,540175,304122,3500,18000,,,,,,,Guyhirn,http://data.ordnancesurvey.co.uk/id/4000000074550590,http://www.ordnancesurvey.co.uk/xml/codelists/localtype.xml#village,Fenland,http://data.ordnancesurvey.co.uk/id/7000000000001357,http://data.ordnancesurvey.co.uk/ontology/admingeo/District,Cambridgeshire,http://data.ordnancesurvey.co.uk/id/7000000000001386,http://data.ordnancesurvey.co.uk/ontology/admingeo/County,Eastern,http://data.ordnancesurvey.co.uk/id/7000000000041425,England,http://data.ordnancesurvey.co.uk/id/country/england,,,
PE132JA,http://data.ordnancesurvey.co.uk/id/postcodeunit/PE132JA,PE13 2JA,,,,other,Postcode,546770,309429,3500,18000,,,,,,,Wisbech,http://data.ordnancesurvey.co.uk/id/4000000074551318,http://www.ordnancesurvey.co.uk/xml/codelists/localtype.xml#town,Fenland,http://data.ordnancesurvey.co.uk/id/7000000000001357,http://data.ordnancesurvey.co.uk/ontology/admingeo/District,Cambridgeshire,http://data.ordnancesurvey.co.uk/id/7000000000001386,http://data.ordnancesurvey.co.uk/ontology/admingeo/County,Eastern,http://data.ordnancesurvey.co.uk/id/7000000000041425,England,http://data.ordnancesurvey.co.uk/id/country/england,,,
PE133RR,http://data.ordnancesurvey.co.uk/id/postcodeunit/PE133RR,PE13 3RR,,,,other,Postcode,547548,310909,3500,18000,,,,,,,Wisbech,http://data.ordnancesurvey.co.uk/id/4000000074551318,http://www.ordnancesurvey.co.uk/xml/codelists/localtype.xml#town,Fenland,http://data.ordnancesurvey.co.uk/id/7000000000001357,http://data.ordnancesurvey.co.uk/ontology/admingeo/District,Cambridgeshire,http://data.ordnancesurvey.co.uk/id/7000000000001386,http://data.ordnancesurvey.co.uk/ontology/admingeo/County,Eastern,http://data.ordnancesurvey.co.uk/id/7000000000041425,England,http://data.ordnancesurvey.co.uk/id/country/england,,,
PE132RQ,http://data.ordnancesurvey.co.uk/id/postcodeunit/PE132RQ,PE13 2RQ,,,,other,Postcode,545934,308393,3500,18000,,,,,,,Wisbech,http://data.ordnancesurvey.co.uk/id/4000000074551318,http://www.ordnancesurvey.co.uk/xml/codelists/localtype.xml#town,Fenland,http://data.ordnancesurvey.co.uk/id/7000000000001357,http://data.ordnancesurvey.co.uk/ontology/admingeo/District,Cambridgeshire,http://data.ordnancesurvey.co.uk/id/7000000000001386,http://data.ordnancesurvey.co.uk/ontology/admingeo/County,Eastern,http://data.ordnancesurvey.co.uk/id/7000000000041425,England,http://data.ordnancesurvey.co.uk/id/country/england,,,
PE135AF,http://data.ordnancesurvey.co.uk/id/postcodeunit/PE135AF,PE13 5AF,,,,other,Postcode,545290,310922,3500,18000,,,,,,,Wisbech,http://data.ordnancesurvey.co.uk/id/4000000074551318,http://www.ordnancesurvey.co.uk/xml/codelists/localtype.xml#town,Fenland,http://data.ordnancesurvey.co.uk/id/7000000000001357,http://data.ordnancesurvey.co.uk/ontology/admingeo/District,Cambridgeshire,http://data.ordnancesurvey.co.uk/id/7000000000001386,http://data.ordnancesurvey.co.uk/ontology/admingeo/County,Eastern,http://data.ordnancesurvey.co.uk/id/7000000000041425,England,http://data.ordnancesurvey.co.uk/id/country/england,,,
osgb4000000073334881,http://data.ordnancesurvey.co.uk/id/4000000073334881,Meadowgate School,,,,other,Special Needs Education,547329,308825,2000,50000,547073,308575,547573,309075,PE13,http://data.ordnancesurvey.co.uk/id/postcodedistrict/PE13,Wisbech,http://data.ordnancesurvey.co.uk/id/4000000074551318,http://www.ordnancesurvey.co.uk/xml/codelists/localtype.xml#town,Fenland,http://data.ordnancesurvey.co.uk/id/7000000000001357,http://data.ordnancesurvey.co.uk/ontology/admingeo/District,Cambridgeshire,http://data.ordnancesurvey.co.uk/id/7000000000001386,http://data.ordnancesurvey.co.uk/ontology/admingeo/County,Eastern,http://data.ordnancesurvey.co.uk/id/7000000000041425,England,http://data.ordnancesurvey.co.uk/id/country/england,,,
osgb4000000073330410,http://data.ordnancesurvey.co.uk/id/4000000073330410,Anthony Curton Church of England VA Primary School,,,,other,Primary Education,550124,317312,1000,50000,549883,317062,550383,317562,PE14,http://data.ordnancesurvey.co.uk/id/postcodedistrict/PE14,Walpole St Andrew,http://data.ordnancesurvey.co.uk/id/4000000074550944,http://www.ordnancesurvey.co.uk/xml/codelists/localtype.xml#village,King's Lynn and West Norfolk,http://data.ordnancesurvey.co.uk/id/7000000000007016,http://data.ordnancesurvey.co.uk/ontology/admingeo/District,Norfolk,http://data.ordnancesurvey.co.uk/id/7000000000007238,http://data.ordnancesurvey.co.uk/ontology/admingeo/County,Eastern,http://data.ordnancesurvey.co.uk/id/7000000000041425,England,http://data.ordnancesurvey.co.uk/id/country/england,,,
osgb4000000073332098,http://data.ordnancesurvey.co.uk/id/4000000073332098,The Old School House,,,,other,Special Needs Education,546527,304723,1000,50000,546280,304474,546780,304974,PE14,http://data.ordnancesurvey.co.uk/id/postcodedistrict/PE14,Friday Bridge,http://data.ordnancesurvey.co.uk/id/4000000074550225,http://www.ordnancesurvey.co.uk/xml/codelists/localtype.xml#village,Fenland,http://data.ordnancesurvey.co.uk/id/7000000000001357,http://data.ordnancesurvey.co.uk/ontology/admingeo/District,Cambridgeshire,http://data.ordnancesurvey.co.uk/id/7000000000001386,http://data.ordnancesurvey.co.uk/ontology/admingeo/County,Eastern,http://data.ordnancesurvey.co.uk/id/7000000000041425,England,http://data.ordnancesurvey.co.uk/id/country/england,,,
osgb4000000073330373,http://data.ordnancesurvey.co.uk/id/4000000073330373,Guyhirn Church Of England Primary School,,,,other,Primary Education,540048,303741,1000,50000,539799,303485,540299,303985,PE13,http://data.ordnancesurvey.co.uk/id/postcodedistrict/PE13,Guyhirn,http://data.ordnancesurvey.co.uk/id/4000000074550590,http://www.ordnancesurvey.co.uk/xml/codelists/localtype.xml#village,Fenland,http://data.ordnancesurvey.co.uk/id/7000000000001357,http://data.ordnancesurvey.co.uk/ontology/admingeo/District,Cambridgeshire,http://data.ordnancesurvey.co.uk/id/7000000000001386,http://data.ordnancesurvey.co.uk/ontology/admingeo/County,Eastern,http://data.ordnancesurvey.co.uk/id/7000000000041425,England,http://data.ordnancesurvey.co.uk/id/country/england,,,
osgb4000000073335953,http://data.ordnancesurvey.co.uk/id/4000000073335953,Wisbech St Mary Church Of England (Aided) Primary School,,,,other,Primary Education,541779,308099,2000,50000,541529,307845,542029,308345,PE13,http://data.ordnancesurvey.co.uk/id/postcodedistrict/PE13,Wisbech St Mary,http://data.ordnancesurvey.co.uk/id/4000000074551315,http://www.ordnancesurvey.co.uk/xml/codelists/localtype.xml#village,Fenland,http://data.ordnancesurvey.co.uk/id/7000000000001357,http://data.ordnancesurvey.co.uk/ontology/admingeo/District,Cambridgeshire,http://data.ordnancesurvey.co.uk/id/7000000000001386,http://data.ordnancesurvey.co.uk/ontology/admingeo/County,Eastern,http://data.ordnancesurvey.co.uk/id/7000000000041425,England,http://data.ordnancesurvey.co.uk/id/country/england,,,
osgb4000000073336740,http://data.ordnancesurvey.co.uk/id/4000000073336740,Thomas Clarkson Academy,,,,other,Secondary Education,546436,308641,3000,50000,546186,308388,546686,308893,PE13,http://data.ordnancesurvey.co.uk/id/postcodedistrict/PE13,Wisbech,http://data.ordnancesurvey.co.uk/id/4000000074551318,http://www.ordnancesurvey.co.uk/xml/codelists/localtype.xml#town,Fenland,http://data.ordnancesurvey.co.uk/id/7000000000001357,http://data.ordnancesurvey.co.uk/ontology/admingeo/District,Cambridgeshire,http://data.ordnancesurvey.co.uk/id/7000000000001386,http://data.ordnancesurvey.co.uk/ontology/admingeo/County,Eastern,http://data.ordnancesurvey.co.uk/id/7000000000041425,England,http://data.ordnancesurvey.co.uk/id/country/england,,,
osgb4000000073335548,http://data.ordnancesurvey.co.uk/id/4000000073335548,Clarkson Infants School,,,,other,Primary Education,547107,310267,1000,50000,546872,310018,547372,310518,PE13,http://data.ordnancesurvey.co.uk/id/postcodedistrict/PE13,Wisbech,http://data.ordnancesurvey.co.uk/id/4000000074551318,http://www.ordnancesurvey.co.uk/xml/codelists/localtype.xml#town,Fenland,http://data.ordnancesurvey.co.uk/id/7000000000001357,http://data.ordnancesurvey.co.uk/ontology/admingeo/District,Cambridgeshire,http://data.ordnancesurvey.co.uk/id/7000000000001386,http://data.ordnancesurvey.co.uk/ontology/admingeo/County,Eastern,http://data.ordnancesurvey.co.uk/id/7000000000041425,England,http://data.ordnancesurvey.co.uk/id/country/england,,,
osgb4000000073336163,http://data.ordnancesurvey.co.uk/id/4000000073336163,Marshland High School,,,,other,Secondary Education,547799,313220,2000,50000,547548,312970,548048,313470,PE14,http://data.ordnancesurvey.co.uk/id/postcodedistrict/PE14,West Walton,http://data.ordnancesurvey.co.uk/id/4000000074552041,http://www.ordnancesurvey.co.uk/xml/codelists/localtype.xml#village,King's Lynn and West Norfolk,http://data.ordnancesurvey.co.uk/id/7000000000007016,http://data.ordnancesurvey.co.uk/ontology/admingeo/District,Norfolk,http://data.ordnancesurvey.co.uk/id/7000000000007238,http://data.ordnancesurvey.co.uk/ontology/admingeo/County,Eastern,http://data.ordnancesurvey.co.uk/id/7000000000041425,England,http://data.ordnancesurvey.co.uk/id/country/england,,,
osgb4000000073336510,http://data.ordnancesurvey.co.uk/id/4000000073336510,Leverington Primary Academy,,,,other,Primary Education,544635,311315,1000,50000,544391,311065,544891,311565,PE13,http://data.ordnancesurvey.co.uk/id/postcodedistrict/PE13,Leverington,http://data.ordnancesurvey.co.uk/id/4000000074551313,http://www.ordnancesurvey.co.uk/xml/codelists/localtype.xml#village,Fenland,http://data.ordnancesurvey.co.uk/id/7000000000001357,http://data.ordnancesurvey.co.uk/ontology/admingeo/District,Cambridgeshire,http://data.ordnancesurvey.co.uk/id/7000000000001386,http://data.ordnancesurvey.co.uk/ontology/admingeo/County,Eastern,http://data.ordnancesurvey.co.uk/id/7000000000041425,England,http://data.ordnancesurvey.co.uk/id/country/england,,,
osgb4000000073547829,http://data.ordnancesurvey.co.uk/id/4000000073547829,Coopers Mill,,,,other,Medical Care Accommodation,551535,314202,1000,50000,551285,313949,551785,314449,PE14,http://data.ordnancesurvey.co.uk/id/postcodedistrict/PE14,Walpole Highway,http://data.ordnancesurvey.co.uk/id/4000000074550945,http://www.ordnancesurvey.co.uk/xml/codelists/localtype.xml#village,King's Lynn and West Norfolk,http://data.ordnancesurvey.co.uk/id/7000000000007016,http://data.ordnancesurvey.co.uk/ontology/admingeo/District,Norfolk,http://data.ordnancesurvey.co.uk/id/7000000000007238,http://data.ordnancesurvey.co.uk/ontology/admingeo/County,Eastern,http://data.ordnancesurvey.co.uk/id/7000000000041425,England,http://data.ordnancesurvey.co.uk/id/country/england,,,
osgb4000000073335700,http://data.ordnancesurvey.co.uk/id/4000000073335700,The College Of West Anglia,,,,other,Further Education,546726,309073,2000,50000,546476,308827,546976,309327,PE13,http://data.ordnancesurvey.co.uk/id/postcodedistrict/PE13,Wisbech,http://data.ordnancesurvey.co.uk/id/4000000074551318,http://www.ordnancesurvey.co.uk/xml/codelists/localtype.xml#town,Fenland,http://data.ordnancesurvey.co.uk/id/7000000000001357,http://data.ordnancesurvey.co.uk/ontology/admingeo/District,Cambridgeshire,http://data.ordnancesurvey.co.uk/id/7000000000001386,http://data.ordnancesurvey.co.uk/ontology/admingeo/County,Eastern,http://data.ordnancesurvey.co.uk/id/7000000000041425,England,http://data.ordnancesurvey.co.uk/id/country/england,,,
osgb4000000073334149,http://data.ordnancesurvey.co.uk/id/4000000073334149,Marshland St James (Voluntary Controlled) Primary School And Nursery,,,,other,Primary Education,552447,309739,1000,50000,552197,309488,552697,309988,PE14,http://data.ordnancesurvey.co.uk/id/postcodedistrict/PE14,,,,King's Lynn and West Norfolk,http://data.ordnancesurvey.co.uk/id/7000000000007016,http://data.ordnancesurvey.co.uk/ontology/admingeo/District,Norfolk,http://data.ordnancesurvey.co.uk/id/7000000000007238,http://data.ordnancesurvey.co.uk/ontology/admingeo/County,Eastern,http://data.ordnancesurvey.co.uk/id/7000000000041425,England,http://data.ordnancesurvey.co.uk/id/country/england,,,
osgb4000000073333050,http://data.ordnancesurvey.co.uk/id/4000000073333050,Upwell Community Primary School,,,,other,Primary Education,549755,301918,1000,50000,549506,301669,550006,302169,PE14,http://data.ordnancesurvey.co.uk/id/postcodedistrict/PE14,Upwell,http://data.ordnancesurvey.co.uk/id/4000000074550938,http://www.ordnancesurvey.co.uk/xml/codelists/localtype.xml#village,King's Lynn and West Norfolk,http://data.ordnancesurvey.co.uk/id/7000000000007016,http://data.ordnancesurvey.co.uk/ontology/admingeo/District,Norfolk,http://data.ordnancesurvey.co.uk/id/7000000000007238,http://data.ordnancesurvey.co.uk/ontology/admingeo/County,Eastern,http://data.ordnancesurvey.co.uk/id/7000000000041425,England,http://data.ordnancesurvey.co.uk/id/country/england,,,
osgb4000000073335699,http://data.ordnancesurvey.co.uk/id/4000000073335699,North Cambridgeshire Hospital,,,,other,Hospital,546464,309699,1000,50000,546211,309450,546711,309950,PE13,http://data.ordnancesurvey.co.uk/id/postcodedistrict/PE13,Wisbech,http://data.ordnancesurvey.co.uk/id/4000000074551318,http://www.ordnancesurvey.co.uk/xml/codelists/localtype.xml#town,Fenland,http://data.ordnancesurvey.co.uk/id/7000000000001357,http://data.ordnancesurvey.co.uk/ontology/admingeo/District,Cambridgeshire,http://data.ordnancesurvey.co.uk/id/7000000000001386,http://data.ordnancesurvey.co.uk/ontology/admingeo/County,Eastern,http://data.ordnancesurvey.co.uk/id/7000000000041425,England,http://data.ordnancesurvey.co.uk/id/country/england,,,
osgb4000000073335583,http://data.ordnancesurvey.co.uk/id/4000000073335583,Nene and Ramnoth School,,,,other,Primary Education,546754,309246,1000,50000,546516,308996,547016,309496,PE13,http://data.ordnancesurvey.co.uk/id/postcodedistrict/PE13,Wisbech,http://data.ordnancesurvey.co.uk/id/4000000074551318,http://www.ordnancesurvey.co.uk/xml/codelists/localtype.xml#town,Fenland,http://data.ordnancesurvey.co.uk/id/7000000000001357,http://data.ordnancesurvey.co.uk/ontology/admingeo/District,Cambridgeshire,http://data.ordnancesurvey.co.uk/id/7000000000001386,http://data.ordnancesurvey.co.uk/ontology/admingeo/County,Eastern,http://data.ordnancesurvey.co.uk/id/7000000000041425,England,http://data.ordnancesurvey.co.uk/id/country/england,,,
PE147AF,http://data.ordnancesurvey.co.uk/id/postcodeunit/PE147AF,PE14 7AF,,,,other,Postcode,547044,311299,3500,18000,,,,,,,Wisbech,http://data.ordnancesurvey.co.uk/id/4000000074551318,http://www.ordnancesurvey.co.uk/xml/codelists/localtype.xml#town,King's Lynn and West Norfolk,http://data.ordnancesurvey.co.uk/id/7000000000007016,http://data.ordnancesurvey.co.uk/ontology/admingeo/District,Norfolk,http://data.ordnancesurvey.co.uk/id/7000000000007238,http://data.ordnancesurvey.co.uk/ontology/admingeo/County,Eastern,http://data.ordnancesurvey.co.uk/id/7000000000041425,England,http://data.ordnancesurvey.co.uk/id/country/england,,,
osgb4000000073336707,http://data.ordnancesurvey.co.uk/id/4000000073336707,Walpole Highway Primary School,,,,other,Primary Education,551549,313784,1000,50000,551299,313528,551799,314028,PE14,http://data.ordnancesurvey.co.uk/id/postcodedistrict/PE14,Walpole Highway,http://data.ordnancesurvey.co.uk/id/4000000074550945,http://www.ordnancesurvey.co.uk/xml/codelists/localtype.xml#village,King's Lynn and West Norfolk,http://data.ordnancesurvey.co.uk/id/7000000000007016,http://data.ordnancesurvey.co.uk/ontology/admingeo/District,Norfolk,http://data.ordnancesurvey.co.uk/id/7000000000007238,http://data.ordnancesurvey.co.uk/ontology/admingeo/County,Eastern,http://data.ordnancesurvey.co.uk/id/7000000000041425,England,http://data.ordnancesurvey.co.uk/id/country/england,,,
osgb4000000073336162,http://data.ordnancesurvey.co.uk/id/4000000073336162,West Walton Community Primary School,,,,other,Primary Education,548020,313277,2000,50000,547770,313023,548270,313523,PE14,http://data.ordnancesurvey.co.uk/id/postcodedistrict/PE14,,,,King's Lynn and West Norfolk,http://data.ordnancesurvey.co.uk/id/7000000000007016,http://data.ordnancesurvey.co.uk/ontology/admingeo/District,Norfolk,http://data.ordnancesurvey.co.uk/id/7000000000007238,http://data.ordnancesurvey.co.uk/ontology/admingeo/County,Eastern,http://data.ordnancesurvey.co.uk/id/7000000000041425,England,http://data.ordnancesurvey.co.uk/id/country/england,,,
osgb4000000073335547,http://data.ordnancesurvey.co.uk/id/4000000073335547,St Peter's Church Of England (Aided) Junior School,,,,other,Primary Education,547186,310218,1000,50000,546929,309968,547429,310468,PE13,http://data.ordnancesurvey.co.uk/id/postcodedistrict/PE13,Wisbech,http://data.ordnancesurvey.co.uk/id/4000000074551318,http://www.ordnancesurvey.co.uk/xml/codelists/localtype.xml#town,Fenland,http://data.ordnancesurvey.co.uk/id/7000000000001357,http://data.ordnancesurvey.co.uk/ontology/admingeo/District,Cambridgeshire,http://data.ordnancesurvey.co.uk/id/7000000000001386,http://data.ordnancesurvey.co.uk/ontology/admingeo/County,Eastern,http://data.ordnancesurvey.co.uk/id/7000000000041425,England,http://data.ordnancesurvey.co.uk/id/country/england,,,
PE132DD,http://data.ordnancesurvey.co.uk/id/postcodeunit/PE132DD,PE13 2DD,,,,other,Postcode,546856,309545,3500,18000,,,,,,,Wisbech,http://data.ordnancesurvey.co.uk/id/4000000074551318,http://www.ordnancesurvey.co.uk/xml/codelists/localtype.xml#town,Fenland,http://data.ordnancesurvey.co.uk/id/7000000000001357,http://data.ordnancesurvey.co.uk/ontology/admingeo/District,Cambridgeshire,http://data.ordnancesurvey.co.uk/id/7000000000001386,http://data.ordnancesurvey.co.uk/ontology/admingeo/County,Eastern,http://data.ordnancesurvey.co.uk/id/7000000000041425,England,http://data.ordnancesurvey.co.uk/id/country/england,,,
PE135QN,http://data.ordnancesurvey.co.uk/id/postcodeunit/PE135QN,PE13 5QN,,,,other,Postcode,543996,318059,3500,18000,,,,,,,Tydd St Mary,http://data.ordnancesurvey.co.uk/id/4000000074548410,http://www.ordnancesurvey.co.uk/xml/codelists/localtype.xml#village,South Holland,http://data.ordnancesurvey.co.uk/id/7000000000005599,http://data.ordnancesurvey.co.uk/ontology/admingeo/District,Lincolnshire,http://data.ordnancesurvey.co.uk/id/7000000000005942,http://data.ordnancesurvey.co.uk/ontology/admingeo/County,East Midlands,http://data.ordnancesurvey.co.uk/id/7000000000041423,England,http://data.ordnancesurvey.co.uk/id/country/england,,,
PE149BB,http://data.ordnancesurvey.co.uk/id/postcodeunit/PE149BB,PE14 9BB,,,,other,Postcode,550919,303138,3500,18000,,,,,,,Upwell,http://data.ordnancesurvey.co.uk/id/4000000074550938,http://www.ordnancesurvey.co.uk/xml/codelists/localtype.xml#village,King's Lynn and West Norfolk,http://data.ordnancesurvey.co.uk/id/7000000000007016,http://data.ordnancesurvey.co.uk/ontology/admingeo/District,Norfolk,http://data.ordnancesurvey.co.uk/id/7000000000007238,http://data.ordnancesurvey.co.uk/ontology/admingeo/County,Eastern,http://data.ordnancesurvey.co.uk/id/7000000000041425,England,http://data.ordnancesurvey.co.uk/id/country/england,,,
PE140HY,http://data.ordnancesurvey.co.uk/id/postcodeunit/PE140HY,PE14 0HY,,,,other,Postcode,547317,305175,3500,18000,,,,,,,Friday Bridge,http://data.ordnancesurvey.co.uk/id/4000000074550225,http://www.ordnancesurvey.co.uk/xml/codelists/localtype.xml#village,Fenland,http://data.ordnancesurvey.co.uk/id/7000000000001357,http://data.ordnancesurvey.co.uk/ontology/admingeo/District,Cambridgeshire,http://data.ordnancesurvey.co.uk/id/7000000000001386,http://data.ordnancesurvey.co.uk/ontology/admingeo/County,Eastern,http://data.ordnancesurvey.co.uk/id/7000000000041425,England,http://data.ordnancesurvey.co.uk/id/country/england,,,
osgb4000000073336816,http://data.ordnancesurvey.co.uk/id/4000000073336816,Gorefield Primary School,,,,other,Primary Education,541926,311896,1000,50000,541677,311647,542177,312147,PE13,http://data.ordnancesurvey.co.uk/id/postcodedistrict/PE13,Gorefield,http://data.ordnancesurvey.co.uk/id/4000000074551667,http://www.ordnancesurvey.co.uk/xml/codelists/localtype.xml#village,Fenland,http://data.ordnancesurvey.co.uk/id/7000000000001357,http://data.ordnancesurvey.co.uk/ontology/admingeo/District,Cambridgeshire,http://data.ordnancesurvey.co.uk/id/7000000000001386,http://data.ordnancesurvey.co.uk/ontology/admingeo/County,Eastern,http://data.ordnancesurvey.co.uk/id/7000000000041425,England,http://data.ordnancesurvey.co.uk/id/country/england,,,
PE132UZ,http://data.ordnancesurvey.co.uk/id/postcodeunit/PE132UZ,PE13 2UZ,,,,other,Postcode,546398,309250,3500,18000,,,,,,,Wisbech,http://data.ordnancesurvey.co.uk/id/4000000074551318,http://www.ordnancesurvey.co.uk/xml/codelists/localtype.xml#town,Fenland,http://data.ordnancesurvey.co.uk/id/7000000000001357,http://data.ordnancesurvey.co.uk/ontology/admingeo/District,Cambridgeshire,http://data.ordnancesurvey.co.uk/id/7000000000001386,http://data.ordnancesurvey.co.uk/ontology/admingeo/County,Eastern,http://data.ordnancesurvey.co.uk/id/7000000000041425,England,http://data.ordnancesurvey.co.uk/id/country/england,,,
osgb4000000073336502,http://data.ordnancesurvey.co.uk/id/4000000073336502,Beaupre Community Primary School,,,,other,Primary Education,551403,303448,1000,50000,551155,303198,551655,303698,PE14,http://data.ordnancesurvey.co.uk/id/postcodedistrict/PE14,Outwell,http://data.ordnancesurvey.co.uk/id/4000000074548389,http://www.ordnancesurvey.co.uk/xml/codelists/localtype.xml#village,King's Lynn and West Norfolk,http://data.ordnancesurvey.co.uk/id/7000000000007016,http://data.ordnancesurvey.co.uk/ontology/admingeo/District,Norfolk,http://data.ordnancesurvey.co.uk/id/7000000000007238,http://data.ordnancesurvey.co.uk/ontology/admingeo/County,Eastern,http://data.ordnancesurvey.co.uk/id/7000000000041425,England,http://data.ordnancesurvey.co.uk/id/country/england,,,
osgb4000000073333988,http://data.ordnancesurvey.co.uk/id/4000000073333988,The Tydd St Mary Church Of England Primary School,,,,other,Primary Education,544194,318607,1000,50000,543945,318362,544445,318862,PE13,http://data.ordnancesurvey.co.uk/id/postcodedistrict/PE13,Tydd St Mary,http://data.ordnancesurvey.co.uk/id/4000000074548410,http://www.ordnancesurvey.co.uk/xml/codelists/localtype.xml#village,South Holland,http://data.ordnancesurvey.co.uk/id/7000000000005599,http://data.ordnancesurvey.co.uk/ontology/admingeo/District,Lincolnshire,http://data.ordnancesurvey.co.uk/id/7000000000005942,http://data.ordnancesurvey.co.uk/ontology/admingeo/County,East Midlands,http://data.ordnancesurvey.co.uk/id/7000000000041423,England,http://data.ordnancesurvey.co.uk/id/country/england,,,
osgb4000000074733102,http://data.ordnancesurvey.co.uk/id/4000000074733102,Perch Holme Field,,,,landcover,Other Landcover,552000,318070,9000,1300000,551436,317393,552745,318748,PE14,http://data.ordnancesurvey.co.uk/id/postcodedistrict/PE14,,,,King's Lynn and West Norfolk,http://data.ordnancesurvey.co.uk/id/7000000000007016,http://data.ordnancesurvey.co.uk/ontology/admingeo/District,Norfolk,http://data.ordnancesurvey.co.uk/id/7000000000007238,http://data.ordnancesurvey.co.uk/ontology/admingeo/County,Eastern,http://data.ordnancesurvey.co.uk/id/7000000000041425,England,http://data.ordnancesurvey.co.uk/id/country/england,,,
osgb4000000074732938,http://data.ordnancesurvey.co.uk/id/4000000074732938,North Bridge Field,,,,landcover,Other Landcover,544108,308010,10000,1300000,543322,307358,544877,308661,PE13,http://data.ordnancesurvey.co.uk/id/postcodedistrict/PE13,,,,Fenland,http://data.ordnancesurvey.co.uk/id/7000000000001357,http://data.ordnancesurvey.co.uk/ontology/admingeo/District,Cambridgeshire,http://data.ordnancesurvey.co.uk/id/7000000000001386,http://data.ordnancesurvey.co.uk/ontology/admingeo/County,Eastern,http://data.ordnancesurvey.co.uk/id/7000000000041425,England,http://data.ordnancesurvey.co.uk/id/country/england,,,
osgb4000000074732464,http://data.ordnancesurvey.co.uk/id/4000000074732464,Needham Field,,,,landcover,Other Landcover,546713,303846,11000,1300000,546009,303009,547417,304670,PE14,http://data.ordnancesurvey.co.uk/id/postcodedistrict/PE14,,,,Fenland,http://data.ordnancesurvey.co.uk/id/7000000000001357,http://data.ordnancesurvey.co.uk/ontology/admingeo/District,Cambridgeshire,http://data.ordnancesurvey.co.uk/id/7000000000001386,http://data.ordnancesurvey.co.uk/ontology/admingeo/County,Eastern,http://data.ordnancesurvey.co.uk/id/7000000000041425,England,http://data.ordnancesurvey.co.uk/id/country/england,,,
osgb4000000074732458,http://data.ordnancesurvey.co.uk/id/4000000074732458,Antioch Field,,,,landcover,Other Landcover,554616,315111,10000,1300000,554102,314303,555129,315836,PE34,http://data.ordnancesurvey.co.uk/id/postcodedistrict/PE34,,,,King's Lynn and West Norfolk,http://data.ordnancesurvey.co.uk/id/7000000000007016,http://data.ordnancesurvey.co.uk/ontology/admingeo/District,Norfolk,http://data.ordnancesurvey.co.uk/id/7000000000007238,http://data.ordnancesurvey.co.uk/ontology/admingeo/County,Eastern,http://data.ordnancesurvey.co.uk/id/7000000000041425,England,http://data.ordnancesurvey.co.uk/id/country/england,,,
osgb4000000074733603,http://data.ordnancesurvey.co.uk/id/4000000074733603,Holly Croft Field,,,,landcover,Other Landcover,550104,305911,8000,1300000,549664,305279,550543,306511,PE14,http://data.ordnancesurvey.co.uk/id/postcodedistrict/PE14,,,,King's Lynn and West Norfolk,http://data.ordnancesurvey.co.uk/id/7000000000007016,http://data.ordnancesurvey.co.uk/ontology/admingeo/District,Norfolk,http://data.ordnancesurvey.co.uk/id/7000000000007238,http://data.ordnancesurvey.co.uk/ontology/admingeo/County,Eastern,http://data.ordnancesurvey.co.uk/id/7000000000041425,England,http://data.ordnancesurvey.co.uk/id/country/england,,,
osgb4000000074733767,http://data.ordnancesurvey.co.uk/id/4000000074733767,Inham Field,,,,landcover,Other Landcover,542272,307353,13000,1300000,541086,306582,543157,308124,PE13,http://data.ordnancesurvey.co.uk/id/postcodedistrict/PE13,,,,Fenland,http://data.ordnancesurvey.co.uk/id/7000000000001357,http://data.ordnancesurvey.co.uk/ontology/admingeo/District,Cambridgeshire,http://data.ordnancesurvey.co.uk/id/7000000000001386,http://data.ordnancesurvey.co.uk/ontology/admingeo/County,Eastern,http://data.ordnancesurvey.co.uk/id/7000000000041425,England,http://data.ordnancesurvey.co.uk/id/country/england,,,
PE344QQ,http://data.ordnancesurvey.co.uk/id/postcodeunit/PE344QQ,PE34 4QQ,,,,other,Postcode,554886,314330,3500,18000,,,,,,,Tilney St Lawrence,http://data.ordnancesurvey.co.uk/id/4000000074550579,http://www.ordnancesurvey.co.uk/xml/codelists/localtype.xml#village,King's Lynn and West Norfolk,http://data.ordnancesurvey.co.uk/id/7000000000007016,http://data.ordnancesurvey.co.uk/ontology/admingeo/District,Norfolk,http://data.ordnancesurvey.co.uk/id/7000000000007238,http://data.ordnancesurvey.co.uk/ontology/admingeo/County,Eastern,http://data.ordnancesurvey.co.uk/id/7000000000041425,England,http://data.ordnancesurvey.co.uk/id/country/england,,,
PE133BG,http://data.ordnancesurvey.co.uk/id/postcodeunit/PE133BG,PE13 3BG,,,,other,Postcode,546243,310181,3500,18000,,,,,,,Wisbech,http://data.ordnancesurvey.co.uk/id/4000000074551318,http://www.ordnancesurvey.co.uk/xml/codelists/localtype.xml#town,Fenland,http://data.ordnancesurvey.co.uk/id/7000000000001357,http://data.ordnancesurvey.co.uk/ontology/admingeo/District,Cambridgeshire,http://data.ordnancesurvey.co.uk/id/7000000000001386,http://data.ordnancesurvey.co.uk/ontology/admingeo/County,Eastern,http://data.ordnancesurvey.co.uk/id/7000000000041425,England,http://data.ordnancesurvey.co.uk/id/country/england,,,
PE148BA,http://data.ordnancesurvey.co.uk/id/postcodeunit/PE148BA,PE14 8BA,,,,other,Postcode,550191,306547,3500,18000,,,,,,,Emneth,http://data.ordnancesurvey.co.uk/id/4000000074550948,http://www.ordnancesurvey.co.uk/xml/codelists/localtype.xml#village,King's Lynn and West Norfolk,http://data.ordnancesurvey.co.uk/id/7000000000007016,http://data.ordnancesurvey.co.uk/ontology/admingeo/District,Norfolk,http://data.ordnancesurvey.co.uk/id/7000000000007238,http://data.ordnancesurvey.co.uk/ontology/admingeo/County,Eastern,http://data.ordnancesurvey.co.uk/id/7000000000041425,England,http://data.ordnancesurvey.co.uk/id/country/england,,,
PE149JR,http://data.ordnancesurvey.co.uk/id/postcodeunit/PE149JR,PE14 9JR,,,,other,Postcode,550523,300332,3500,18000,,,,,,,Three Holes,http://data.ordnancesurvey.co.uk/id/4000000074550936,http://www.ordnancesurvey.co.uk/xml/codelists/localtype.xml#village,King's Lynn and West Norfolk,http://data.ordnancesurvey.co.uk/id/7000000000007016,http://data.ordnancesurvey.co.uk/ontology/admingeo/District,Norfolk,http://data.ordnancesurvey.co.uk/id/7000000000007238,http://data.ordnancesurvey.co.uk/ontology/admingeo/County,Eastern,http://data.ordnancesurvey.co.uk/id/7000000000041425,England,http://data.ordnancesurvey.co.uk/id/country/england,,,
PE134EW,http://data.ordnancesurvey.co.uk/id/postcodeunit/PE134EW,PE13 4EW,,,,other,Postcode,540079,303782,3500,18000,,,,,,,Guyhirn,http://data.ordnancesurvey.co.uk/id/4000000074550590,http://www.ordnancesurvey.co.uk/xml/codelists/localtype.xml#village,Fenland,http://data.ordnancesurvey.co.uk/id/7000000000001357,http://data.ordnancesurvey.co.uk/ontology/admingeo/District,Cambridgeshire,http://data.ordnancesurvey.co.uk/id/7000000000001386,http://data.ordnancesurvey.co.uk/ontology/admingeo/County,Eastern,http://data.ordnancesurvey.co.uk/id/7000000000041425,England,http://data.ordnancesurvey.co.uk/id/country/england,,,
PE148BE,http://data.ordnancesurvey.co.uk/id/postcodeunit/PE148BE,PE14 8BE,,,,other,Postcode,549799,306725,3500,18000,,,,,,,Emneth,http://data.ordnancesurvey.co.uk/id/4000000074550948,http://www.ordnancesurvey.co.uk/xml/codelists/localtype.xml#village,King's Lynn and West Norfolk,http://data.ordnancesurvey.co.uk/id/7000000000007016,http://data.ordnancesurvey.co.uk/ontology/admingeo/District,Norfolk,http://data.ordnancesurvey.co.uk/id/7000000000007238,http://data.ordnancesurvey.co.uk/ontology/admingeo/County,Eastern,http://data.ordnancesurvey.co.uk/id/7000000000041425,England,http://data.ordnancesurvey.co.uk/id/country/england,,,
PE133EZ,http://data.ordnancesurvey.co.uk/id/postcodeunit/PE133EZ,PE13 3EZ,,,,other,Postcode,546915,310829,3500,18000,,,,,,,Wisbech,http://data.ordnancesurvey.co.uk/id/4000000074551318,http://www.ordnancesurvey.co.uk/xml/codelists/localtype.xml#town,Fenland,http://data.ordnancesurvey.co.uk/id/7000000000001357,http://data.ordnancesurvey.co.uk/ontology/admingeo/District,Cambridgeshire,http://data.ordnancesurvey.co.uk/id/7000000000001386,http://data.ordnancesurvey.co.uk/ontology/admingeo/County,Eastern,http://data.ordnancesurvey.co.uk/id/7000000000041425,England,http://data.ordnancesurvey.co.uk/id/country/england,,,
PE133DB,http://data.ordnancesurvey.co.uk/id/postcodeunit/PE133DB,PE13 3DB,,,,other,Postcode,546207,309974,3500,18000,,,,,,,Wisbech,http://data.ordnancesurvey.co.uk/id/4000000074551318,http://www.ordnancesurvey.co.uk/xml/codelists/localtype.xml#town,Fenland,http://data.ordnancesurvey.co.uk/id/7000000000001357,http://data.ordnancesurvey.co.uk/ontology/admingeo/District,Cambridgeshire,http://data.ordnancesurvey.co.uk/id/7000000000001386,http://data.ordnancesurvey.co.uk/ontology/admingeo/County,Eastern,http://data.ordnancesurvey.co.uk/id/7000000000041425,England,http://data.ordnancesurvey.co.uk/id/country/england,,,
PE148RJ,http://data.ordnancesurvey.co.uk/id/postcodeunit/PE148RJ,PE14 8RJ,,,,other,Postcode,551056,303328,3500,18000,,,,,,,Outwell,http://data.ordnancesurvey.co.uk/id/4000000074548389,http://www.ordnancesurvey.co.uk/xml/codelists/localtype.xml#village,King's Lynn and West Norfolk,http://data.ordnancesurvey.co.uk/id/7000000000007016,http://data.ordnancesurvey.co.uk/ontology/admingeo/District,Norfolk,http://data.ordnancesurvey.co.uk/id/7000000000007238,http://data.ordnancesurvey.co.uk/ontology/admingeo/County,Eastern,http://data.ordnancesurvey.co.uk/id/7000000000041425,England,http://data.ordnancesurvey.co.uk/id/country/england,,,
PE132EJ,http://data.ordnancesurvey.co.uk/id/postcodeunit/PE132EJ,PE13 2EJ,,,,other,Postcode,547003,310003,3500,18000,,,,,,,Wisbech,http://data.ordnancesurvey.co.uk/id/4000000074551318,http://www.ordnancesurvey.co.uk/xml/codelists/localtype.xml#town,Fenland,http://data.ordnancesurvey.co.uk/id/7000000000001357,http://data.ordnancesurvey.co.uk/ontology/admingeo/District,Cambridgeshire,http://data.ordnancesurvey.co.uk/id/7000000000001386,http://data.ordnancesurvey.co.uk/ontology/admingeo/County,Eastern,http://data.ordnancesurvey.co.uk/id/7000000000041425,England,http://data.ordnancesurvey.co.uk/id/country/england,,,
PE133HT,http://data.ordnancesurvey.co.uk/id/postcodeunit/PE133HT,PE13 3HT,,,,other,Postcode,546862,310699,3500,18000,,,,,,,Wisbech,http://data.ordnancesurvey.co.uk/id/4000000074551318,http://www.ordnancesurvey.co.uk/xml/codelists/localtype.xml#town,Fenland,http://data.ordnancesurvey.co.uk/id/7000000000001357,http://data.ordnancesurvey.co.uk/ontology/admingeo/District,Cambridgeshire,http://data.ordnancesurvey.co.uk/id/7000000000001386,http://data.ordnancesurvey.co.uk/ontology/admingeo/County,Eastern,http://data.ordnancesurvey.co.uk/id/7000000000041425,England,http://data.ordnancesurvey.co.uk/id/country/england,,,
PE131NX,http://data.ordnancesurvey.co.uk/id/postcodeunit/PE131NX,PE13 1NX,,,,other,Postcode,545935,309989,3500,18000,,,,,,,Wisbech,http://data.ordnancesurvey.co.uk/id/4000000074551318,http://www.ordnancesurvey.co.uk/xml/codelists/localtype.xml#town,Fenland,http://data.ordnancesurvey.co.uk/id/7000000000001357,http://data.ordnancesurvey.co.uk/ontology/admingeo/District,Cambridgeshire,http://data.ordnancesurvey.co.uk/id/7000000000001386,http://data.ordnancesurvey.co.uk/ontology/admingeo/County,Eastern,http://data.ordnancesurvey.co.uk/id/7000000000041425,England,http://data.ordnancesurvey.co.uk/id/country/england,,,
PE148SG,http://data.ordnancesurvey.co.uk/id/postcodeunit/PE148SG,PE14 8SG,,,,other,Postcode,552049,303767,3500,18000,,,,,,,Outwell,http://data.ordnancesurvey.co.uk/id/4000000074548389,http://www.ordnancesurvey.co.uk/xml/codelists/localtype.xml#village,King's Lynn and West Norfolk,http://data.ordnancesurvey.co.uk/id/7000000000007016,http://data.ordnancesurvey.co.uk/ontology/admingeo/District,Norfolk,http://data.ordnancesurvey.co.uk/id/7000000000007238,http://data.ordnancesurvey.co.uk/ontology/admingeo/County,Eastern,http://data.ordnancesurvey.co.uk/id/7000000000041425,England,http://data.ordnancesurvey.co.uk/id/country/england,,,
PE133TQ,http://data.ordnancesurvey.co.uk/id/postcodeunit/PE133TQ,PE13 3TQ,,,,other,Postcode,547597,309743,3500,18000,,,,,,,Wisbech,http://data.ordnancesurvey.co.uk/id/4000000074551318,http://www.ordnancesurvey.co.uk/xml/codelists/localtype.xml#town,Fenland,http://data.ordnancesurvey.co.uk/id/7000000000001357,http://data.ordnancesurvey.co.uk/ontology/admingeo/District,Cambridgeshire,http://data.ordnancesurvey.co.uk/id/7000000000001386,http://data.ordnancesurvey.co.uk/ontology/admingeo/County,Eastern,http://data.ordnancesurvey.co.uk/id/7000000000041425,England,http://data.ordnancesurvey.co.uk/id/country/england,,,
osgb4000000073335584,http://data.ordnancesurvey.co.uk/id/4000000073335584,Elm Road Primary School,,,,other,Primary Education,546445,309071,1000,50000,546196,308819,546696,309319,PE13,http://data.ordnancesurvey.co.uk/id/postcodedistrict/PE13,Wisbech,http://data.ordnancesurvey.co.uk/id/4000000074551318,http://www.ordnancesurvey.co.uk/xml/codelists/localtype.xml#town,Fenland,http://data.ordnancesurvey.co.uk/id/7000000000001357,http://data.ordnancesurvey.co.uk/ontology/admingeo/District,Cambridgeshire,http://data.ordnancesurvey.co.uk/id/7000000000001386,http://data.ordnancesurvey.co.uk/ontology/admingeo/County,Eastern,http://data.ordnancesurvey.co.uk/id/7000000000041425,England,http://data.ordnancesurvey.co.uk/id/country/england,,,
osgb4000000073334880,http://data.ordnancesurvey.co.uk/id/4000000073334880,Emneth Primary School,,,,other,Primary Education,549759,306990,2000,50000,549511,306740,550011,307240,PE14,http://data.ordnancesurvey.co.uk/id/postcodedistrict/PE14,Emneth,http://data.ordnancesurvey.co.uk/id/4000000074550948,http://www.ordnancesurvey.co.uk/xml/codelists/localtype.xml#village,King's Lynn and West Norfolk,http://data.ordnancesurvey.co.uk/id/7000000000007016,http://data.ordnancesurvey.co.uk/ontology/admingeo/District,Norfolk,http://data.ordnancesurvey.co.uk/id/7000000000007238,http://data.ordnancesurvey.co.uk/ontology/admingeo/County,Eastern,http://data.ordnancesurvey.co.uk/id/7000000000041425,England,http://data.ordnancesurvey.co.uk/id/country/england,,,
osgb4000000073333612,http://data.ordnancesurvey.co.uk/id/4000000073333612,Wisbech Grammar School,,,,other,Secondary Education,545452,309581,3000,50000,545219,309331,545719,309831,PE13,http://data.ordnancesurvey.co.uk/id/postcodedistrict/PE13,Wisbech,http://data.ordnancesurvey.co.uk/id/4000000074551318,http://www.ordnancesurvey.co.uk/xml/codelists/localtype.xml#town,Fenland,http://data.ordnancesurvey.co.uk/id/7000000000001357,http://data.ordnancesurvey.co.uk/ontology/admingeo/District,Cambridgeshire,http://data.ordnancesurvey.co.uk/id/7000000000001386,http://data.ordnancesurvey.co.uk/ontology/admingeo/County,Eastern,http://data.ordnancesurvey.co.uk/id/7000000000041425,England,http://data.ordnancesurvey.co.uk/id/country/england,,,
osgb4000000073497589,http://data.ordnancesurvey.co.uk/id/4000000073497589,St Pauls Road Services,,,,transportNetwork,Road User Services,549308,311980,1000,50000,549058,311739,549558,312239,PE14,http://data.ordnancesurvey.co.uk/id/postcodedistrict/PE14,,,,King's Lynn and West Norfolk,http://data.ordnancesurvey.co.uk/id/7000000000007016,http://data.ordnancesurvey.co.uk/ontology/admingeo/District,Norfolk,http://data.ordnancesurvey.co.uk/id/7000000000007238,http://data.ordnancesurvey.co.uk/ontology/admingeo/County,Eastern,http://data.ordnancesurvey.co.uk/id/7000000000041425,England,http://data.ordnancesurvey.co.uk/id/country/england,,,
osgb4000000073334879,http://data.ordnancesurvey.co.uk/id/4000000073334879,Agricultural College,,,,other,Further Education,547786,308505,7000,50000,547281,308246,548338,308764,PE14,http://data.ordnancesurvey.co.uk/id/postcodedistrict/PE14,,,,King's Lynn and West Norfolk,http://data.ordnancesurvey.co.uk/id/7000000000007016,http://data.ordnancesurvey.co.uk/ontology/admingeo/District,Norfolk,http://data.ordnancesurvey.co.uk/id/7000000000007238,http://data.ordnancesurvey.co.uk/ontology/admingeo/County,Eastern,http://data.ordnancesurvey.co.uk/id/7000000000041425,England,http://data.ordnancesurvey.co.uk/id/country/england,,,
osgb4000000073335141,http://data.ordnancesurvey.co.uk/id/4000000073335141,Sutton Bridge Power Station,,,,other,Electricity Production,548052,319966,2000,50000,547807,319716,548307,320216,PE12,http://data.ordnancesurvey.co.uk/id/postcodedistrict/PE12,,,,South Holland,http://data.ordnancesurvey.co.uk/id/7000000000005599,http://data.ordnancesurvey.co.uk/ontology/admingeo/District,Lincolnshire,http://data.ordnancesurvey.co.uk/id/7000000000005942,http://data.ordnancesurvey.co.uk/ontology/admingeo/County,East Midlands,http://data.ordnancesurvey.co.uk/id/7000000000041423,England,http://data.ordnancesurvey.co.uk/id/country/england,,,
osgb4000000073333614,http://data.ordnancesurvey.co.uk/id/4000000073333614,Peckover Primary School,,,,other,Primary Education,545632,310334,1000,50000,545382,310097,545882,310597,PE13,http://data.ordnancesurvey.co.uk/id/postcodedistrict/PE13,Wisbech,http://data.ordnancesurvey.co.uk/id/4000000074551318,http://www.ordnancesurvey.co.uk/xml/codelists/localtype.xml#town,Fenland,http://data.ordnancesurvey.co.uk/id/7000000000001357,http://data.ordnancesurvey.co.uk/ontology/admingeo/District,Cambridgeshire,http://data.ordnancesurvey.co.uk/id/7000000000001386,http://data.ordnancesurvey.co.uk/ontology/admingeo/County,Eastern,http://data.ordnancesurvey.co.uk/id/7000000000041425,England,http://data.ordnancesurvey.co.uk/id/country/england,,,
osgb4000000074733294,http://data.ordnancesurvey.co.uk/id/4000000074733294,Salt Field,,,,landcover,Other Landcover,543530,319232,7000,1300000,543262,318718,543798,319729,PE13,http://data.ordnancesurvey.co.uk/id/postcodedistrict/PE13,,,,South Holland,http://data.ordnancesurvey.co.uk/id/7000000000005599,http://data.ordnancesurvey.co.uk/ontology/admingeo/District,Lincolnshire,http://data.ordnancesurvey.co.uk/id/7000000000005942,http://data.ordnancesurvey.co.uk/ontology/admingeo/County,East Midlands,http://data.ordnancesurvey.co.uk/id/7000000000041423,England,http://data.ordnancesurvey.co.uk/id/country/england,,,
osgb4000000074732616,http://data.ordnancesurvey.co.uk/id/4000000074732616,Thorough Field,,,,landcover,Other Landcover,551059,313210,8000,1300000,550515,312588,551769,313831,PE14,http://data.ordnancesurvey.co.uk/id/postcodedistrict/PE14,,,,King's Lynn and West Norfolk,http://data.ordnancesurvey.co.uk/id/7000000000007016,http://data.ordnancesurvey.co.uk/ontology/admingeo/District,Norfolk,http://data.ordnancesurvey.co.uk/id/7000000000007238,http://data.ordnancesurvey.co.uk/ontology/admingeo/County,Eastern,http://data.ordnancesurvey.co.uk/id/7000000000041425,England,http://data.ordnancesurvey.co.uk/id/country/england,,,
osgb4000000074594132,http://data.ordnancesurvey.co.uk/id/4000000074594132,The Green,,,,landcover,Other Landcover,557161,316939,2000,800000,556943,316689,557443,317189,PE34,http://data.ordnancesurvey.co.uk/id/postcodedistrict/PE34,,,,King's Lynn and West Norfolk,http://data.ordnancesurvey.co.uk/id/7000000000007016,http://data.ordnancesurvey.co.uk/ontology/admingeo/District,Norfolk,http://data.ordnancesurvey.co.uk/id/7000000000007238,http://data.ordnancesurvey.co.uk/ontology/admingeo/County,Eastern,http://data.ordnancesurvey.co.uk/id/7000000000041425,England,http://data.ordnancesurvey.co.uk/id/country/england,,,
osgb4000000074732305,http://data.ordnancesurvey.co.uk/id/4000000074732305,Meadow Field,,,,landcover,Other Landcover,543963,313521,3000,1300000,543740,313271,544240,313771,PE13,http://data.ordnancesurvey.co.uk/id/postcodedistrict/PE13,,,,Fenland,http://data.ordnancesurvey.co.uk/id/7000000000001357,http://data.ordnancesurvey.co.uk/ontology/admingeo/District,Cambridgeshire,http://data.ordnancesurvey.co.uk/id/7000000000001386,http://data.ordnancesurvey.co.uk/ontology/admingeo/County,Eastern,http://data.ordnancesurvey.co.uk/id/7000000000041425,England,http://data.ordnancesurvey.co.uk/id/country/england,,,
osgb4000000074733948,http://data.ordnancesurvey.co.uk/id/4000000074733948,Pock Field,,,,landcover,Other Landcover,541314,309414,9000,1300000,540822,308841,541805,310258,PE13,http://data.ordnancesurvey.co.uk/id/postcodedistrict/PE13,,,,Fenland,http://data.ordnancesurvey.co.uk/id/7000000000001357,http://data.ordnancesurvey.co.uk/ontology/admingeo/District,Cambridgeshire,http://data.ordnancesurvey.co.uk/id/7000000000001386,http://data.ordnancesurvey.co.uk/ontology/admingeo/County,Eastern,http://data.ordnancesurvey.co.uk/id/7000000000041425,England,http://data.ordnancesurvey.co.uk/id/country/england,,,
osgb4000000074732311,http://data.ordnancesurvey.co.uk/id/4000000074732311,Great East Field,,,,landcover,Other Landcover,544553,316526,6000,1300000,544075,316276,545044,316776,PE13,http://data.ordnancesurvey.co.uk/id/postcodedistrict/PE13,,,,Fenland,http://data.ordnancesurvey.co.uk/id/7000000000001357,http://data.ordnancesurvey.co.uk/ontology/admingeo/District,Cambridgeshire,http://data.ordnancesurvey.co.uk/id/7000000000001386,http://data.ordnancesurvey.co.uk/ontology/admingeo/County,Eastern,http://data.ordnancesurvey.co.uk/id/7000000000041425,England,http://data.ordnancesurvey.co.uk/id/country/england,,,
osgb4000000074733441,http://data.ordnancesurvey.co.uk/id/4000000074733441,Little Holme Field,,,,landcover,Other Landcover,551881,319851,3000,1300000,551613,319601,552113,320101,PE34,http://data.ordnancesurvey.co.uk/id/postcodedistrict/PE34,,,,King's Lynn and West Norfolk,http://data.ordnancesurvey.co.uk/id/7000000000007016,http://data.ordnancesurvey.co.uk/ontology/admingeo/District,Norfolk,http://data.ordnancesurvey.co.uk/id/7000000000007238,http://data.ordnancesurvey.co.uk/ontology/admingeo/County,Eastern,http://data.ordnancesurvey.co.uk/id/7000000000041425,England,http://data.ordnancesurvey.co.uk/id/country/england,,,
osgb4000000074732463,http://data.ordnancesurvey.co.uk/id/4000000074732463,Creekgall Fen,,,,landcover,Other Landcover,544822,300230,36000,1300000,543428,298642,546216,304189,PE15,http://data.ordnancesurvey.co.uk/id/postcodedistrict/PE15,,,,Fenland,http://data.ordnancesurvey.co.uk/id/7000000000001357,http://data.ordnancesurvey.co.uk/ontology/admingeo/District,Cambridgeshire,http://data.ordnancesurvey.co.uk/id/7000000000001386,http://data.ordnancesurvey.co.uk/ontology/admingeo/County,Eastern,http://data.ordnancesurvey.co.uk/id/7000000000041425,England,http://data.ordnancesurvey.co.uk/id/country/england,,,
osgb4000000074732930,http://data.ordnancesurvey.co.uk/id/4000000074732930,Cranny Hill Field,,,,landcover,Other Landcover,550411,315701,14000,1300000,549618,314463,551203,316605,PE14,http://data.ordnancesurvey.co.uk/id/postcodedistrict/PE14,,,,King's Lynn and West Norfolk,http://data.ordnancesurvey.co.uk/id/7000000000007016,http://data.ordnancesurvey.co.uk/ontology/admingeo/District,Norfolk,http://data.ordnancesurvey.co.uk/id/7000000000007238,http://data.ordnancesurvey.co.uk/ontology/admingeo/County,Eastern,http://data.ordnancesurvey.co.uk/id/7000000000041425,England,http://data.ordnancesurvey.co.uk/id/country/england,,,
osgb4000000074733112,http://data.ordnancesurvey.co.uk/id/4000000074733112,Great Burrett Field,,,,landcover,Other Landcover,548473,311416,10000,1300000,548087,310731,548858,312233,PE14,http://data.ordnancesurvey.co.uk/id/postcodedistrict/PE14,,,,King's Lynn and West Norfolk,http://data.ordnancesurvey.co.uk/id/7000000000007016,http://data.ordnancesurvey.co.uk/ontology/admingeo/District,Norfolk,http://data.ordnancesurvey.co.uk/id/7000000000007238,http://data.ordnancesurvey.co.uk/ontology/admingeo/County,Eastern,http://data.ordnancesurvey.co.uk/id/7000000000041425,England,http://data.ordnancesurvey.co.uk/id/country/england,,,
osgb4000000074799560,http://data.ordnancesurvey.co.uk/id/4000000074799560,Tydd St Mary's Marsh,,,,landcover,Wetland,545960,318968,15000,21000,544416,317889,547675,320046,PE13,http://data.ordnancesurvey.co.uk/id/postcodedistrict/PE13,,,,South Holland,http://data.ordnancesurvey.co.uk/id/7000000000005599,http://data.ordnancesurvey.co.uk/ontology/admingeo/District,Lincolnshire,http://data.ordnancesurvey.co.uk/id/7000000000005942,http://data.ordnancesurvey.co.uk/ontology/admingeo/County,East Midlands,http://data.ordnancesurvey.co.uk/id/7000000000041423,England,http://data.ordnancesurvey.co.uk/id/country/england,,,
osgb4000000074733944,http://data.ordnancesurvey.co.uk/id/4000000074733944,Cannon Field,,,,landcover,Other Landcover,540067,308704,2000,1300000,539816,308454,540316,308954,PE13,http://data.ordnancesurvey.co.uk/id/postcodedistrict/PE13,,,,Fenland,http://data.ordnancesurvey.co.uk/id/7000000000001357,http://data.ordnancesurvey.co.uk/ontology/admingeo/District,Cambridgeshire,http://data.ordnancesurvey.co.uk/id/7000000000001386,http://data.ordnancesurvey.co.uk/ontology/admingeo/County,Eastern,http://data.ordnancesurvey.co.uk/id/7000000000041425,England,http://data.ordnancesurvey.co.uk/id/country/england,,,
osgb4000000074593446,http://data.ordnancesurvey.co.uk/id/4000000074593446,New Field,,,,landcover,Other Landcover,550457,306927,9000,1300000,549806,306532,551200,307321,PE14,http://data.ordnancesurvey.co.uk/id/postcodedistrict/PE14,,,,King's Lynn and West Norfolk,http://data.ordnancesurvey.co.uk/id/7000000000007016,http://data.ordnancesurvey.co.uk/ontology/admingeo/District,Norfolk,http://data.ordnancesurvey.co.uk/id/7000000000007238,http://data.ordnancesurvey.co.uk/ontology/admingeo/County,Eastern,http://data.ordnancesurvey.co.uk/id/7000000000041425,England,http://data.ordnancesurvey.co.uk/id/country/england,,,
osgb4000000074732620,http://data.ordnancesurvey.co.uk/id/4000000074732620,West Newland Field,,,,landcover,Other Landcover,555531,317085,9000,1300000,554885,316557,556207,317614,PE34,http://data.ordnancesurvey.co.uk/id/postcodedistrict/PE34,,,,King's Lynn and West Norfolk,http://data.ordnancesurvey.co.uk/id/7000000000007016,http://data.ordnancesurvey.co.uk/ontology/admingeo/District,Norfolk,http://data.ordnancesurvey.co.uk/id/7000000000007238,http://data.ordnancesurvey.co.uk/ontology/admingeo/County,Eastern,http://data.ordnancesurvey.co.uk/id/7000000000041425,England,http://data.ordnancesurvey.co.uk/id/country/england,,,
PE131SG,http://data.ordnancesurvey.co.uk/id/postcodeunit/PE131SG,PE13 1SG,,,,other,Postcode,545221,310495,3500,18000,,,,,,,Wisbech,http://data.ordnancesurvey.co.uk/id/4000000074551318,http://www.ordnancesurvey.co.uk/xml/codelists/localtype.xml#town,Fenland,http://data.ordnancesurvey.co.uk/id/7000000000001357,http://data.ordnancesurvey.co.uk/ontology/admingeo/District,Cambridgeshire,http://data.ordnancesurvey.co.uk/id/7000000000001386,http://data.ordnancesurvey.co.uk/ontology/admingeo/County,Eastern,http://data.ordnancesurvey.co.uk/id/7000000000041425,England,http://data.ordnancesurvey.co.uk/id/country/england,,,
PE133LS,http://data.ordnancesurvey.co.uk/id/postcodeunit/PE133LS,PE13 3LS,,,,other,Postcode,546294,310784,3500,18000,,,,,,,Wisbech,http://data.ordnancesurvey.co.uk/id/4000000074551318,http://www.ordnancesurvey.co.uk/xml/codelists/localtype.xml#town,Fenland,http://data.ordnancesurvey.co.uk/id/7000000000001357,http://data.ordnancesurvey.co.uk/ontology/admingeo/District,Cambridgeshire,http://data.ordnancesurvey.co.uk/id/7000000000001386,http://data.ordnancesurvey.co.uk/ontology/admingeo/County,Eastern,http://data.ordnancesurvey.co.uk/id/7000000000041425,England,http://data.ordnancesurvey.co.uk/id/country/england,,,
PE147NR,http://data.ordnancesurvey.co.uk/id/postcodeunit/PE147NR,PE14 7NR,,,,other,Postcode,550345,316464,3500,18000,,,,,,,Walpole St Peter,http://data.ordnancesurvey.co.uk/id/4000000074550943,http://www.ordnancesurvey.co.uk/xml/codelists/localtype.xml#village,King's Lynn and West Norfolk,http://data.ordnancesurvey.co.uk/id/7000000000007016,http://data.ordnancesurvey.co.uk/ontology/admingeo/District,Norfolk,http://data.ordnancesurvey.co.uk/id/7000000000007238,http://data.ordnancesurvey.co.uk/ontology/admingeo/County,Eastern,http://data.ordnancesurvey.co.uk/id/7000000000041425,England,http://data.ordnancesurvey.co.uk/id/country/england,,,
PE131RR,http://data.ordnancesurvey.co.uk/id/postcodeunit/PE131RR,PE13 1RR,,,,other,Postcode,545564,310152,3500,18000,,,,,,,Wisbech,http://data.ordnancesurvey.co.uk/id/4000000074551318,http://www.ordnancesurvey.co.uk/xml/codelists/localtype.xml#town,Fenland,http://data.ordnancesurvey.co.uk/id/7000000000001357,http://data.ordnancesurvey.co.uk/ontology/admingeo/District,Cambridgeshire,http://data.ordnancesurvey.co.uk/id/7000000000001386,http://data.ordnancesurvey.co.uk/ontology/admingeo/County,Eastern,http://data.ordnancesurvey.co.uk/id/7000000000041425,England,http://data.ordnancesurvey.co.uk/id/country/england,,,
PE343DT,http://data.ordnancesurvey.co.uk/id/postcodeunit/PE343DT,PE34 3DT,,,,other,Postcode,559274,314019,3500,18000,,,,,,,Wiggenhall St Germans,http://data.ordnancesurvey.co.uk/id/4000000074550213,http://www.ordnancesurvey.co.uk/xml/codelists/localtype.xml#village,King's Lynn and West Norfolk,http://data.ordnancesurvey.co.uk/id/7000000000007016,http://data.ordnancesurvey.co.uk/ontology/admingeo/District,Norfolk,http://data.ordnancesurvey.co.uk/id/7000000000007238,http://data.ordnancesurvey.co.uk/ontology/admingeo/County,Eastern,http://data.ordnancesurvey.co.uk/id/7000000000041425,England,http://data.ordnancesurvey.co.uk/id/country/england,,,
PE135BP,http://data.ordnancesurvey.co.uk/id/postcodeunit/PE135BP,PE13 5BP,,,,other,Postcode,543211,310497,3500,18000,,,,,,,Leverington,http://data.ordnancesurvey.co.uk/id/4000000074551313,http://www.ordnancesurvey.co.uk/xml/codelists/localtype.xml#village,Fenland,http://data.ordnancesurvey.co.uk/id/7000000000001357,http://data.ordnancesurvey.co.uk/ontology/admingeo/District,Cambridgeshire,http://data.ordnancesurvey.co.uk/id/7000000000001386,http://data.ordnancesurvey.co.uk/ontology/admingeo/County,Eastern,http://data.ordnancesurvey.co.uk/id/7000000000041425,England,http://data.ordnancesurvey.co.uk/id/country/england,,,
PE133HF,http://data.ordnancesurvey.co.uk/id/postcodeunit/PE133HF,PE13 3HF,,,,other,Postcode,546756,310850,3500,18000,,,,,,,Wisbech,http://data.ordnancesurvey.co.uk/id/4000000074551318,http://www.ordnancesurvey.co.uk/xml/codelists/localtype.xml#town,Fenland,http://data.ordnancesurvey.co.uk/id/7000000000001357,http://data.ordnancesurvey.co.uk/ontology/admingeo/District,Cambridgeshire,http://data.ordnancesurvey.co.uk/id/7000000000001386,http://data.ordnancesurvey.co.uk/ontology/admingeo/County,Eastern,http://data.ordnancesurvey.co.uk/id/7000000000041425,England,http://data.ordnancesurvey.co.uk/id/country/england,,,
PE149HA,http://data.ordnancesurvey.co.uk/id/postcodeunit/PE149HA,PE14 9HA,,,,other,Postcode,550038,301543,3500,18000,,,,,,,Upwell,http://data.ordnancesurvey.co.uk/id/4000000074550938,http://www.ordnancesurvey.co.uk/xml/codelists/localtype.xml#village,King's Lynn and West Norfolk,http://data.ordnancesurvey.co.uk/id/7000000000007016,http://data.ordnancesurvey.co.uk/ontology/admingeo/District,Norfolk,http://data.ordnancesurvey.co.uk/id/7000000000007238,http://data.ordnancesurvey.co.uk/ontology/admingeo/County,Eastern,http://data.ordnancesurvey.co.uk/id/7000000000041425,England,http://data.ordnancesurvey.co.uk/id/country/england,,,
PE140JF,http://data.ordnancesurvey.co.uk/id/postcodeunit/PE140JF,PE14 0JF,,,,other,Postcode,546821,305084,3500,18000,,,,,,,Friday Bridge,http://data.ordnancesurvey.co.uk/id/4000000074550225,http://www.ordnancesurvey.co.uk/xml/codelists/localtype.xml#village,Fenland,http://data.ordnancesurvey.co.uk/id/7000000000001357,http://data.ordnancesurvey.co.uk/ontology/admingeo/District,Cambridgeshire,http://data.ordnancesurvey.co.uk/id/7000000000001386,http://data.ordnancesurvey.co.uk/ontology/admingeo/County,Eastern,http://data.ordnancesurvey.co.uk/id/7000000000041425,England,http://data.ordnancesurvey.co.uk/id/country/england,,,
PE344PY,http://data.ordnancesurvey.co.uk/id/postcodeunit/PE344PY,PE34 4PY,,,,other,Postcode,553946,319107,3500,18000,,,,,,,Terrington St Clement,http://data.ordnancesurvey.co.uk/id/4000000074548395,http://www.ordnancesurvey.co.uk/xml/codelists/localtype.xml#otherSettlement,King's Lynn and West Norfolk,http://data.ordnancesurvey.co.uk/id/7000000000007016,http://data.ordnancesurvey.co.uk/ontology/admingeo/District,Norfolk,http://data.ordnancesurvey.co.uk/id/7000000000007238,http://data.ordnancesurvey.co.uk/ontology/admingeo/County,Eastern,http://data.ordnancesurvey.co.uk/id/7000000000041425,England,http://data.ordnancesurvey.co.uk/id/country/england,,,
PE148AX,http://data.ordnancesurvey.co.uk/id/postcodeunit/PE148AX,PE14 8AX,,,,other,Postcode,549746,306815,3500,18000,,,,,,,Emneth,http://data.ordnancesurvey.co.uk/id/4000000074550948,http://www.ordnancesurvey.co.uk/xml/codelists/localtype.xml#village,King's Lynn and West Norfolk,http://data.ordnancesurvey.co.uk/id/7000000000007016,http://data.ordnancesurvey.co.uk/ontology/admingeo/District,Norfolk,http://data.ordnancesurvey.co.uk/id/7000000000007238,http://data.ordnancesurvey.co.uk/ontology/admingeo/County,Eastern,http://data.ordnancesurvey.co.uk/id/7000000000041425,England,http://data.ordnancesurvey.co.uk/id/country/england,,,
PE134TB,http://data.ordnancesurvey.co.uk/id/postcodeunit/PE134TB,PE13 4TB,,,,other,Postcode,544831,308876,3500,18000,,,,,,,Wisbech,http://data.ordnancesurvey.co.uk/id/4000000074551318,http://www.ordnancesurvey.co.uk/xml/codelists/localtype.xml#town,Fenland,http://data.ordnancesurvey.co.uk/id/7000000000001357,http://data.ordnancesurvey.co.uk/ontology/admingeo/District,Cambridgeshire,http://data.ordnancesurvey.co.uk/id/7000000000001386,http://data.ordnancesurvey.co.uk/ontology/admingeo/County,Eastern,http://data.ordnancesurvey.co.uk/id/7000000000041425,England,http://data.ordnancesurvey.co.uk/id/country/england,,,
PE148PB,http://data.ordnancesurvey.co.uk/id/postcodeunit/PE148PB,PE14 8PB,,,,other,Postcode,551284,304459,3500,18000,,,,,,,Outwell,http://data.ordnancesurvey.co.uk/id/4000000074548389,http://www.ordnancesurvey.co.uk/xml/codelists/localtype.xml#village,King's Lynn and West Norfolk,http://data.ordnancesurvey.co.uk/id/7000000000007016,http://data.ordnancesurvey.co.uk/ontology/admingeo/District,Norfolk,http://data.ordnancesurvey.co.uk/id/7000000000007238,http://data.ordnancesurvey.co.uk/ontology/admingeo/County,Eastern,http://data.ordnancesurvey.co.uk/id/7000000000041425,England,http://data.ordnancesurvey.co.uk/id/country/england,,,
PE147LY,http://data.ordnancesurvey.co.uk/id/postcodeunit/PE147LY,PE14 7LY,,,,other,Postcode,552055,318698,3500,18000,,,,,,,Walpole Cross Keys,http://data.ordnancesurvey.co.uk/id/4000000074548396,http://www.ordnancesurvey.co.uk/xml/codelists/localtype.xml#village,King's Lynn and West Norfolk,http://data.ordnancesurvey.co.uk/id/7000000000007016,http://data.ordnancesurvey.co.uk/ontology/admingeo/District,Norfolk,http://data.ordnancesurvey.co.uk/id/7000000000007238,http://data.ordnancesurvey.co.uk/ontology/admingeo/County,Eastern,http://data.ordnancesurvey.co.uk/id/7000000000041425,England,http://data.ordnancesurvey.co.uk/id/country/england,,,
PE147SH,http://data.ordnancesurvey.co.uk/id/postcodeunit/PE147SH,PE14 7SH,,,,other,Postcode,553828,312481,3500,18000,,,,,,,Terrington St John,http://data.ordnancesurvey.co.uk/id/4000000074550941,http://www.ordnancesurvey.co.uk/xml/codelists/localtype.xml#village,King's Lynn and West Norfolk,http://data.ordnancesurvey.co.uk/id/7000000000007016,http://data.ordnancesurvey.co.uk/ontology/admingeo/District,Norfolk,http://data.ordnancesurvey.co.uk/id/7000000000007238,http://data.ordnancesurvey.co.uk/ontology/admingeo/County,Eastern,http://data.ordnancesurvey.co.uk/id/7000000000041425,England,http://data.ordnancesurvey.co.uk/id/country/england,,,
PE134SQ,http://data.ordnancesurvey.co.uk/id/postcodeunit/PE134SQ,PE13 4SQ,,,,other,Postcode,540771,307160,3500,18000,,,,,,,Bunker's Hill,http://data.ordnancesurvey.co.uk/id/4000000074551314,http://www.ordnancesurvey.co.uk/xml/codelists/localtype.xml#hamlet,Fenland,http://data.ordnancesurvey.co.uk/id/7000000000001357,http://data.ordnancesurvey.co.uk/ontology/admingeo/District,Cambridgeshire,http://data.ordnancesurvey.co.uk/id/7000000000001386,http://data.ordnancesurvey.co.uk/ontology/admingeo/County,Eastern,http://data.ordnancesurvey.co.uk/id/7000000000041425,England,http://data.ordnancesurvey.co.uk/id/country/england,,,
PE132TY,http://data.ordnancesurvey.co.uk/id/postcodeunit/PE132TY,PE13 2TY,,,,other,Postcode,545852,308047,3500,18000,,,,,,,Wisbech,http://data.ordnancesurvey.co.uk/id/4000000074551318,http://www.ordnancesurvey.co.uk/xml/codelists/localtype.xml#town,Fenland,http://data.ordnancesurvey.co.uk/id/7000000000001357,http://data.ordnancesurvey.co.uk/ontology/admingeo/District,Cambridgeshire,http://data.ordnancesurvey.co.uk/id/7000000000001386,http://data.ordnancesurvey.co.uk/ontology/admingeo/County,Eastern,http://data.ordnancesurvey.co.uk/id/7000000000041425,England,http://data.ordnancesurvey.co.uk/id/country/england,,,
PE140DG,http://data.ordnancesurvey.co.uk/id/postcodeunit/PE140DG,PE14 0DG,,,,other,Postcode,546947,308217,3500,18000,,,,,,,Wisbech,http://data.ordnancesurvey.co.uk/id/4000000074551318,http://www.ordnancesurvey.co.uk/xml/codelists/localtype.xml#town,King's Lynn and West Norfolk,http://data.ordnancesurvey.co.uk/id/7000000000007016,http://data.ordnancesurvey.co.uk/ontology/admingeo/District,Norfolk,http://data.ordnancesurvey.co.uk/id/7000000000007238,http://data.ordnancesurvey.co.uk/ontology/admingeo/County,Eastern,http://data.ordnancesurvey.co.uk/id/7000000000041425,England,http://data.ordnancesurvey.co.uk/id/country/england,,,
PE147SF,http://data.ordnancesurvey.co.uk/id/postcodeunit/PE147SF,PE14 7SF,,,,other,Postcode,553814,314142,3500,18000,,,,,,,Terrington St John,http://data.ordnancesurvey.co.uk/id/4000000074550941,http://www.ordnancesurvey.co.uk/xml/codelists/localtype.xml#village,King's Lynn and West Norfolk,http://data.ordnancesurvey.co.uk/id/7000000000007016,http://data.ordnancesurvey.co.uk/ontology/admingeo/District,Norfolk,http://data.ordnancesurvey.co.uk/id/7000000000007238,http://data.ordnancesurvey.co.uk/ontology/admingeo/County,Eastern,http://data.ordnancesurvey.co.uk/id/7000000000041425,England,http://data.ordnancesurvey.co.uk/id/country/england,,,
PE132PS,http://data.ordnancesurvey.co.uk/id/postcodeunit/PE132PS,PE13 2PS,,,,other,Postcode,546191,308629,3500,18000,,,,,,,Wisbech,http://data.ordnancesurvey.co.uk/id/4000000074551318,http://www.ordnancesurvey.co.uk/xml/codelists/localtype.xml#town,Fenland,http://data.ordnancesurvey.co.uk/id/7000000000001357,http://data.ordnancesurvey.co.uk/ontology/admingeo/District,Cambridgeshire,http://data.ordnancesurvey.co.uk/id/7000000000001386,http://data.ordnancesurvey.co.uk/ontology/admingeo/County,Eastern,http://data.ordnancesurvey.co.uk/id/7000000000041425,England,http://data.ordnancesurvey.co.uk/id/country/england,,,
PE344RP,http://data.ordnancesurvey.co.uk/id/postcodeunit/PE344RP,PE34 4RP,,,,other,Postcode,555732,317941,3500,18000,,,,,,,Shepherds' Gate,http://data.ordnancesurvey.co.uk/id/4000000074543173,http://www.ordnancesurvey.co.uk/xml/codelists/localtype.xml#otherSettlement,King's Lynn and West Norfolk,http://data.ordnancesurvey.co.uk/id/7000000000007016,http://data.ordnancesurvey.co.uk/ontology/admingeo/District,Norfolk,http://data.ordnancesurvey.co.uk/id/7000000000007238,http://data.ordnancesurvey.co.uk/ontology/admingeo/County,Eastern,http://data.ordnancesurvey.co.uk/id/7000000000041425,England,http://data.ordnancesurvey.co.uk/id/country/england,,,
PE133QD,http://data.ordnancesurvey.co.uk/id/postcodeunit/PE133QD,PE13 3QD,,,,other,Postcode,547071,310367,3500,18000,,,,,,,Wisbech,http://data.ordnancesurvey.co.uk/id/4000000074551318,http://www.ordnancesurvey.co.uk/xml/codelists/localtype.xml#town,Fenland,http://data.ordnancesurvey.co.uk/id/7000000000001357,http://data.ordnancesurvey.co.uk/ontology/admingeo/District,Cambridgeshire,http://data.ordnancesurvey.co.uk/id/7000000000001386,http://data.ordnancesurvey.co.uk/ontology/admingeo/County,Eastern,http://data.ordnancesurvey.co.uk/id/7000000000041425,England,http://data.ordnancesurvey.co.uk/id/country/england,,,
PE140JR,http://data.ordnancesurvey.co.uk/id/postcodeunit/PE140JR,PE14 0JR,,,,other,Postcode,546752,306812,3500,18000,,,,,,,Elm,http://data.ordnancesurvey.co.uk/id/4000000074341528,http://www.ordnancesurvey.co.uk/xml/codelists/localtype.xml#village,Fenland,http://data.ordnancesurvey.co.uk/id/7000000000001357,http://data.ordnancesurvey.co.uk/ontology/admingeo/District,Cambridgeshire,http://data.ordnancesurvey.co.uk/id/7000000000001386,http://data.ordnancesurvey.co.uk/ontology/admingeo/County,Eastern,http://data.ordnancesurvey.co.uk/id/7000000000041425,England,http://data.ordnancesurvey.co.uk/id/country/england,,,
PE147NX,http://data.ordnancesurvey.co.uk/id/postcodeunit/PE147NX,PE14 7NX,,,,other,Postcode,549832,316845,3500,18000,,,,,,,Walpole St Peter,http://data.ordnancesurvey.co.uk/id/4000000074550943,http://www.ordnancesurvey.co.uk/xml/codelists/localtype.xml#village,King's Lynn and West Norfolk,http://data.ordnancesurvey.co.uk/id/7000000000007016,http://data.ordnancesurvey.co.uk/ontology/admingeo/District,Norfolk,http://data.ordnancesurvey.co.uk/id/7000000000007238,http://data.ordnancesurvey.co.uk/ontology/admingeo/County,Eastern,http://data.ordnancesurvey.co.uk/id/7000000000041425,England,http://data.ordnancesurvey.co.uk/id/country/england,,,
PE132TQ,http://data.ordnancesurvey.co.uk/id/postcodeunit/PE132TQ,PE13 2TQ,,,,other,Postcode,545915,308201,3500,18000,,,,,,,Wisbech,http://data.ordnancesurvey.co.uk/id/4000000074551318,http://www.ordnancesurvey.co.uk/xml/codelists/localtype.xml#town,Fenland,http://data.ordnancesurvey.co.uk/id/7000000000001357,http://data.ordnancesurvey.co.uk/ontology/admingeo/District,Cambridgeshire,http://data.ordnancesurvey.co.uk/id/7000000000001386,http://data.ordnancesurvey.co.uk/ontology/admingeo/County,Eastern,http://data.ordnancesurvey.co.uk/id/7000000000041425,England,http://data.ordnancesurvey.co.uk/id/country/england,,,
PE135FG,http://data.ordnancesurvey.co.uk/id/postcodeunit/PE135FG,PE13 5FG,,,,other,Postcode,543996,311680,3500,18000,,,,,,,Leverington,http://data.ordnancesurvey.co.uk/id/4000000074551313,http://www.ordnancesurvey.co.uk/xml/codelists/localtype.xml#village,Fenland,http://data.ordnancesurvey.co.uk/id/7000000000001357,http://data.ordnancesurvey.co.uk/ontology/admingeo/District,Cambridgeshire,http://data.ordnancesurvey.co.uk/id/7000000000001386,http://data.ordnancesurvey.co.uk/ontology/admingeo/County,Eastern,http://data.ordnancesurvey.co.uk/id/7000000000041425,England,http://data.ordnancesurvey.co.uk/id/country/england,,,
PE131EQ,http://data.ordnancesurvey.co.uk/id/postcodeunit/PE131EQ,PE13 1EQ,,,,other,Postcode,546374,309540,3500,18000,,,,,,,Wisbech,http://data.ordnancesurvey.co.uk/id/4000000074551318,http://www.ordnancesurvey.co.uk/xml/codelists/localtype.xml#town,Fenland,http://data.ordnancesurvey.co.uk/id/7000000000001357,http://data.ordnancesurvey.co.uk/ontology/admingeo/District,Cambridgeshire,http://data.ordnancesurvey.co.uk/id/7000000000001386,http://data.ordnancesurvey.co.uk/ontology/admingeo/County,Eastern,http://data.ordnancesurvey.co.uk/id/7000000000041425,England,http://data.ordnancesurvey.co.uk/id/country/england,,,
PE147BS,http://data.ordnancesurvey.co.uk/id/postcodeunit/PE147BS,PE14 7BS,,,,other,Postcode,548181,310316,3500,18000,,,,,,,Wisbech,http://data.ordnancesurvey.co.uk/id/4000000074551318,http://www.ordnancesurvey.co.uk/xml/codelists/localtype.xml#town,King's Lynn and West Norfolk,http://data.ordnancesurvey.co.uk/id/7000000000007016,http://data.ordnancesurvey.co.uk/ontology/admingeo/District,Norfolk,http://data.ordnancesurvey.co.uk/id/7000000000007238,http://data.ordnancesurvey.co.uk/ontology/admingeo/County,Eastern,http://data.ordnancesurvey.co.uk/id/7000000000041425,England,http://data.ordnancesurvey.co.uk/id/country/england,,,
PE133EJ,http://data.ordnancesurvey.co.uk/id/postcodeunit/PE133EJ,PE13 3EJ,,,,other,Postcode,547149,310839,3500,18000,,,,,,,Wisbech,http://data.ordnancesurvey.co.uk/id/4000000074551318,http://www.ordnancesurvey.co.uk/xml/codelists/localtype.xml#town,Fenland,http://data.ordnancesurvey.co.uk/id/7000000000001357,http://data.ordnancesurvey.co.uk/ontology/admingeo/District,Cambridgeshire,http://data.ordnancesurvey.co.uk/id/7000000000001386,http://data.ordnancesurvey.co.uk/ontology/admingeo/County,Eastern,http://data.ordnancesurvey.co.uk/id/7000000000041425,England,http://data.ordnancesurvey.co.uk/id/country/england,,,
PE133SN,http://data.ordnancesurvey.co.uk/id/postcodeunit/PE133SN,PE13 3SN,,,,other,Postcode,547508,309877,3500,18000,,,,,,,Wisbech,http://data.ordnancesurvey.co.uk/id/4000000074551318,http://www.ordnancesurvey.co.uk/xml/codelists/localtype.xml#town,Fenland,http://data.ordnancesurvey.co.uk/id/7000000000001357,http://data.ordnancesurvey.co.uk/ontology/admingeo/District,Cambridgeshire,http://data.ordnancesurvey.co.uk/id/7000000000001386,http://data.ordnancesurvey.co.uk/ontology/admingeo/County,Eastern,http://data.ordnancesurvey.co.uk/id/7000000000041425,England,http://data.ordnancesurvey.co.uk/id/country/england,,,
PE148DA,http://data.ordnancesurvey.co.uk/id/postcodeunit/PE148DA,PE14 8DA,,,,other,Postcode,549537,307142,3500,18000,,,,,,,Emneth,http://data.ordnancesurvey.co.uk/id/4000000074550948,http://www.ordnancesurvey.co.uk/xml/codelists/localtype.xml#village,King's Lynn and West Norfolk,http://data.ordnancesurvey.co.uk/id/7000000000007016,http://data.ordnancesurvey.co.uk/ontology/admingeo/District,Norfolk,http://data.ordnancesurvey.co.uk/id/7000000000007238,http://data.ordnancesurvey.co.uk/ontology/admingeo/County,Eastern,http://data.ordnancesurvey.co.uk/id/7000000000041425,England,http://data.ordnancesurvey.co.uk/id/country/england,,,
PE133DG,http://data.ordnancesurvey.co.uk/id/postcodeunit/PE133DG,PE13 3DG,,,,other,Postcode,546486,310313,3500,18000,,,,,,,Wisbech,http://data.ordnancesurvey.co.uk/id/4000000074551318,http://www.ordnancesurvey.co.uk/xml/codelists/localtype.xml#town,Fenland,http://data.ordnancesurvey.co.uk/id/7000000000001357,http://data.ordnancesurvey.co.uk/ontology/admingeo/District,Cambridgeshire,http://data.ordnancesurvey.co.uk/id/7000000000001386,http://data.ordnancesurvey.co.uk/ontology/admingeo/County,Eastern,http://data.ordnancesurvey.co.uk/id/7000000000041425,England,http://data.ordnancesurvey.co.uk/id/country/england,,,
PE343EH,http://data.ordnancesurvey.co.uk/id/postcodeunit/PE343EH,PE34 3EH,,,,other,Postcode,558377,314000,3500,18000,,,,,,,Wiggenhall St Mary the Virgin,http://data.ordnancesurvey.co.uk/id/4000000074550574,http://www.ordnancesurvey.co.uk/xml/codelists/localtype.xml#village,King's Lynn and West Norfolk,http://data.ordnancesurvey.co.uk/id/7000000000007016,http://data.ordnancesurvey.co.uk/ontology/admingeo/District,Norfolk,http://data.ordnancesurvey.co.uk/id/7000000000007238,http://data.ordnancesurvey.co.uk/ontology/admingeo/County,Eastern,http://data.ordnancesurvey.co.uk/id/7000000000041425,England,http://data.ordnancesurvey.co.uk/id/country/england,,,
PE133EX,http://data.ordnancesurvey.co.uk/id/postcodeunit/PE133EX,PE13 3EX,,,,other,Postcode,547260,310942,3500,18000,,,,,,,Wisbech,http://data.ordnancesurvey.co.uk/id/4000000074551318,http://www.ordnancesurvey.co.uk/xml/codelists/localtype.xml#town,Fenland,http://data.ordnancesurvey.co.uk/id/7000000000001357,http://data.ordnancesurvey.co.uk/ontology/admingeo/District,Cambridgeshire,http://data.ordnancesurvey.co.uk/id/7000000000001386,http://data.ordnancesurvey.co.uk/ontology/admingeo/County,Eastern,http://data.ordnancesurvey.co.uk/id/7000000000041425,England,http://data.ordnancesurvey.co.uk/id/country/england,,,
PE133AF,http://data.ordnancesurvey.co.uk/id/postcodeunit/PE133AF,PE13 3AF,,,,other,Postcode,546356,309862,3500,18000,,,,,,,Wisbech,http://data.ordnancesurvey.co.uk/id/4000000074551318,http://www.ordnancesurvey.co.uk/xml/codelists/localtype.xml#town,Fenland,http://data.ordnancesurvey.co.uk/id/7000000000001357,http://data.ordnancesurvey.co.uk/ontology/admingeo/District,Cambridgeshire,http://data.ordnancesurvey.co.uk/id/7000000000001386,http://data.ordnancesurvey.co.uk/ontology/admingeo/County,Eastern,http://data.ordnancesurvey.co.uk/id/7000000000041425,England,http://data.ordnancesurvey.co.uk/id/country/england,,,
PE131NP,http://data.ordnancesurvey.co.uk/id/postcodeunit/PE131NP,PE13 1NP,,,,other,Postcode,546048,309842,3500,18000,,,,,,,Wisbech,http://data.ordnancesurvey.co.uk/id/4000000074551318,http://www.ordnancesurvey.co.uk/xml/codelists/localtype.xml#town,Fenland,http://data.ordnancesurvey.co.uk/id/7000000000001357,http://data.ordnancesurvey.co.uk/ontology/admingeo/District,Cambridgeshire,http://data.ordnancesurvey.co.uk/id/7000000000001386,http://data.ordnancesurvey.co.uk/ontology/admingeo/County,Eastern,http://data.ordnancesurvey.co.uk/id/7000000000041425,England,http://data.ordnancesurvey.co.uk/id/country/england,,,
PE134XA,http://data.ordnancesurvey.co.uk/id/postcodeunit/PE134XA,PE13 4XA,,,,other,Postcode,542044,308237,3500,18000,,,,,,,Wisbech St Mary,http://data.ordnancesurvey.co.uk/id/4000000074551315,http://www.ordnancesurvey.co.uk/xml/codelists/localtype.xml#village,Fenland,http://data.ordnancesurvey.co.uk/id/7000000000001357,http://data.ordnancesurvey.co.uk/ontology/admingeo/District,Cambridgeshire,http://data.ordnancesurvey.co.uk/id/7000000000001386,http://data.ordnancesurvey.co.uk/ontology/admingeo/County,Eastern,http://data.ordnancesurvey.co.uk/id/7000000000041425,England,http://data.ordnancesurvey.co.uk/id/country/england,,,
PE133HJ,http://data.ordnancesurvey.co.uk/id/postcodeunit/PE133HJ,PE13 3HJ,,,,other,Postcode,546943,311177,3500,18000,,,,,,,Wisbech,http://data.ordnancesurvey.co.uk/id/4000000074551318,http://www.ordnancesurvey.co.uk/xml/codelists/localtype.xml#town,Fenland,http://data.ordnancesurvey.co.uk/id/7000000000001357,http://data.ordnancesurvey.co.uk/ontology/admingeo/District,Cambridgeshire,http://data.ordnancesurvey.co.uk/id/7000000000001386,http://data.ordnancesurvey.co.uk/ontology/admingeo/County,Eastern,http://data.ordnancesurvey.co.uk/id/7000000000041425,England,http://data.ordnancesurvey.co.uk/id/country/england,,,
PE147SS,http://data.ordnancesurvey.co.uk/id/postcodeunit/PE147SS,PE14 7SS,,,,other,Postcode,554087,315906,3500,18000,,,,,,,Terrington St John,http://data.ordnancesurvey.co.uk/id/4000000074550941,http://www.ordnancesurvey.co.uk/xml/codelists/localtype.xml#village,King's Lynn and West Norfolk,http://data.ordnancesurvey.co.uk/id/7000000000007016,http://data.ordnancesurvey.co.uk/ontology/admingeo/District,Norfolk,http://data.ordnancesurvey.co.uk/id/7000000000007238,http://data.ordnancesurvey.co.uk/ontology/admingeo/County,Eastern,http://data.ordnancesurvey.co.uk/id/7000000000041425,England,http://data.ordnancesurvey.co.uk/id/country/england,,,
PE133FA,http://data.ordnancesurvey.co.uk/id/postcodeunit/PE133FA,PE13 3FA,,,,other,Postcode,547277,310383,3500,18000,,,,,,,Wisbech,http://data.ordnancesurvey.co.uk/id/4000000074551318,http://www.ordnancesurvey.co.uk/xml/codelists/localtype.xml#town,Fenland,http://data.ordnancesurvey.co.uk/id/7000000000001357,http://data.ordnancesurvey.co.uk/ontology/admingeo/District,Cambridgeshire,http://data.ordnancesurvey.co.uk/id/7000000000001386,http://data.ordnancesurvey.co.uk/ontology/admingeo/County,Eastern,http://data.ordnancesurvey.co.uk/id/7000000000041425,England,http://data.ordnancesurvey.co.uk/id/country/england,,,
PE133YB,http://data.ordnancesurvey.co.uk/id/postcodeunit/PE133YB,PE13 3YB,,,,other,Postcode,546114,310314,3500,18000,,,,,,,Wisbech,http://data.ordnancesurvey.co.uk/id/4000000074551318,http://www.ordnancesurvey.co.uk/xml/codelists/localtype.xml#town,Fenland,http://data.ordnancesurvey.co.uk/id/7000000000001357,http://data.ordnancesurvey.co.uk/ontology/admingeo/District,Cambridgeshire,http://data.ordnancesurvey.co.uk/id/7000000000001386,http://data.ordnancesurvey.co.uk/ontology/admingeo/County,Eastern,http://data.ordnancesurvey.co.uk/id/7000000000041425,England,http://data.ordnancesurvey.co.uk/id/country/england,,,
PE147PD,http://data.ordnancesurvey.co.uk/id/postcodeunit/PE147PD,PE14 7PD,,,,other,Postcode,550374,316712,3500,18000,,,,,,,Walpole St Peter,http://data.ordnancesurvey.co.uk/id/4000000074550943,http://www.ordnancesurvey.co.uk/xml/codelists/localtype.xml#village,King's Lynn and West Norfolk,http://data.ordnancesurvey.co.uk/id/7000000000007016,http://data.ordnancesurvey.co.uk/ontology/admingeo/District,Norfolk,http://data.ordnancesurvey.co.uk/id/7000000000007238,http://data.ordnancesurvey.co.uk/ontology/admingeo/County,Eastern,http://data.ordnancesurvey.co.uk/id/7000000000041425,England,http://data.ordnancesurvey.co.uk/id/country/england,,,
PE133JZ,http://data.ordnancesurvey.co.uk/id/postcodeunit/PE133JZ,PE13 3JZ,,,,other,Postcode,545887,311092,3500,18000,,,,,,,Wisbech,http://data.ordnancesurvey.co.uk/id/4000000074551318,http://www.ordnancesurvey.co.uk/xml/codelists/localtype.xml#town,Fenland,http://data.ordnancesurvey.co.uk/id/7000000000001357,http://data.ordnancesurvey.co.uk/ontology/admingeo/District,Cambridgeshire,http://data.ordnancesurvey.co.uk/id/7000000000001386,http://data.ordnancesurvey.co.uk/ontology/admingeo/County,Eastern,http://data.ordnancesurvey.co.uk/id/7000000000041425,England,http://data.ordnancesurvey.co.uk/id/country/england,,,
PE147QH,http://data.ordnancesurvey.co.uk/id/postcodeunit/PE147QH,PE14 7QH,,,,other,Postcode,551517,313976,3500,18000,,,,,,,Walpole Highway,http://data.ordnancesurvey.co.uk/id/4000000074550945,http://www.ordnancesurvey.co.uk/xml/codelists/localtype.xml#village,King's Lynn and West Norfolk,http://data.ordnancesurvey.co.uk/id/7000000000007016,http://data.ordnancesurvey.co.uk/ontology/admingeo/District,Norfolk,http://data.ordnancesurvey.co.uk/id/7000000000007238,http://data.ordnancesurvey.co.uk/ontology/admingeo/County,Eastern,http://data.ordnancesurvey.co.uk/id/7000000000041425,England,http://data.ordnancesurvey.co.uk/id/country/england,,,
PE147EX,http://data.ordnancesurvey.co.uk/id/postcodeunit/PE147EX,PE14 7EX,,,,other,Postcode,546776,313257,3500,18000,,,,,,,West Walton,http://data.ordnancesurvey.co.uk/id/4000000074552041,http://www.ordnancesurvey.co.uk/xml/codelists/localtype.xml#village,King's Lynn and West Norfolk,http://data.ordnancesurvey.co.uk/id/7000000000007016,http://data.ordnancesurvey.co.uk/ontology/admingeo/District,Norfolk,http://data.ordnancesurvey.co.uk/id/7000000000007238,http://data.ordnancesurvey.co.uk/ontology/admingeo/County,Eastern,http://data.ordnancesurvey.co.uk/id/7000000000041425,England,http://data.ordnancesurvey.co.uk/id/country/england,,,
PE135ET,http://data.ordnancesurvey.co.uk/id/postcodeunit/PE135ET,PE13 5ET,,,,other,Postcode,543860,314494,3500,18000,,,,,,,Newton-in-the-Isle,http://data.ordnancesurvey.co.uk/id/4000000074548769,http://www.ordnancesurvey.co.uk/xml/codelists/localtype.xml#village,Fenland,http://data.ordnancesurvey.co.uk/id/7000000000001357,http://data.ordnancesurvey.co.uk/ontology/admingeo/District,Cambridgeshire,http://data.ordnancesurvey.co.uk/id/7000000000001386,http://data.ordnancesurvey.co.uk/ontology/admingeo/County,Eastern,http://data.ordnancesurvey.co.uk/id/7000000000041425,England,http://data.ordnancesurvey.co.uk/id/country/england,,,
PE147QP,http://data.ordnancesurvey.co.uk/id/postcodeunit/PE147QP,PE14 7QP,,,,other,Postcode,550804,316168,3500,18000,,,,,,,Walpole St Peter,http://data.ordnancesurvey.co.uk/id/4000000074550943,http://www.ordnancesurvey.co.uk/xml/codelists/localtype.xml#village,King's Lynn and West Norfolk,http://data.ordnancesurvey.co.uk/id/7000000000007016,http://data.ordnancesurvey.co.uk/ontology/admingeo/District,Norfolk,http://data.ordnancesurvey.co.uk/id/7000000000007238,http://data.ordnancesurvey.co.uk/ontology/admingeo/County,Eastern,http://data.ordnancesurvey.co.uk/id/7000000000041425,England,http://data.ordnancesurvey.co.uk/id/country/england,,,
PE147JN,http://data.ordnancesurvey.co.uk/id/postcodeunit/PE147JN,PE14 7JN,,,,other,Postcode,548562,317752,3500,18000,,,,,,,Walpole Marsh,http://data.ordnancesurvey.co.uk/id/4000000074548407,http://www.ordnancesurvey.co.uk/xml/codelists/localtype.xml#village,King's Lynn and West Norfolk,http://data.ordnancesurvey.co.uk/id/7000000000007016,http://data.ordnancesurvey.co.uk/ontology/admingeo/District,Norfolk,http://data.ordnancesurvey.co.uk/id/7000000000007238,http://data.ordnancesurvey.co.uk/ontology/admingeo/County,Eastern,http://data.ordnancesurvey.co.uk/id/7000000000041425,England,http://data.ordnancesurvey.co.uk/id/country/england,,,
PE140HD,http://data.ordnancesurvey.co.uk/id/postcodeunit/PE140HD,PE14 0HD,,,,other,Postcode,545825,304874,3500,18000,,,,,,,Friday Bridge,http://data.ordnancesurvey.co.uk/id/4000000074550225,http://www.ordnancesurvey.co.uk/xml/codelists/localtype.xml#village,Fenland,http://data.ordnancesurvey.co.uk/id/7000000000001357,http://data.ordnancesurvey.co.uk/ontology/admingeo/District,Cambridgeshire,http://data.ordnancesurvey.co.uk/id/7000000000001386,http://data.ordnancesurvey.co.uk/ontology/admingeo/County,Eastern,http://data.ordnancesurvey.co.uk/id/7000000000041425,England,http://data.ordnancesurvey.co.uk/id/country/england,,,
PE131BB,http://data.ordnancesurvey.co.uk/id/postcodeunit/PE131BB,PE13 1BB,,,,other,Postcode,546404,309470,3500,18000,,,,,,,Wisbech,http://data.ordnancesurvey.co.uk/id/4000000074551318,http://www.ordnancesurvey.co.uk/xml/codelists/localtype.xml#town,Fenland,http://data.ordnancesurvey.co.uk/id/7000000000001357,http://data.ordnancesurvey.co.uk/ontology/admingeo/District,Cambridgeshire,http://data.ordnancesurvey.co.uk/id/7000000000001386,http://data.ordnancesurvey.co.uk/ontology/admingeo/County,Eastern,http://data.ordnancesurvey.co.uk/id/7000000000041425,England,http://data.ordnancesurvey.co.uk/id/country/england,,,
PE140HN,http://data.ordnancesurvey.co.uk/id/postcodeunit/PE140HN,PE14 0HN,,,,other,Postcode,546730,304835,3500,18000,,,,,,,Friday Bridge,http://data.ordnancesurvey.co.uk/id/4000000074550225,http://www.ordnancesurvey.co.uk/xml/codelists/localtype.xml#village,Fenland,http://data.ordnancesurvey.co.uk/id/7000000000001357,http://data.ordnancesurvey.co.uk/ontology/admingeo/District,Cambridgeshire,http://data.ordnancesurvey.co.uk/id/7000000000001386,http://data.ordnancesurvey.co.uk/ontology/admingeo/County,Eastern,http://data.ordnancesurvey.co.uk/id/7000000000041425,England,http://data.ordnancesurvey.co.uk/id/country/england,,,
PE131BN,http://data.ordnancesurvey.co.uk/id/postcodeunit/PE131BN,PE13 1BN,,,,other,Postcode,546411,309473,3500,18000,,,,,,,Wisbech,http://data.ordnancesurvey.co.uk/id/4000000074551318,http://www.ordnancesurvey.co.uk/xml/codelists/localtype.xml#town,Fenland,http://data.ordnancesurvey.co.uk/id/7000000000001357,http://data.ordnancesurvey.co.uk/ontology/admingeo/District,Cambridgeshire,http://data.ordnancesurvey.co.uk/id/7000000000001386,http://data.ordnancesurvey.co.uk/ontology/admingeo/County,Eastern,http://data.ordnancesurvey.co.uk/id/7000000000041425,England,http://data.ordnancesurvey.co.uk/id/country/england,,,
PE132PT,http://data.ordnancesurvey.co.uk/id/postcodeunit/PE132PT,PE13 2PT,,,,other,Postcode,545945,309020,3500,18000,,,,,,,Wisbech,http://data.ordnancesurvey.co.uk/id/4000000074551318,http://www.ordnancesurvey.co.uk/xml/codelists/localtype.xml#town,Fenland,http://data.ordnancesurvey.co.uk/id/7000000000001357,http://data.ordnancesurvey.co.uk/ontology/admingeo/District,Cambridgeshire,http://data.ordnancesurvey.co.uk/id/7000000000001386,http://data.ordnancesurvey.co.uk/ontology/admingeo/County,Eastern,http://data.ordnancesurvey.co.uk/id/7000000000041425,England,http://data.ordnancesurvey.co.uk/id/country/england,,,
PE344RA,http://data.ordnancesurvey.co.uk/id/postcodeunit/PE344RA,PE34 4RA,,,,other,Postcode,554605,312809,3500,18000,,,,,,,Tilney St Lawrence,http://data.ordnancesurvey.co.uk/id/4000000074550579,http://www.ordnancesurvey.co.uk/xml/codelists/localtype.xml#village,King's Lynn and West Norfolk,http://data.ordnancesurvey.co.uk/id/7000000000007016,http://data.ordnancesurvey.co.uk/ontology/admingeo/District,Norfolk,http://data.ordnancesurvey.co.uk/id/7000000000007238,http://data.ordnancesurvey.co.uk/ontology/admingeo/County,Eastern,http://data.ordnancesurvey.co.uk/id/7000000000041425,England,http://data.ordnancesurvey.co.uk/id/country/england,,,
PE132QZ,http://data.ordnancesurvey.co.uk/id/postcodeunit/PE132QZ,PE13 2QZ,,,,other,Postcode,546283,308744,3500,18000,,,,,,,Wisbech,http://data.ordnancesurvey.co.uk/id/4000000074551318,http://www.ordnancesurvey.co.uk/xml/codelists/localtype.xml#town,Fenland,http://data.ordnancesurvey.co.uk/id/7000000000001357,http://data.ordnancesurvey.co.uk/ontology/admingeo/District,Cambridgeshire,http://data.ordnancesurvey.co.uk/id/7000000000001386,http://data.ordnancesurvey.co.uk/ontology/admingeo/County,Eastern,http://data.ordnancesurvey.co.uk/id/7000000000041425,England,http://data.ordnancesurvey.co.uk/id/country/england,,,
PE135LL,http://data.ordnancesurvey.co.uk/id/postcodeunit/PE135LL,PE13 5LL,,,,other,Postcode,542114,315570,3500,18000,,,,,,,Tydd St Giles,http://data.ordnancesurvey.co.uk/id/4000000074548770,http://www.ordnancesurvey.co.uk/xml/codelists/localtype.xml#village,Fenland,http://data.ordnancesurvey.co.uk/id/7000000000001357,http://data.ordnancesurvey.co.uk/ontology/admingeo/District,Cambridgeshire,http://data.ordnancesurvey.co.uk/id/7000000000001386,http://data.ordnancesurvey.co.uk/ontology/admingeo/County,Eastern,http://data.ordnancesurvey.co.uk/id/7000000000041425,England,http://data.ordnancesurvey.co.uk/id/country/england,,,
PE132TG,http://data.ordnancesurvey.co.uk/id/postcodeunit/PE132TG,PE13 2TG,,,,other,Postcode,546535,309136,3500,18000,,,,,,,Wisbech,http://data.ordnancesurvey.co.uk/id/4000000074551318,http://www.ordnancesurvey.co.uk/xml/codelists/localtype.xml#town,Fenland,http://data.ordnancesurvey.co.uk/id/7000000000001357,http://data.ordnancesurvey.co.uk/ontology/admingeo/District,Cambridgeshire,http://data.ordnancesurvey.co.uk/id/7000000000001386,http://data.ordnancesurvey.co.uk/ontology/admingeo/County,Eastern,http://data.ordnancesurvey.co.uk/id/7000000000041425,England,http://data.ordnancesurvey.co.uk/id/country/england,,,
PE149BG,http://data.ordnancesurvey.co.uk/id/postcodeunit/PE149BG,PE14 9BG,,,,other,Postcode,550972,302702,3500,18000,,,,,,,Upwell,http://data.ordnancesurvey.co.uk/id/4000000074550938,http://www.ordnancesurvey.co.uk/xml/codelists/localtype.xml#village,King's Lynn and West Norfolk,http://data.ordnancesurvey.co.uk/id/7000000000007016,http://data.ordnancesurvey.co.uk/ontology/admingeo/District,Norfolk,http://data.ordnancesurvey.co.uk/id/7000000000007238,http://data.ordnancesurvey.co.uk/ontology/admingeo/County,Eastern,http://data.ordnancesurvey.co.uk/id/7000000000041425,England,http://data.ordnancesurvey.co.uk/id/country/england,,,
PE133PW,http://data.ordnancesurvey.co.uk/id/postcodeunit/PE133PW,PE13 3PW,,,,other,Postcode,546332,311198,3500,18000,,,,,,,Wisbech,http://data.ordnancesurvey.co.uk/id/4000000074551318,http://www.ordnancesurvey.co.uk/xml/codelists/localtype.xml#town,Fenland,http://data.ordnancesurvey.co.uk/id/7000000000001357,http://data.ordnancesurvey.co.uk/ontology/admingeo/District,Cambridgeshire,http://data.ordnancesurvey.co.uk/id/7000000000001386,http://data.ordnancesurvey.co.uk/ontology/admingeo/County,Eastern,http://data.ordnancesurvey.co.uk/id/7000000000041425,England,http://data.ordnancesurvey.co.uk/id/country/england,,,
PE120EW,http://data.ordnancesurvey.co.uk/id/postcodeunit/PE120EW,PE12 0EW,,,,other,Postcode,540139,318396,3500,18000,,,,,,,Sutton St James,http://data.ordnancesurvey.co.uk/id/4000000074548771,http://www.ordnancesurvey.co.uk/xml/codelists/localtype.xml#village,South Holland,http://data.ordnancesurvey.co.uk/id/7000000000005599,http://data.ordnancesurvey.co.uk/ontology/admingeo/District,Lincolnshire,http://data.ordnancesurvey.co.uk/id/7000000000005942,http://data.ordnancesurvey.co.uk/ontology/admingeo/County,East Midlands,http://data.ordnancesurvey.co.uk/id/7000000000041423,England,http://data.ordnancesurvey.co.uk/id/country/england,,,
PE149HE,http://data.ordnancesurvey.co.uk/id/postcodeunit/PE149HE,PE14 9HE,,,,other,Postcode,549732,300606,3500,18000,,,,,,,Upwell,http://data.ordnancesurvey.co.uk/id/4000000074550938,http://www.ordnancesurvey.co.uk/xml/codelists/localtype.xml#village,King's Lynn and West Norfolk,http://data.ordnancesurvey.co.uk/id/7000000000007016,http://data.ordnancesurvey.co.uk/ontology/admingeo/District,Norfolk,http://data.ordnancesurvey.co.uk/id/7000000000007238,http://data.ordnancesurvey.co.uk/ontology/admingeo/County,Eastern,http://data.ordnancesurvey.co.uk/id/7000000000041425,England,http://data.ordnancesurvey.co.uk/id/country/england,,,
PE135JB,http://data.ordnancesurvey.co.uk/id/postcodeunit/PE135JB,PE13 5JB,,,,other,Postcode,543997,314835,3500,18000,,,,,,,Newton-in-the-Isle,http://data.ordnancesurvey.co.uk/id/4000000074548769,http://www.ordnancesurvey.co.uk/xml/codelists/localtype.xml#village,Fenland,http://data.ordnancesurvey.co.uk/id/7000000000001357,http://data.ordnancesurvey.co.uk/ontology/admingeo/District,Cambridgeshire,http://data.ordnancesurvey.co.uk/id/7000000000001386,http://data.ordnancesurvey.co.uk/ontology/admingeo/County,Eastern,http://data.ordnancesurvey.co.uk/id/7000000000041425,England,http://data.ordnancesurvey.co.uk/id/country/england,,,
PE147DU,http://data.ordnancesurvey.co.uk/id/postcodeunit/PE147DU,PE14 7DU,,,,other,Postcode,549187,313181,3500,18000,,,,,,,Walton Highway,http://data.ordnancesurvey.co.uk/id/4000000074552040,http://www.ordnancesurvey.co.uk/xml/codelists/localtype.xml#village,King's Lynn and West Norfolk,http://data.ordnancesurvey.co.uk/id/7000000000007016,http://data.ordnancesurvey.co.uk/ontology/admingeo/District,Norfolk,http://data.ordnancesurvey.co.uk/id/7000000000007238,http://data.ordnancesurvey.co.uk/ontology/admingeo/County,Eastern,http://data.ordnancesurvey.co.uk/id/7000000000041425,England,http://data.ordnancesurvey.co.uk/id/country/england,,,
PE135BA,http://data.ordnancesurvey.co.uk/id/postcodeunit/PE135BA,PE13 5BA,,,,other,Postcode,544099,311957,3500,18000,,,,,,,Leverington,http://data.ordnancesurvey.co.uk/id/4000000074551313,http://www.ordnancesurvey.co.uk/xml/codelists/localtype.xml#village,Fenland,http://data.ordnancesurvey.co.uk/id/7000000000001357,http://data.ordnancesurvey.co.uk/ontology/admingeo/District,Cambridgeshire,http://data.ordnancesurvey.co.uk/id/7000000000001386,http://data.ordnancesurvey.co.uk/ontology/admingeo/County,Eastern,http://data.ordnancesurvey.co.uk/id/7000000000041425,England,http://data.ordnancesurvey.co.uk/id/country/england,,,
PE344RG,http://data.ordnancesurvey.co.uk/id/postcodeunit/PE344RG,PE34 4RG,,,,other,Postcode,555652,313152,3500,18000,,,,,,,Tilney St Lawrence,http://data.ordnancesurvey.co.uk/id/4000000074550579,http://www.ordnancesurvey.co.uk/xml/codelists/localtype.xml#village,King's Lynn and West Norfolk,http://data.ordnancesurvey.co.uk/id/7000000000007016,http://data.ordnancesurvey.co.uk/ontology/admingeo/District,Norfolk,http://data.ordnancesurvey.co.uk/id/7000000000007238,http://data.ordnancesurvey.co.uk/ontology/admingeo/County,Eastern,http://data.ordnancesurvey.co.uk/id/7000000000041425,England,http://data.ordnancesurvey.co.uk/id/country/england,,,
PE134XD,http://data.ordnancesurvey.co.uk/id/postcodeunit/PE134XD,PE13 4XD,,,,other,Postcode,540640,308079,3500,18000,,,,,,,Wisbech St Mary,http://data.ordnancesurvey.co.uk/id/4000000074551315,http://www.ordnancesurvey.co.uk/xml/codelists/localtype.xml#village,Fenland,http://data.ordnancesurvey.co.uk/id/7000000000001357,http://data.ordnancesurvey.co.uk/ontology/admingeo/District,Cambridgeshire,http://data.ordnancesurvey.co.uk/id/7000000000001386,http://data.ordnancesurvey.co.uk/ontology/admingeo/County,Eastern,http://data.ordnancesurvey.co.uk/id/7000000000041425,England,http://data.ordnancesurvey.co.uk/id/country/england,,,
PE147RF,http://data.ordnancesurvey.co.uk/id/postcodeunit/PE147RF,PE14 7RF,,,,other,Postcode,551686,313226,3500,18000,,,,,,,Walpole Highway,http://data.ordnancesurvey.co.uk/id/4000000074550945,http://www.ordnancesurvey.co.uk/xml/codelists/localtype.xml#village,King's Lynn and West Norfolk,http://data.ordnancesurvey.co.uk/id/7000000000007016,http://data.ordnancesurvey.co.uk/ontology/admingeo/District,Norfolk,http://data.ordnancesurvey.co.uk/id/7000000000007238,http://data.ordnancesurvey.co.uk/ontology/admingeo/County,Eastern,http://data.ordnancesurvey.co.uk/id/7000000000041425,England,http://data.ordnancesurvey.co.uk/id/country/england,,,
PE132RG,http://data.ordnancesurvey.co.uk/id/postcodeunit/PE132RG,PE13 2RG,,,,other,Postcode,545788,309319,3500,18000,,,,,,,Wisbech,http://data.ordnancesurvey.co.uk/id/4000000074551318,http://www.ordnancesurvey.co.uk/xml/codelists/localtype.xml#town,Fenland,http://data.ordnancesurvey.co.uk/id/7000000000001357,http://data.ordnancesurvey.co.uk/ontology/admingeo/District,Cambridgeshire,http://data.ordnancesurvey.co.uk/id/7000000000001386,http://data.ordnancesurvey.co.uk/ontology/admingeo/County,Eastern,http://data.ordnancesurvey.co.uk/id/7000000000041425,England,http://data.ordnancesurvey.co.uk/id/country/england,,,
PE132JZ,http://data.ordnancesurvey.co.uk/id/postcodeunit/PE132JZ,PE13 2JZ,,,,other,Postcode,547496,309462,3500,18000,,,,,,,Wisbech,http://data.ordnancesurvey.co.uk/id/4000000074551318,http://www.ordnancesurvey.co.uk/xml/codelists/localtype.xml#town,Fenland,http://data.ordnancesurvey.co.uk/id/7000000000001357,http://data.ordnancesurvey.co.uk/ontology/admingeo/District,Cambridgeshire,http://data.ordnancesurvey.co.uk/id/7000000000001386,http://data.ordnancesurvey.co.uk/ontology/admingeo/County,Eastern,http://data.ordnancesurvey.co.uk/id/7000000000041425,England,http://data.ordnancesurvey.co.uk/id/country/england,,,
PE132EL,http://data.ordnancesurvey.co.uk/id/postcodeunit/PE132EL,PE13 2EL,,,,other,Postcode,546963,310094,3500,18000,,,,,,,Wisbech,http://data.ordnancesurvey.co.uk/id/4000000074551318,http://www.ordnancesurvey.co.uk/xml/codelists/localtype.xml#town,Fenland,http://data.ordnancesurvey.co.uk/id/7000000000001357,http://data.ordnancesurvey.co.uk/ontology/admingeo/District,Cambridgeshire,http://data.ordnancesurvey.co.uk/id/7000000000001386,http://data.ordnancesurvey.co.uk/ontology/admingeo/County,Eastern,http://data.ordnancesurvey.co.uk/id/7000000000041425,England,http://data.ordnancesurvey.co.uk/id/country/england,,,
PE147QZ,http://data.ordnancesurvey.co.uk/id/postcodeunit/PE147QZ,PE14 7QZ,,,,other,Postcode,549512,313442,3500,18000,,,,,,,Walton Highway,http://data.ordnancesurvey.co.uk/id/4000000074552040,http://www.ordnancesurvey.co.uk/xml/codelists/localtype.xml#village,King's Lynn and West Norfolk,http://data.ordnancesurvey.co.uk/id/7000000000007016,http://data.ordnancesurvey.co.uk/ontology/admingeo/District,Norfolk,http://data.ordnancesurvey.co.uk/id/7000000000007238,http://data.ordnancesurvey.co.uk/ontology/admingeo/County,Eastern,http://data.ordnancesurvey.co.uk/id/7000000000041425,England,http://data.ordnancesurvey.co.uk/id/country/england,,,
PE147JW,http://data.ordnancesurvey.co.uk/id/postcodeunit/PE147JW,PE14 7JW,,,,other,Postcode,550095,317214,3500,18000,,,,,,,Walpole St Andrew,http://data.ordnancesurvey.co.uk/id/4000000074550944,http://www.ordnancesurvey.co.uk/xml/codelists/localtype.xml#village,King's Lynn and West Norfolk,http://data.ordnancesurvey.co.uk/id/7000000000007016,http://data.ordnancesurvey.co.uk/ontology/admingeo/District,Norfolk,http://data.ordnancesurvey.co.uk/id/7000000000007238,http://data.ordnancesurvey.co.uk/ontology/admingeo/County,Eastern,http://data.ordnancesurvey.co.uk/id/7000000000041425,England,http://data.ordnancesurvey.co.uk/id/country/england,,,
PE131AN,http://data.ordnancesurvey.co.uk/id/postcodeunit/PE131AN,PE13 1AN,,,,other,Postcode,546167,309847,3500,18000,,,,,,,Wisbech,http://data.ordnancesurvey.co.uk/id/4000000074551318,http://www.ordnancesurvey.co.uk/xml/codelists/localtype.xml#town,Fenland,http://data.ordnancesurvey.co.uk/id/7000000000001357,http://data.ordnancesurvey.co.uk/ontology/admingeo/District,Cambridgeshire,http://data.ordnancesurvey.co.uk/id/7000000000001386,http://data.ordnancesurvey.co.uk/ontology/admingeo/County,Eastern,http://data.ordnancesurvey.co.uk/id/7000000000041425,England,http://data.ordnancesurvey.co.uk/id/country/england,,,
PE131QB,http://data.ordnancesurvey.co.uk/id/postcodeunit/PE131QB,PE13 1QB,,,,other,Postcode,545831,310460,3500,18000,,,,,,,Wisbech,http://data.ordnancesurvey.co.uk/id/4000000074551318,http://www.ordnancesurvey.co.uk/xml/codelists/localtype.xml#town,Fenland,http://data.ordnancesurvey.co.uk/id/7000000000001357,http://data.ordnancesurvey.co.uk/ontology/admingeo/District,Cambridgeshire,http://data.ordnancesurvey.co.uk/id/7000000000001386,http://data.ordnancesurvey.co.uk/ontology/admingeo/County,Eastern,http://data.ordnancesurvey.co.uk/id/7000000000041425,England,http://data.ordnancesurvey.co.uk/id/country/england,,,
PE149EQ,http://data.ordnancesurvey.co.uk/id/postcodeunit/PE149EQ,PE14 9EQ,,,,other,Postcode,550279,302588,3500,18000,,,,,,,Upwell,http://data.ordnancesurvey.co.uk/id/4000000074550938,http://www.ordnancesurvey.co.uk/xml/codelists/localtype.xml#village,King's Lynn and West Norfolk,http://data.ordnancesurvey.co.uk/id/7000000000007016,http://data.ordnancesurvey.co.uk/ontology/admingeo/District,Norfolk,http://data.ordnancesurvey.co.uk/id/7000000000007238,http://data.ordnancesurvey.co.uk/ontology/admingeo/County,Eastern,http://data.ordnancesurvey.co.uk/id/7000000000041425,England,http://data.ordnancesurvey.co.uk/id/country/england,,,
PE132JG,http://data.ordnancesurvey.co.uk/id/postcodeunit/PE132JG,PE13 2JG,,,,other,Postcode,547107,309234,3500,18000,,,,,,,Wisbech,http://data.ordnancesurvey.co.uk/id/4000000074551318,http://www.ordnancesurvey.co.uk/xml/codelists/localtype.xml#town,Fenland,http://data.ordnancesurvey.co.uk/id/7000000000001357,http://data.ordnancesurvey.co.uk/ontology/admingeo/District,Cambridgeshire,http://data.ordnancesurvey.co.uk/id/7000000000001386,http://data.ordnancesurvey.co.uk/ontology/admingeo/County,Eastern,http://data.ordnancesurvey.co.uk/id/7000000000041425,England,http://data.ordnancesurvey.co.uk/id/country/england,,,
PE149ER,http://data.ordnancesurvey.co.uk/id/postcodeunit/PE149ER,PE14 9ER,,,,other,Postcode,549583,301668,3500,18000,,,,,,,Upwell,http://data.ordnancesurvey.co.uk/id/4000000074550938,http://www.ordnancesurvey.co.uk/xml/codelists/localtype.xml#village,King's Lynn and West Norfolk,http://data.ordnancesurvey.co.uk/id/7000000000007016,http://data.ordnancesurvey.co.uk/ontology/admingeo/District,Norfolk,http://data.ordnancesurvey.co.uk/id/7000000000007238,http://data.ordnancesurvey.co.uk/ontology/admingeo/County,Eastern,http://data.ordnancesurvey.co.uk/id/7000000000041425,England,http://data.ordnancesurvey.co.uk/id/country/england,,,
PE144EP,http://data.ordnancesurvey.co.uk/id/postcodeunit/PE144EP,PE14 4EP,,,,other,Postcode,545574,308434,3500,18000,,,,,,,Wisbech,http://data.ordnancesurvey.co.uk/id/4000000074551318,http://www.ordnancesurvey.co.uk/xml/codelists/localtype.xml#town,Fenland,http://data.ordnancesurvey.co.uk/id/7000000000001357,http://data.ordnancesurvey.co.uk/ontology/admingeo/District,Cambridgeshire,http://data.ordnancesurvey.co.uk/id/7000000000001386,http://data.ordnancesurvey.co.uk/ontology/admingeo/County,Eastern,http://data.ordnancesurvey.co.uk/id/7000000000041425,England,http://data.ordnancesurvey.co.uk/id/country/england,,,
PE135DS,http://data.ordnancesurvey.co.uk/id/postcodeunit/PE135DS,PE13 5DS,,,,other,Postcode,545320,311492,3500,18000,,,,,,,Wisbech,http://data.ordnancesurvey.co.uk/id/4000000074551318,http://www.ordnancesurvey.co.uk/xml/codelists/localtype.xml#town,Fenland,http://data.ordnancesurvey.co.uk/id/7000000000001357,http://data.ordnancesurvey.co.uk/ontology/admingeo/District,Cambridgeshire,http://data.ordnancesurvey.co.uk/id/7000000000001386,http://data.ordnancesurvey.co.uk/ontology/admingeo/County,Eastern,http://data.ordnancesurvey.co.uk/id/7000000000041425,England,http://data.ordnancesurvey.co.uk/id/country/england,,,
PE148JQ,http://data.ordnancesurvey.co.uk/id/postcodeunit/PE148JQ,PE14 8JQ,,,,other,Postcode,553679,311394,3500,18000,,,,,,,St John's Fen End,http://data.ordnancesurvey.co.uk/id/4000000074548752,http://www.ordnancesurvey.co.uk/xml/codelists/localtype.xml#village,King's Lynn and West Norfolk,http://data.ordnancesurvey.co.uk/id/7000000000007016,http://data.ordnancesurvey.co.uk/ontology/admingeo/District,Norfolk,http://data.ordnancesurvey.co.uk/id/7000000000007238,http://data.ordnancesurvey.co.uk/ontology/admingeo/County,Eastern,http://data.ordnancesurvey.co.uk/id/7000000000041425,England,http://data.ordnancesurvey.co.uk/id/country/england,,,
PE131LP,http://data.ordnancesurvey.co.uk/id/postcodeunit/PE131LP,PE13 1LP,,,,other,Postcode,545033,309473,3500,18000,,,,,,,Wisbech,http://data.ordnancesurvey.co.uk/id/4000000074551318,http://www.ordnancesurvey.co.uk/xml/codelists/localtype.xml#town,Fenland,http://data.ordnancesurvey.co.uk/id/7000000000001357,http://data.ordnancesurvey.co.uk/ontology/admingeo/District,Cambridgeshire,http://data.ordnancesurvey.co.uk/id/7000000000001386,http://data.ordnancesurvey.co.uk/ontology/admingeo/County,Eastern,http://data.ordnancesurvey.co.uk/id/7000000000041425,England,http://data.ordnancesurvey.co.uk/id/country/england,,,
PE133RJ,http://data.ordnancesurvey.co.uk/id/postcodeunit/PE133RJ,PE13 3RJ,,,,other,Postcode,547450,310735,3500,18000,,,,,,,Wisbech,http://data.ordnancesurvey.co.uk/id/4000000074551318,http://www.ordnancesurvey.co.uk/xml/codelists/localtype.xml#town,Fenland,http://data.ordnancesurvey.co.uk/id/7000000000001357,http://data.ordnancesurvey.co.uk/ontology/admingeo/District,Cambridgeshire,http://data.ordnancesurvey.co.uk/id/7000000000001386,http://data.ordnancesurvey.co.uk/ontology/admingeo/County,Eastern,http://data.ordnancesurvey.co.uk/id/7000000000041425,England,http://data.ordnancesurvey.co.uk/id/country/england,,,
PE147RQ,http://data.ordnancesurvey.co.uk/id/postcodeunit/PE147RQ,PE14 7RQ,,,,other,Postcode,554092,314334,3500,18000,,,,,,,Terrington St John,http://data.ordnancesurvey.co.uk/id/4000000074550941,http://www.ordnancesurvey.co.uk/xml/codelists/localtype.xml#village,King's Lynn and West Norfolk,http://data.ordnancesurvey.co.uk/id/7000000000007016,http://data.ordnancesurvey.co.uk/ontology/admingeo/District,Norfolk,http://data.ordnancesurvey.co.uk/id/7000000000007238,http://data.ordnancesurvey.co.uk/ontology/admingeo/County,Eastern,http://data.ordnancesurvey.co.uk/id/7000000000041425,England,http://data.ordnancesurvey.co.uk/id/country/england,,,
PE135QA,http://data.ordnancesurvey.co.uk/id/postcodeunit/PE135QA,PE13 5QA,,,,other,Postcode,545239,317971,3500,18000,,,,,,,Tydd Gote,http://data.ordnancesurvey.co.uk/id/4000000074548409,http://www.ordnancesurvey.co.uk/xml/codelists/localtype.xml#village,South Holland,http://data.ordnancesurvey.co.uk/id/7000000000005599,http://data.ordnancesurvey.co.uk/ontology/admingeo/District,Lincolnshire,http://data.ordnancesurvey.co.uk/id/7000000000005942,http://data.ordnancesurvey.co.uk/ontology/admingeo/County,East Midlands,http://data.ordnancesurvey.co.uk/id/7000000000041423,England,http://data.ordnancesurvey.co.uk/id/country/england,,,
PE148DG,http://data.ordnancesurvey.co.uk/id/postcodeunit/PE148DG,PE14 8DG,,,,other,Postcode,549677,307946,3500,18000,,,,,,,Emneth,http://data.ordnancesurvey.co.uk/id/4000000074550948,http://www.ordnancesurvey.co.uk/xml/codelists/localtype.xml#village,King's Lynn and West Norfolk,http://data.ordnancesurvey.co.uk/id/7000000000007016,http://data.ordnancesurvey.co.uk/ontology/admingeo/District,Norfolk,http://data.ordnancesurvey.co.uk/id/7000000000007238,http://data.ordnancesurvey.co.uk/ontology/admingeo/County,Eastern,http://data.ordnancesurvey.co.uk/id/7000000000041425,England,http://data.ordnancesurvey.co.uk/id/country/england,,,
PE133JS,http://data.ordnancesurvey.co.uk/id/postcodeunit/PE133JS,PE13 3JS,,,,other,Postcode,545763,310937,3500,18000,,,,,,,Wisbech,http://data.ordnancesurvey.co.uk/id/4000000074551318,http://www.ordnancesurvey.co.uk/xml/codelists/localtype.xml#town,Fenland,http://data.ordnancesurvey.co.uk/id/7000000000001357,http://data.ordnancesurvey.co.uk/ontology/admingeo/District,Cambridgeshire,http://data.ordnancesurvey.co.uk/id/7000000000001386,http://data.ordnancesurvey.co.uk/ontology/admingeo/County,Eastern,http://data.ordnancesurvey.co.uk/id/7000000000041425,England,http://data.ordnancesurvey.co.uk/id/country/england,,,
PE132DY,http://data.ordnancesurvey.co.uk/id/postcodeunit/PE132DY,PE13 2DY,,,,other,Postcode,546727,309987,3500,18000,,,,,,,Wisbech,http://data.ordnancesurvey.co.uk/id/4000000074551318,http://www.ordnancesurvey.co.uk/xml/codelists/localtype.xml#town,Fenland,http://data.ordnancesurvey.co.uk/id/7000000000001357,http://data.ordnancesurvey.co.uk/ontology/admingeo/District,Cambridgeshire,http://data.ordnancesurvey.co.uk/id/7000000000001386,http://data.ordnancesurvey.co.uk/ontology/admingeo/County,Eastern,http://data.ordnancesurvey.co.uk/id/7000000000041425,England,http://data.ordnancesurvey.co.uk/id/country/england,,,
PE135LJ,http://data.ordnancesurvey.co.uk/id/postcodeunit/PE135LJ,PE13 5LJ,,,,other,Postcode,542220,316128,3500,18000,,,,,,,Tydd St Giles,http://data.ordnancesurvey.co.uk/id/4000000074548770,http://www.ordnancesurvey.co.uk/xml/codelists/localtype.xml#village,Fenland,http://data.ordnancesurvey.co.uk/id/7000000000001357,http://data.ordnancesurvey.co.uk/ontology/admingeo/District,Cambridgeshire,http://data.ordnancesurvey.co.uk/id/7000000000001386,http://data.ordnancesurvey.co.uk/ontology/admingeo/County,Eastern,http://data.ordnancesurvey.co.uk/id/7000000000041425,England,http://data.ordnancesurvey.co.uk/id/country/england,,,
PE148JB,http://data.ordnancesurvey.co.uk/id/postcodeunit/PE148JB,PE14 8JB,,,,other,Postcode,552625,310193,3500,18000,,,,,,,Marshland St James,http://data.ordnancesurvey.co.uk/id/4000000074548753,http://www.ordnancesurvey.co.uk/xml/codelists/localtype.xml#village,King's Lynn and West Norfolk,http://data.ordnancesurvey.co.uk/id/7000000000007016,http://data.ordnancesurvey.co.uk/ontology/admingeo/District,Norfolk,http://data.ordnancesurvey.co.uk/id/7000000000007238,http://data.ordnancesurvey.co.uk/ontology/admingeo/County,Eastern,http://data.ordnancesurvey.co.uk/id/7000000000041425,England,http://data.ordnancesurvey.co.uk/id/country/england,,,
PE135HY,http://data.ordnancesurvey.co.uk/id/postcodeunit/PE135HY,PE13 5HY,,,,other,Postcode,542413,314049,3500,18000,,,,,,,Newton-in-the-Isle,http://data.ordnancesurvey.co.uk/id/4000000074548769,http://www.ordnancesurvey.co.uk/xml/codelists/localtype.xml#village,Fenland,http://data.ordnancesurvey.co.uk/id/7000000000001357,http://data.ordnancesurvey.co.uk/ontology/admingeo/District,Cambridgeshire,http://data.ordnancesurvey.co.uk/id/7000000000001386,http://data.ordnancesurvey.co.uk/ontology/admingeo/County,Eastern,http://data.ordnancesurvey.co.uk/id/7000000000041425,England,http://data.ordnancesurvey.co.uk/id/country/england,,,
PE343BZ,http://data.ordnancesurvey.co.uk/id/postcodeunit/PE343BZ,PE34 3BZ,,,,other,Postcode,559471,310642,3500,18000,,,,,,,Wiggenhall St Mary Magdalen,http://data.ordnancesurvey.co.uk/id/4000000074548392,http://www.ordnancesurvey.co.uk/xml/codelists/localtype.xml#village,King's Lynn and West Norfolk,http://data.ordnancesurvey.co.uk/id/7000000000007016,http://data.ordnancesurvey.co.uk/ontology/admingeo/District,Norfolk,http://data.ordnancesurvey.co.uk/id/7000000000007238,http://data.ordnancesurvey.co.uk/ontology/admingeo/County,Eastern,http://data.ordnancesurvey.co.uk/id/7000000000041425,England,http://data.ordnancesurvey.co.uk/id/country/england,,,
PE132NB,http://data.ordnancesurvey.co.uk/id/postcodeunit/PE132NB,PE13 2NB,,,,other,Postcode,546350,309329,3500,18000,,,,,,,Wisbech,http://data.ordnancesurvey.co.uk/id/4000000074551318,http://www.ordnancesurvey.co.uk/xml/codelists/localtype.xml#town,Fenland,http://data.ordnancesurvey.co.uk/id/7000000000001357,http://data.ordnancesurvey.co.uk/ontology/admingeo/District,Cambridgeshire,http://data.ordnancesurvey.co.uk/id/7000000000001386,http://data.ordnancesurvey.co.uk/ontology/admingeo/County,Eastern,http://data.ordnancesurvey.co.uk/id/7000000000041425,England,http://data.ordnancesurvey.co.uk/id/country/england,,,
PE134NP,http://data.ordnancesurvey.co.uk/id/postcodeunit/PE134NP,PE13 4NP,,,,other,Postcode,541586,311600,3500,18000,,,,,,,Gorefield,http://data.ordnancesurvey.co.uk/id/4000000074551667,http://www.ordnancesurvey.co.uk/xml/codelists/localtype.xml#village,Fenland,http://data.ordnancesurvey.co.uk/id/7000000000001357,http://data.ordnancesurvey.co.uk/ontology/admingeo/District,Cambridgeshire,http://data.ordnancesurvey.co.uk/id/7000000000001386,http://data.ordnancesurvey.co.uk/ontology/admingeo/County,Eastern,http://data.ordnancesurvey.co.uk/id/7000000000041425,England,http://data.ordnancesurvey.co.uk/id/country/england,,,
PE133AG,http://data.ordnancesurvey.co.uk/id/postcodeunit/PE133AG,PE13 3AG,,,,other,Postcode,546429,309870,3500,18000,,,,,,,Wisbech,http://data.ordnancesurvey.co.uk/id/4000000074551318,http://www.ordnancesurvey.co.uk/xml/codelists/localtype.xml#town,Fenland,http://data.ordnancesurvey.co.uk/id/7000000000001357,http://data.ordnancesurvey.co.uk/ontology/admingeo/District,Cambridgeshire,http://data.ordnancesurvey.co.uk/id/7000000000001386,http://data.ordnancesurvey.co.uk/ontology/admingeo/County,Eastern,http://data.ordnancesurvey.co.uk/id/7000000000041425,England,http://data.ordnancesurvey.co.uk/id/country/england,,,
PE144BP,http://data.ordnancesurvey.co.uk/id/postcodeunit/PE144BP,PE14 4BP,,,,other,Postcode,545574,308434,3500,18000,,,,,,,Wisbech,http://data.ordnancesurvey.co.uk/id/4000000074551318,http://www.ordnancesurvey.co.uk/xml/codelists/localtype.xml#town,Fenland,http://data.ordnancesurvey.co.uk/id/7000000000001357,http://data.ordnancesurvey.co.uk/ontology/admingeo/District,Cambridgeshire,http://data.ordnancesurvey.co.uk/id/7000000000001386,http://data.ordnancesurvey.co.uk/ontology/admingeo/County,Eastern,http://data.ordnancesurvey.co.uk/id/7000000000041425,England,http://data.ordnancesurvey.co.uk/id/country/england,,,
PE344DQ,http://data.ordnancesurvey.co.uk/id/postcodeunit/PE344DQ,PE34 4DQ,,,,other,Postcode,557676,319913,3500,18000,,,,,,,Clenchwarton,http://data.ordnancesurvey.co.uk/id/4000000074548398,http://www.ordnancesurvey.co.uk/xml/codelists/localtype.xml#village,King's Lynn and West Norfolk,http://data.ordnancesurvey.co.uk/id/7000000000007016,http://data.ordnancesurvey.co.uk/ontology/admingeo/District,Norfolk,http://data.ordnancesurvey.co.uk/id/7000000000007238,http://data.ordnancesurvey.co.uk/ontology/admingeo/County,Eastern,http://data.ordnancesurvey.co.uk/id/7000000000041425,England,http://data.ordnancesurvey.co.uk/id/country/england,,,
PE133AX,http://data.ordnancesurvey.co.uk/id/postcodeunit/PE133AX,PE13 3AX,,,,other,Postcode,546157,310353,3500,18000,,,,,,,Wisbech,http://data.ordnancesurvey.co.uk/id/4000000074551318,http://www.ordnancesurvey.co.uk/xml/codelists/localtype.xml#town,Fenland,http://data.ordnancesurvey.co.uk/id/7000000000001357,http://data.ordnancesurvey.co.uk/ontology/admingeo/District,Cambridgeshire,http://data.ordnancesurvey.co.uk/id/7000000000001386,http://data.ordnancesurvey.co.uk/ontology/admingeo/County,Eastern,http://data.ordnancesurvey.co.uk/id/7000000000041425,England,http://data.ordnancesurvey.co.uk/id/country/england,,,
PE133TB,http://data.ordnancesurvey.co.uk/id/postcodeunit/PE133TB,PE13 3TB,,,,other,Postcode,547053,309757,3500,18000,,,,,,,Wisbech,http://data.ordnancesurvey.co.uk/id/4000000074551318,http://www.ordnancesurvey.co.uk/xml/codelists/localtype.xml#town,Fenland,http://data.ordnancesurvey.co.uk/id/7000000000001357,http://data.ordnancesurvey.co.uk/ontology/admingeo/District,Cambridgeshire,http://data.ordnancesurvey.co.uk/id/7000000000001386,http://data.ordnancesurvey.co.uk/ontology/admingeo/County,Eastern,http://data.ordnancesurvey.co.uk/id/7000000000041425,England,http://data.ordnancesurvey.co.uk/id/country/england,,,
PE133NF,http://data.ordnancesurvey.co.uk/id/postcodeunit/PE133NF,PE13 3NF,,,,other,Postcode,546387,310450,3500,18000,,,,,,,Wisbech,http://data.ordnancesurvey.co.uk/id/4000000074551318,http://www.ordnancesurvey.co.uk/xml/codelists/localtype.xml#town,Fenland,http://data.ordnancesurvey.co.uk/id/7000000000001357,http://data.ordnancesurvey.co.uk/ontology/admingeo/District,Cambridgeshire,http://data.ordnancesurvey.co.uk/id/7000000000001386,http://data.ordnancesurvey.co.uk/ontology/admingeo/County,Eastern,http://data.ordnancesurvey.co.uk/id/7000000000041425,England,http://data.ordnancesurvey.co.uk/id/country/england,,,
PE132AD,http://data.ordnancesurvey.co.uk/id/postcodeunit/PE132AD,PE13 2AD,,,,other,Postcode,546497,309426,3500,18000,,,,,,,Wisbech,http://data.ordnancesurvey.co.uk/id/4000000074551318,http://www.ordnancesurvey.co.uk/xml/codelists/localtype.xml#town,Fenland,http://data.ordnancesurvey.co.uk/id/7000000000001357,http://data.ordnancesurvey.co.uk/ontology/admingeo/District,Cambridgeshire,http://data.ordnancesurvey.co.uk/id/7000000000001386,http://data.ordnancesurvey.co.uk/ontology/admingeo/County,Eastern,http://data.ordnancesurvey.co.uk/id/7000000000041425,England,http://data.ordnancesurvey.co.uk/id/country/england,,,
PE132SG,http://data.ordnancesurvey.co.uk/id/postcodeunit/PE132SG,PE13 2SG,,,,other,Postcode,546749,308598,3500,18000,,,,,,,Wisbech,http://data.ordnancesurvey.co.uk/id/4000000074551318,http://www.ordnancesurvey.co.uk/xml/codelists/localtype.xml#town,Fenland,http://data.ordnancesurvey.co.uk/id/7000000000001357,http://data.ordnancesurvey.co.uk/ontology/admingeo/District,Cambridgeshire,http://data.ordnancesurvey.co.uk/id/7000000000001386,http://data.ordnancesurvey.co.uk/ontology/admingeo/County,Eastern,http://data.ordnancesurvey.co.uk/id/7000000000041425,England,http://data.ordnancesurvey.co.uk/id/country/england,,,
PE132HA,http://data.ordnancesurvey.co.uk/id/postcodeunit/PE132HA,PE13 2HA,,,,other,Postcode,546813,309736,3500,18000,,,,,,,Wisbech,http://data.ordnancesurvey.co.uk/id/4000000074551318,http://www.ordnancesurvey.co.uk/xml/codelists/localtype.xml#town,Fenland,http://data.ordnancesurvey.co.uk/id/7000000000001357,http://data.ordnancesurvey.co.uk/ontology/admingeo/District,Cambridgeshire,http://data.ordnancesurvey.co.uk/id/7000000000001386,http://data.ordnancesurvey.co.uk/ontology/admingeo/County,Eastern,http://data.ordnancesurvey.co.uk/id/7000000000041425,England,http://data.ordnancesurvey.co.uk/id/country/england,,,
PE133RW,http://data.ordnancesurvey.co.uk/id/postcodeunit/PE133RW,PE13 3RW,,,,other,Postcode,547641,310721,3500,18000,,,,,,,Wisbech,http://data.ordnancesurvey.co.uk/id/4000000074551318,http://www.ordnancesurvey.co.uk/xml/codelists/localtype.xml#town,Fenland,http://data.ordnancesurvey.co.uk/id/7000000000001357,http://data.ordnancesurvey.co.uk/ontology/admingeo/District,Cambridgeshire,http://data.ordnancesurvey.co.uk/id/7000000000001386,http://data.ordnancesurvey.co.uk/ontology/admingeo/County,Eastern,http://data.ordnancesurvey.co.uk/id/7000000000041425,England,http://data.ordnancesurvey.co.uk/id/country/england,,,
PE147PN,http://data.ordnancesurvey.co.uk/id/postcodeunit/PE147PN,PE14 7PN,,,,other,Postcode,550657,317308,3500,18000,,,,,,,Walpole St Peter,http://data.ordnancesurvey.co.uk/id/4000000074550943,http://www.ordnancesurvey.co.uk/xml/codelists/localtype.xml#village,King's Lynn and West Norfolk,http://data.ordnancesurvey.co.uk/id/7000000000007016,http://data.ordnancesurvey.co.uk/ontology/admingeo/District,Norfolk,http://data.ordnancesurvey.co.uk/id/7000000000007238,http://data.ordnancesurvey.co.uk/ontology/admingeo/County,Eastern,http://data.ordnancesurvey.co.uk/id/7000000000041425,England,http://data.ordnancesurvey.co.uk/id/country/england,,,
PE133SA,http://data.ordnancesurvey.co.uk/id/postcodeunit/PE133SA,PE13 3SA,,,,other,Postcode,547567,310791,3500,18000,,,,,,,Wisbech,http://data.ordnancesurvey.co.uk/id/4000000074551318,http://www.ordnancesurvey.co.uk/xml/codelists/localtype.xml#town,Fenland,http://data.ordnancesurvey.co.uk/id/7000000000001357,http://data.ordnancesurvey.co.uk/ontology/admingeo/District,Cambridgeshire,http://data.ordnancesurvey.co.uk/id/7000000000001386,http://data.ordnancesurvey.co.uk/ontology/admingeo/County,Eastern,http://data.ordnancesurvey.co.uk/id/7000000000041425,England,http://data.ordnancesurvey.co.uk/id/country/england,,,
PE148RD,http://data.ordnancesurvey.co.uk/id/postcodeunit/PE148RD,PE14 8RD,,,,other,Postcode,551155,303455,3500,18000,,,,,,,Outwell,http://data.ordnancesurvey.co.uk/id/4000000074548389,http://www.ordnancesurvey.co.uk/xml/codelists/localtype.xml#village,King's Lynn and West Norfolk,http://data.ordnancesurvey.co.uk/id/7000000000007016,http://data.ordnancesurvey.co.uk/ontology/admingeo/District,Norfolk,http://data.ordnancesurvey.co.uk/id/7000000000007238,http://data.ordnancesurvey.co.uk/ontology/admingeo/County,Eastern,http://data.ordnancesurvey.co.uk/id/7000000000041425,England,http://data.ordnancesurvey.co.uk/id/country/england,,,
PE148EX,http://data.ordnancesurvey.co.uk/id/postcodeunit/PE148EX,PE14 8EX,,,,other,Postcode,552366,309771,3500,18000,,,,,,,Marshland St James,http://data.ordnancesurvey.co.uk/id/4000000074548753,http://www.ordnancesurvey.co.uk/xml/codelists/localtype.xml#village,King's Lynn and West Norfolk,http://data.ordnancesurvey.co.uk/id/7000000000007016,http://data.ordnancesurvey.co.uk/ontology/admingeo/District,Norfolk,http://data.ordnancesurvey.co.uk/id/7000000000007238,http://data.ordnancesurvey.co.uk/ontology/admingeo/County,Eastern,http://data.ordnancesurvey.co.uk/id/7000000000041425,England,http://data.ordnancesurvey.co.uk/id/country/england,,,
osgb4000000026931774,http://data.ordnancesurvey.co.uk/id/4000000026931774,School Road,,,,transportNetwork,Named Road,553827,312999,19000,20000,553698,311535,553843,314394,PE14,http://data.ordnancesurvey.co.uk/id/postcodedistrict/PE14,Terrington St John,http://data.ordnancesurvey.co.uk/id/4000000074550941,http://www.ordnancesurvey.co.uk/xml/codelists/localtype.xml#village,King's Lynn and West Norfolk,http://data.ordnancesurvey.co.uk/id/7000000000007016,http://data.ordnancesurvey.co.uk/ontology/admingeo/District,Norfolk,http://data.ordnancesurvey.co.uk/id/7000000000007238,http://data.ordnancesurvey.co.uk/ontology/admingeo/County,Eastern,http://data.ordnancesurvey.co.uk/id/7000000000041425,England,http://data.ordnancesurvey.co.uk/id/country/england,,,
osgb4000000026940349,http://data.ordnancesurvey.co.uk/id/4000000026940349,First Avenue,,,,transportNetwork,Named Road,546944,309606,1000,20000,546930,309596,547000,309650,PE13,http://data.ordnancesurvey.co.uk/id/postcodedistrict/PE13,Wisbech,http://data.ordnancesurvey.co.uk/id/4000000074551318,http://www.ordnancesurvey.co.uk/xml/codelists/localtype.xml#town,Fenland,http://data.ordnancesurvey.co.uk/id/7000000000001357,http://data.ordnancesurvey.co.uk/ontology/admingeo/District,Cambridgeshire,http://data.ordnancesurvey.co.uk/id/7000000000001386,http://data.ordnancesurvey.co.uk/ontology/admingeo/County,Eastern,http://data.ordnancesurvey.co.uk/id/7000000000041425,England,http://data.ordnancesurvey.co.uk/id/country/england,,,
osgb4000000026937340,http://data.ordnancesurvey.co.uk/id/4000000026937340,Beaupre Avenue,,,,transportNetwork,Named Road,551238,304457,1000,20000,551169,304414,551363,304534,PE14,http://data.ordnancesurvey.co.uk/id/postcodedistrict/PE14,Outwell,http://data.ordnancesurvey.co.uk/id/4000000074548389,http://www.ordnancesurvey.co.uk/xml/codelists/localtype.xml#village,King's Lynn and West Norfolk,http://data.ordnancesurvey.co.uk/id/7000000000007016,http://data.ordnancesurvey.co.uk/ontology/admingeo/District,Norfolk,http://data.ordnancesurvey.co.uk/id/7000000000007238,http://data.ordnancesurvey.co.uk/ontology/admingeo/County,Eastern,http://data.ordnancesurvey.co.uk/id/7000000000041425,England,http://data.ordnancesurvey.co.uk/id/country/england,,,
osgb4000000026935145,http://data.ordnancesurvey.co.uk/id/4000000026935145,Little Dowgate,,,,transportNetwork,Named Road,544984,310816,2000,20000,544903,310716,545136,310831,PE13,http://data.ordnancesurvey.co.uk/id/postcodedistrict/PE13,Wisbech,http://data.ordnancesurvey.co.uk/id/4000000074551318,http://www.ordnancesurvey.co.uk/xml/codelists/localtype.xml#town,Fenland,http://data.ordnancesurvey.co.uk/id/7000000000001357,http://data.ordnancesurvey.co.uk/ontology/admingeo/District,Cambridgeshire,http://data.ordnancesurvey.co.uk/id/7000000000001386,http://data.ordnancesurvey.co.uk/ontology/admingeo/County,Eastern,http://data.ordnancesurvey.co.uk/id/7000000000041425,England,http://data.ordnancesurvey.co.uk/id/country/england,,,
osgb5000005204022574,http://data.ordnancesurvey.co.uk/id/5000005204022574,St Dominic Close,,,,transportNetwork,Named Road,546378,309879,1000,20000,546360,309876,546388,309883,PE13,http://data.ordnancesurvey.co.uk/id/postcodedistrict/PE13,Wisbech,http://data.ordnancesurvey.co.uk/id/4000000074551318,http://www.ordnancesurvey.co.uk/xml/codelists/localtype.xml#town,Fenland,http://data.ordnancesurvey.co.uk/id/7000000000001357,http://data.ordnancesurvey.co.uk/ontology/admingeo/District,Cambridgeshire,http://data.ordnancesurvey.co.uk/id/7000000000001386,http://data.ordnancesurvey.co.uk/ontology/admingeo/County,Eastern,http://data.ordnancesurvey.co.uk/id/7000000000041425,England,http://data.ordnancesurvey.co.uk/id/country/england,,,
osgb4000000026943740,http://data.ordnancesurvey.co.uk/id/4000000026943740,Howletts Hill,,,,transportNetwork,Named Road,546452,309308,1000,20000,546437,309295,546472,309315,PE13,http://data.ordnancesurvey.co.uk/id/postcodedistrict/PE13,Wisbech,http://data.ordnancesurvey.co.uk/id/4000000074551318,http://www.ordnancesurvey.co.uk/xml/codelists/localtype.xml#town,Fenland,http://data.ordnancesurvey.co.uk/id/7000000000001357,http://data.ordnancesurvey.co.uk/ontology/admingeo/District,Cambridgeshire,http://data.ordnancesurvey.co.uk/id/7000000000001386,http://data.ordnancesurvey.co.uk/ontology/admingeo/County,Eastern,http://data.ordnancesurvey.co.uk/id/7000000000041425,England,http://data.ordnancesurvey.co.uk/id/country/england,,,
b7dfd2e2-108c-48da-84c0-3b0a1ad0e2a8,http://data.ordnancesurvey.co.uk/id/b7dfd2e2-108c-48da-84c0-3b0a1ad0e2a8,Sutton Road,,,,transportNetwork,Section Of Named Road,551407,319948,13000,25000,550405,319823,552457,319974,PE34,http://data.ordnancesurvey.co.uk/id/postcodedistrict/PE34,Walpole Cross Keys,http://data.ordnancesurvey.co.uk/id/4000000074548396,http://www.ordnancesurvey.co.uk/xml/codelists/localtype.xml#village,King's Lynn and West Norfolk,http://data.ordnancesurvey.co.uk/id/7000000000007016,http://data.ordnancesurvey.co.uk/ontology/admingeo/District,Norfolk,http://data.ordnancesurvey.co.uk/id/7000000000007238,http://data.ordnancesurvey.co.uk/ontology/admingeo/County,Eastern,http://data.ordnancesurvey.co.uk/id/7000000000041425,England,http://data.ordnancesurvey.co.uk/id/country/england,osgb4000000026931789,,
osgb4000000026940360,http://data.ordnancesurvey.co.uk/id/4000000026940360,Waverley Gardens,,,,transportNetwork,Named Road,544108,310749,1000,20000,544089,310707,544116,310792,PE13,http://data.ordnancesurvey.co.uk/id/postcodedistrict/PE13,Leverington,http://data.ordnancesurvey.co.uk/id/4000000074551313,http://www.ordnancesurvey.co.uk/xml/codelists/localtype.xml#village,Fenland,http://data.ordnancesurvey.co.uk/id/7000000000001357,http://data.ordnancesurvey.co.uk/ontology/admingeo/District,Cambridgeshire,http://data.ordnancesurvey.co.uk/id/7000000000001386,http://data.ordnancesurvey.co.uk/ontology/admingeo/County,Eastern,http://data.ordnancesurvey.co.uk/id/7000000000041425,England,http://data.ordnancesurvey.co.uk/id/country/england,,,
osgb4000000026937481,http://data.ordnancesurvey.co.uk/id/4000000026937481,Chaucer Close,,,,transportNetwork,Named Road,544395,311002,1000,20000,544389,310963,544474,311041,PE13,http://data.ordnancesurvey.co.uk/id/postcodedistrict/PE13,Leverington,http://data.ordnancesurvey.co.uk/id/4000000074551313,http://www.ordnancesurvey.co.uk/xml/codelists/localtype.xml#village,Fenland,http://data.ordnancesurvey.co.uk/id/7000000000001357,http://data.ordnancesurvey.co.uk/ontology/admingeo/District,Cambridgeshire,http://data.ordnancesurvey.co.uk/id/7000000000001386,http://data.ordnancesurvey.co.uk/ontology/admingeo/County,Eastern,http://data.ordnancesurvey.co.uk/id/7000000000041425,England,http://data.ordnancesurvey.co.uk/id/country/england,,,
eee791a4-e9d0-4d50-817c-f4ce7838ae4d,http://data.ordnancesurvey.co.uk/id/eee791a4-e9d0-4d50-817c-f4ce7838ae4d,Dixon's Drove,,,,transportNetwork,Section Of Named Road,548564,313660,1000,25000,548536,313646,548579,313674,PE14,http://data.ordnancesurvey.co.uk/id/postcodedistrict/PE14,West Walton,http://data.ordnancesurvey.co.uk/id/4000000074552041,http://www.ordnancesurvey.co.uk/xml/codelists/localtype.xml#village,King's Lynn and West Norfolk,http://data.ordnancesurvey.co.uk/id/7000000000007016,http://data.ordnancesurvey.co.uk/ontology/admingeo/District,Norfolk,http://data.ordnancesurvey.co.uk/id/7000000000007238,http://data.ordnancesurvey.co.uk/ontology/admingeo/County,Eastern,http://data.ordnancesurvey.co.uk/id/7000000000041425,England,http://data.ordnancesurvey.co.uk/id/country/england,osgb4000000026949534,,
osgb4000000026940312,http://data.ordnancesurvey.co.uk/id/4000000026940312,Ashdale Park,,,,transportNetwork,Named Road,545088,309520,1000,20000,545055,309467,545095,309567,PE13,http://data.ordnancesurvey.co.uk/id/postcodedistrict/PE13,Wisbech,http://data.ordnancesurvey.co.uk/id/4000000074551318,http://www.ordnancesurvey.co.uk/xml/codelists/localtype.xml#town,Fenland,http://data.ordnancesurvey.co.uk/id/7000000000001357,http://data.ordnancesurvey.co.uk/ontology/admingeo/District,Cambridgeshire,http://data.ordnancesurvey.co.uk/id/7000000000001386,http://data.ordnancesurvey.co.uk/ontology/admingeo/County,Eastern,http://data.ordnancesurvey.co.uk/id/7000000000041425,England,http://data.ordnancesurvey.co.uk/id/country/england,,,
osgb4000000026935135,http://data.ordnancesurvey.co.uk/id/4000000026935135,Mansell Road,,,,transportNetwork,Named Road,547044,308740,2000,20000,546884,308716,547203,308765,PE13,http://data.ordnancesurvey.co.uk/id/postcodedistrict/PE13,Wisbech,http://data.ordnancesurvey.co.uk/id/4000000074551318,http://www.ordnancesurvey.co.uk/xml/codelists/localtype.xml#town,Fenland,http://data.ordnancesurvey.co.uk/id/7000000000001357,http://data.ordnancesurvey.co.uk/ontology/admingeo/District,Cambridgeshire,http://data.ordnancesurvey.co.uk/id/7000000000001386,http://data.ordnancesurvey.co.uk/ontology/admingeo/County,Eastern,http://data.ordnancesurvey.co.uk/id/7000000000041425,England,http://data.ordnancesurvey.co.uk/id/country/england,,,
osgb4000000026940348,http://data.ordnancesurvey.co.uk/id/4000000026940348,Second Avenue,,,,transportNetwork,Named Road,546930,309465,1000,20000,546888,309433,546994,309514,PE13,http://data.ordnancesurvey.co.uk/id/postcodedistrict/PE13,Wisbech,http://data.ordnancesurvey.co.uk/id/4000000074551318,http://www.ordnancesurvey.co.uk/xml/codelists/localtype.xml#town,Fenland,http://data.ordnancesurvey.co.uk/id/7000000000001357,http://data.ordnancesurvey.co.uk/ontology/admingeo/District,Cambridgeshire,http://data.ordnancesurvey.co.uk/id/7000000000001386,http://data.ordnancesurvey.co.uk/ontology/admingeo/County,Eastern,http://data.ordnancesurvey.co.uk/id/7000000000041425,England,http://data.ordnancesurvey.co.uk/id/country/england,,,
de975e77-016d-4035-b6bb-4ff0196dda48,http://data.ordnancesurvey.co.uk/id/de975e77-016d-4035-b6bb-4ff0196dda48,Mill Lane,,,,transportNetwork,Section Of Named Road,548608,313678,1000,25000,548579,313646,548640,313703,PE14,http://data.ordnancesurvey.co.uk/id/postcodedistrict/PE14,West Walton,http://data.ordnancesurvey.co.uk/id/4000000074552041,http://www.ordnancesurvey.co.uk/xml/codelists/localtype.xml#village,King's Lynn and West Norfolk,http://data.ordnancesurvey.co.uk/id/7000000000007016,http://data.ordnancesurvey.co.uk/ontology/admingeo/District,Norfolk,http://data.ordnancesurvey.co.uk/id/7000000000007238,http://data.ordnancesurvey.co.uk/ontology/admingeo/County,Eastern,http://data.ordnancesurvey.co.uk/id/7000000000041425,England,http://data.ordnancesurvey.co.uk/id/country/england,osgb5000005234285547,,
osgb4000000026937532,http://data.ordnancesurvey.co.uk/id/4000000026937532,Bellamy's Lane,,,,transportNetwork,Named Road,546841,313356,1000,20000,546811,313265,546847,313425,PE14,http://data.ordnancesurvey.co.uk/id/postcodedistrict/PE14,West Walton,http://data.ordnancesurvey.co.uk/id/4000000074552041,http://www.ordnancesurvey.co.uk/xml/codelists/localtype.xml#village,King's Lynn and West Norfolk,http://data.ordnancesurvey.co.uk/id/7000000000007016,http://data.ordnancesurvey.co.uk/ontology/admingeo/District,Norfolk,http://data.ordnancesurvey.co.uk/id/7000000000007238,http://data.ordnancesurvey.co.uk/ontology/admingeo/County,Eastern,http://data.ordnancesurvey.co.uk/id/7000000000041425,England,http://data.ordnancesurvey.co.uk/id/country/england,,,
osgb4000000026935258,http://data.ordnancesurvey.co.uk/id/4000000026935258,Bonnetts Lane,,,,transportNetwork,Named Road,553080,310396,3000,20000,552892,310233,553312,310529,PE14,http://data.ordnancesurvey.co.uk/id/postcodedistrict/PE14,St John's Fen End,http://data.ordnancesurvey.co.uk/id/4000000074548752,http://www.ordnancesurvey.co.uk/xml/codelists/localtype.xml#village,King's Lynn and West Norfolk,http://data.ordnancesurvey.co.uk/id/7000000000007016,http://data.ordnancesurvey.co.uk/ontology/admingeo/District,Norfolk,http://data.ordnancesurvey.co.uk/id/7000000000007238,http://data.ordnancesurvey.co.uk/ontology/admingeo/County,Eastern,http://data.ordnancesurvey.co.uk/id/7000000000041425,England,http://data.ordnancesurvey.co.uk/id/country/england,,,
osgb4000000026937423,http://data.ordnancesurvey.co.uk/id/4000000026937423,Manor Gardens,,,,transportNetwork,Named Road,545058,309408,1000,20000,545044,309341,545058,309498,PE13,http://data.ordnancesurvey.co.uk/id/postcodedistrict/PE13,Wisbech,http://data.ordnancesurvey.co.uk/id/4000000074551318,http://www.ordnancesurvey.co.uk/xml/codelists/localtype.xml#town,Fenland,http://data.ordnancesurvey.co.uk/id/7000000000001357,http://data.ordnancesurvey.co.uk/ontology/admingeo/District,Cambridgeshire,http://data.ordnancesurvey.co.uk/id/7000000000001386,http://data.ordnancesurvey.co.uk/ontology/admingeo/County,Eastern,http://data.ordnancesurvey.co.uk/id/7000000000041425,England,http://data.ordnancesurvey.co.uk/id/country/england,,,
osgb4000000026940396,http://data.ordnancesurvey.co.uk/id/4000000026940396,Fen Close,,,,transportNetwork,Named Road,546999,310500,1000,20000,546973,310450,546999,310533,PE13,http://data.ordnancesurvey.co.uk/id/postcodedistrict/PE13,Wisbech,http://data.ordnancesurvey.co.uk/id/4000000074551318,http://www.ordnancesurvey.co.uk/xml/codelists/localtype.xml#town,Fenland,http://data.ordnancesurvey.co.uk/id/7000000000001357,http://data.ordnancesurvey.co.uk/ontology/admingeo/District,Cambridgeshire,http://data.ordnancesurvey.co.uk/id/7000000000001386,http://data.ordnancesurvey.co.uk/ontology/admingeo/County,Eastern,http://data.ordnancesurvey.co.uk/id/7000000000041425,England,http://data.ordnancesurvey.co.uk/id/country/england,,,
osgb4000000026937453,http://data.ordnancesurvey.co.uk/id/4000000026937453,Prince Street,,,,transportNetwork,Named Road,546692,309500,1000,20000,546671,309408,546714,309562,PE13,http://data.ordnancesurvey.co.uk/id/postcodedistrict/PE13,Wisbech,http://data.ordnancesurvey.co.uk/id/4000000074551318,http://www.ordnancesurvey.co.uk/xml/codelists/localtype.xml#town,Fenland,http://data.ordnancesurvey.co.uk/id/7000000000001357,http://data.ordnancesurvey.co.uk/ontology/admingeo/District,Cambridgeshire,http://data.ordnancesurvey.co.uk/id/7000000000001386,http://data.ordnancesurvey.co.uk/ontology/admingeo/County,Eastern,http://data.ordnancesurvey.co.uk/id/7000000000041425,England,http://data.ordnancesurvey.co.uk/id/country/england,,,
osgb5000005103653804,http://data.ordnancesurvey.co.uk/id/5000005103653804,Kerkham Close,,,,transportNetwork,Named Road,554549,319815,1000,20000,554517,319782,554577,319853,PE34,http://data.ordnancesurvey.co.uk/id/postcodedistrict/PE34,Terrington St Clement,http://data.ordnancesurvey.co.uk/id/4000000074548395,http://www.ordnancesurvey.co.uk/xml/codelists/localtype.xml#otherSettlement,King's Lynn and West Norfolk,http://data.ordnancesurvey.co.uk/id/7000000000007016,http://data.ordnancesurvey.co.uk/ontology/admingeo/District,Norfolk,http://data.ordnancesurvey.co.uk/id/7000000000007238,http://data.ordnancesurvey.co.uk/ontology/admingeo/County,Eastern,http://data.ordnancesurvey.co.uk/id/7000000000041425,England,http://data.ordnancesurvey.co.uk/id/country/england,,,
osgb4000000026940315,http://data.ordnancesurvey.co.uk/id/4000000026940315,Regal Road,,,,transportNetwork,Named Road,545991,308436,1000,20000,545940,308354,546027,308491,PE13,http://data.ordnancesurvey.co.uk/id/postcodedistrict/PE13,Wisbech,http://data.ordnancesurvey.co.uk/id/4000000074551318,http://www.ordnancesurvey.co.uk/xml/codelists/localtype.xml#town,Fenland,http://data.ordnancesurvey.co.uk/id/7000000000001357,http://data.ordnancesurvey.co.uk/ontology/admingeo/District,Cambridgeshire,http://data.ordnancesurvey.co.uk/id/7000000000001386,http://data.ordnancesurvey.co.uk/ontology/admingeo/County,Eastern,http://data.ordnancesurvey.co.uk/id/7000000000041425,England,http://data.ordnancesurvey.co.uk/id/country/england,,,
osgb4000000026942743,http://data.ordnancesurvey.co.uk/id/4000000026942743,Hogherd's Lane,,,,transportNetwork,Named Road,546349,309695,1000,20000,546324,309694,546374,309696,PE13,http://data.ordnancesurvey.co.uk/id/postcodedistrict/PE13,Wisbech,http://data.ordnancesurvey.co.uk/id/4000000074551318,http://www.ordnancesurvey.co.uk/xml/codelists/localtype.xml#town,Fenland,http://data.ordnancesurvey.co.uk/id/7000000000001357,http://data.ordnancesurvey.co.uk/ontology/admingeo/District,Cambridgeshire,http://data.ordnancesurvey.co.uk/id/7000000000001386,http://data.ordnancesurvey.co.uk/ontology/admingeo/County,Eastern,http://data.ordnancesurvey.co.uk/id/7000000000041425,England,http://data.ordnancesurvey.co.uk/id/country/england,,,
5e54ec81-dd2e-45b4-882b-4ac9c59fc230,http://data.ordnancesurvey.co.uk/id/5e54ec81-dd2e-45b4-882b-4ac9c59fc230,Hollycroft Road,,,,transportNetwork,Section Of Named Road,549828,306526,7000,25000,549594,305956,549974,307037,PE14,http://data.ordnancesurvey.co.uk/id/postcodedistrict/PE14,Emneth,http://data.ordnancesurvey.co.uk/id/4000000074550948,http://www.ordnancesurvey.co.uk/xml/codelists/localtype.xml#village,King's Lynn and West Norfolk,http://data.ordnancesurvey.co.uk/id/7000000000007016,http://data.ordnancesurvey.co.uk/ontology/admingeo/District,Norfolk,http://data.ordnancesurvey.co.uk/id/7000000000007238,http://data.ordnancesurvey.co.uk/ontology/admingeo/County,Eastern,http://data.ordnancesurvey.co.uk/id/7000000000041425,England,http://data.ordnancesurvey.co.uk/id/country/england,osgb4000000026933636,,
osgb4000000026933529,http://data.ordnancesurvey.co.uk/id/4000000026933529,Crab Marsh,,,,transportNetwork,Named Road,545741,311157,3000,20000,545738,310890,545747,311424,PE13,http://data.ordnancesurvey.co.uk/id/postcodedistrict/PE13,Wisbech,http://data.ordnancesurvey.co.uk/id/4000000074551318,http://www.ordnancesurvey.co.uk/xml/codelists/localtype.xml#town,Fenland,http://data.ordnancesurvey.co.uk/id/7000000000001357,http://data.ordnancesurvey.co.uk/ontology/admingeo/District,Cambridgeshire,http://data.ordnancesurvey.co.uk/id/7000000000001386,http://data.ordnancesurvey.co.uk/ontology/admingeo/County,Eastern,http://data.ordnancesurvey.co.uk/id/7000000000041425,England,http://data.ordnancesurvey.co.uk/id/country/england,,,
osgb5000005152190618,http://data.ordnancesurvey.co.uk/id/5000005152190618,Barton Green,,,,transportNetwork,Named Road,544579,309243,1000,20000,544544,309220,544623,309254,PE13,http://data.ordnancesurvey.co.uk/id/postcodedistrict/PE13,Wisbech,http://data.ordnancesurvey.co.uk/id/4000000074551318,http://www.ordnancesurvey.co.uk/xml/codelists/localtype.xml#town,Fenland,http://data.ordnancesurvey.co.uk/id/7000000000001357,http://data.ordnancesurvey.co.uk/ontology/admingeo/District,Cambridgeshire,http://data.ordnancesurvey.co.uk/id/7000000000001386,http://data.ordnancesurvey.co.uk/ontology/admingeo/County,Eastern,http://data.ordnancesurvey.co.uk/id/7000000000041425,England,http://data.ordnancesurvey.co.uk/id/country/england,,,
osgb4000000026940397,http://data.ordnancesurvey.co.uk/id/4000000026940397,Goddard Crescent,,,,transportNetwork,Named Road,546606,310757,1000,20000,546541,310741,546606,310819,PE13,http://data.ordnancesurvey.co.uk/id/postcodedistrict/PE13,Wisbech,http://data.ordnancesurvey.co.uk/id/4000000074551318,http://www.ordnancesurvey.co.uk/xml/codelists/localtype.xml#town,Fenland,http://data.ordnancesurvey.co.uk/id/7000000000001357,http://data.ordnancesurvey.co.uk/ontology/admingeo/District,Cambridgeshire,http://data.ordnancesurvey.co.uk/id/7000000000001386,http://data.ordnancesurvey.co.uk/ontology/admingeo/County,Eastern,http://data.ordnancesurvey.co.uk/id/7000000000041425,England,http://data.ordnancesurvey.co.uk/id/country/england,,,
a2ae54ca-3b77-4be5-b43b-20406b7fa5bf,http://data.ordnancesurvey.co.uk/id/a2ae54ca-3b77-4be5-b43b-20406b7fa5bf,High Road,,,,transportNetwork,Section Of Named Road,557365,313364,12000,25000,557129,312449,557481,314322,PE34,http://data.ordnancesurvey.co.uk/id/postcodedistrict/PE34,Tilney cum Islington,http://data.ordnancesurvey.co.uk/id/4000000074550575,http://www.ordnancesurvey.co.uk/xml/codelists/localtype.xml#village,King's Lynn and West Norfolk,http://data.ordnancesurvey.co.uk/id/7000000000007016,http://data.ordnancesurvey.co.uk/ontology/admingeo/District,Norfolk,http://data.ordnancesurvey.co.uk/id/7000000000007238,http://data.ordnancesurvey.co.uk/ontology/admingeo/County,Eastern,http://data.ordnancesurvey.co.uk/id/7000000000041425,England,http://data.ordnancesurvey.co.uk/id/country/england,osgb4000000026931785,,
f22f64c6-c68c-43b7-aade-92f9f8026383,http://data.ordnancesurvey.co.uk/id/f22f64c6-c68c-43b7-aade-92f9f8026383,New Road,,,,transportNetwork,Section Of Named Road,554836,315128,4000,25000,554515,314832,555132,315516,PE34,http://data.ordnancesurvey.co.uk/id/postcodedistrict/PE34,Tilney St Lawrence,http://data.ordnancesurvey.co.uk/id/4000000074550579,http://www.ordnancesurvey.co.uk/xml/codelists/localtype.xml#village,King's Lynn and West Norfolk,http://data.ordnancesurvey.co.uk/id/7000000000007016,http://data.ordnancesurvey.co.uk/ontology/admingeo/District,Norfolk,http://data.ordnancesurvey.co.uk/id/7000000000007238,http://data.ordnancesurvey.co.uk/ontology/admingeo/County,Eastern,http://data.ordnancesurvey.co.uk/id/7000000000041425,England,http://data.ordnancesurvey.co.uk/id/country/england,osgb4000000026932443,,
osgb4000000026940402,http://data.ordnancesurvey.co.uk/id/4000000026940402,Halstead Close,,,,transportNetwork,Named Road,547457,309886,1000,20000,547429,309885,547490,309887,PE13,http://data.ordnancesurvey.co.uk/id/postcodedistrict/PE13,Wisbech,http://data.ordnancesurvey.co.uk/id/4000000074551318,http://www.ordnancesurvey.co.uk/xml/codelists/localtype.xml#town,Fenland,http://data.ordnancesurvey.co.uk/id/7000000000001357,http://data.ordnancesurvey.co.uk/ontology/admingeo/District,Cambridgeshire,http://data.ordnancesurvey.co.uk/id/7000000000001386,http://data.ordnancesurvey.co.uk/ontology/admingeo/County,Eastern,http://data.ordnancesurvey.co.uk/id/7000000000041425,England,http://data.ordnancesurvey.co.uk/id/country/england,,,
osgb4000000026940548,http://data.ordnancesurvey.co.uk/id/4000000026940548,Garden Road,,,,transportNetwork,Named Road,559263,314000,1000,20000,559244,313970,559276,314035,PE34,http://data.ordnancesurvey.co.uk/id/postcodedistrict/PE34,Wiggenhall St Germans,http://data.ordnancesurvey.co.uk/id/4000000074550213,http://www.ordnancesurvey.co.uk/xml/codelists/localtype.xml#village,King's Lynn and West Norfolk,http://data.ordnancesurvey.co.uk/id/7000000000007016,http://data.ordnancesurvey.co.uk/ontology/admingeo/District,Norfolk,http://data.ordnancesurvey.co.uk/id/7000000000007238,http://data.ordnancesurvey.co.uk/ontology/admingeo/County,Eastern,http://data.ordnancesurvey.co.uk/id/7000000000041425,England,http://data.ordnancesurvey.co.uk/id/country/england,,,
osgb4000000026978726,http://data.ordnancesurvey.co.uk/id/4000000026978726,Crown Close,,,,transportNetwork,Named Road,544281,310892,1000,20000,544248,310873,544319,310949,PE13,http://data.ordnancesurvey.co.uk/id/postcodedistrict/PE13,Leverington,http://data.ordnancesurvey.co.uk/id/4000000074551313,http://www.ordnancesurvey.co.uk/xml/codelists/localtype.xml#village,Fenland,http://data.ordnancesurvey.co.uk/id/7000000000001357,http://data.ordnancesurvey.co.uk/ontology/admingeo/District,Cambridgeshire,http://data.ordnancesurvey.co.uk/id/7000000000001386,http://data.ordnancesurvey.co.uk/ontology/admingeo/County,Eastern,http://data.ordnancesurvey.co.uk/id/7000000000041425,England,http://data.ordnancesurvey.co.uk/id/country/england,,,
0e0e2957-65c0-4bfa-a37a-ebdf080e093f,http://data.ordnancesurvey.co.uk/id/0e0e2957-65c0-4bfa-a37a-ebdf080e093f,Belt Drove,,,,transportNetwork,Section Of Named Road,545505,306313,2000,25000,545259,306269,545641,306317,PE14,http://data.ordnancesurvey.co.uk/id/postcodedistrict/PE14,Begdale,http://data.ordnancesurvey.co.uk/id/4000000074550949,http://www.ordnancesurvey.co.uk/xml/codelists/localtype.xml#hamlet,Fenland,http://data.ordnancesurvey.co.uk/id/7000000000001357,http://data.ordnancesurvey.co.uk/ontology/admingeo/District,Cambridgeshire,http://data.ordnancesurvey.co.uk/id/7000000000001386,http://data.ordnancesurvey.co.uk/ontology/admingeo/County,Eastern,http://data.ordnancesurvey.co.uk/id/7000000000041425,England,http://data.ordnancesurvey.co.uk/id/country/england,osgb4000000026932268,,
osgb4000000026997153,http://data.ordnancesurvey.co.uk/id/4000000026997153,The Leam,,,,transportNetwork,Named Road,546671,305161,1000,20000,546655,305119,546714,305176,PE14,http://data.ordnancesurvey.co.uk/id/postcodedistrict/PE14,Friday Bridge,http://data.ordnancesurvey.co.uk/id/4000000074550225,http://www.ordnancesurvey.co.uk/xml/codelists/localtype.xml#village,Fenland,http://data.ordnancesurvey.co.uk/id/7000000000001357,http://data.ordnancesurvey.co.uk/ontology/admingeo/District,Cambridgeshire,http://data.ordnancesurvey.co.uk/id/7000000000001386,http://data.ordnancesurvey.co.uk/ontology/admingeo/County,Eastern,http://data.ordnancesurvey.co.uk/id/7000000000041425,England,http://data.ordnancesurvey.co.uk/id/country/england,,,
osgb4000000026963960,http://data.ordnancesurvey.co.uk/id/4000000026963960,Outwell Road,,,,transportNetwork,Named Road,555419,301156,2000,20000,555262,301008,555590,301339,PE38,http://data.ordnancesurvey.co.uk/id/postcodedistrict/PE38,Nordelph,http://data.ordnancesurvey.co.uk/id/4000000074550935,http://www.ordnancesurvey.co.uk/xml/codelists/localtype.xml#village,King's Lynn and West Norfolk,http://data.ordnancesurvey.co.uk/id/7000000000007016,http://data.ordnancesurvey.co.uk/ontology/admingeo/District,Norfolk,http://data.ordnancesurvey.co.uk/id/7000000000007238,http://data.ordnancesurvey.co.uk/ontology/admingeo/County,Eastern,http://data.ordnancesurvey.co.uk/id/7000000000041425,England,http://data.ordnancesurvey.co.uk/id/country/england,,,
osgb4000000027015825,http://data.ordnancesurvey.co.uk/id/4000000027015825,Crooked Bank,,,,transportNetwork,Named Road,545357,306361,2000,20000,545182,306333,545526,306401,PE14,http://data.ordnancesurvey.co.uk/id/postcodedistrict/PE14,Begdale,http://data.ordnancesurvey.co.uk/id/4000000074550949,http://www.ordnancesurvey.co.uk/xml/codelists/localtype.xml#hamlet,Fenland,http://data.ordnancesurvey.co.uk/id/7000000000001357,http://data.ordnancesurvey.co.uk/ontology/admingeo/District,Cambridgeshire,http://data.ordnancesurvey.co.uk/id/7000000000001386,http://data.ordnancesurvey.co.uk/ontology/admingeo/County,Eastern,http://data.ordnancesurvey.co.uk/id/7000000000041425,England,http://data.ordnancesurvey.co.uk/id/country/england,,,
osgb4000000026932438,http://data.ordnancesurvey.co.uk/id/4000000026932438,Chalk Road,,,,transportNetwork,Named Road,550764,317083,8000,20000,550422,316381,550907,317675,PE14,http://data.ordnancesurvey.co.uk/id/postcodedistrict/PE14,Walpole St Peter,http://data.ordnancesurvey.co.uk/id/4000000074550943,http://www.ordnancesurvey.co.uk/xml/codelists/localtype.xml#village,King's Lynn and West Norfolk,http://data.ordnancesurvey.co.uk/id/7000000000007016,http://data.ordnancesurvey.co.uk/ontology/admingeo/District,Norfolk,http://data.ordnancesurvey.co.uk/id/7000000000007238,http://data.ordnancesurvey.co.uk/ontology/admingeo/County,Eastern,http://data.ordnancesurvey.co.uk/id/7000000000041425,England,http://data.ordnancesurvey.co.uk/id/country/england,,,
PE140DR,http://data.ordnancesurvey.co.uk/id/postcodeunit/PE140DR,PE14 0DR,,,,other,Postcode,547559,307569,3500,18000,,,,,,,Elm,http://data.ordnancesurvey.co.uk/id/4000000074341528,http://www.ordnancesurvey.co.uk/xml/codelists/localtype.xml#village,King's Lynn and West Norfolk,http://data.ordnancesurvey.co.uk/id/7000000000007016,http://data.ordnancesurvey.co.uk/ontology/admingeo/District,Norfolk,http://data.ordnancesurvey.co.uk/id/7000000000007238,http://data.ordnancesurvey.co.uk/ontology/admingeo/County,Eastern,http://data.ordnancesurvey.co.uk/id/7000000000041425,England,http://data.ordnancesurvey.co.uk/id/country/england,,,
PE133LH,http://data.ordnancesurvey.co.uk/id/postcodeunit/PE133LH,PE13 3LH,,,,other,Postcode,546197,310636,3500,18000,,,,,,,Wisbech,http://data.ordnancesurvey.co.uk/id/4000000074551318,http://www.ordnancesurvey.co.uk/xml/codelists/localtype.xml#town,Fenland,http://data.ordnancesurvey.co.uk/id/7000000000001357,http://data.ordnancesurvey.co.uk/ontology/admingeo/District,Cambridgeshire,http://data.ordnancesurvey.co.uk/id/7000000000001386,http://data.ordnancesurvey.co.uk/ontology/admingeo/County,Eastern,http://data.ordnancesurvey.co.uk/id/7000000000041425,England,http://data.ordnancesurvey.co.uk/id/country/england,,,
PE131DD,http://data.ordnancesurvey.co.uk/id/postcodeunit/PE131DD,PE13 1DD,,,,other,Postcode,546123,309609,3500,18000,,,,,,,Wisbech,http://data.ordnancesurvey.co.uk/id/4000000074551318,http://www.ordnancesurvey.co.uk/xml/codelists/localtype.xml#town,Fenland,http://data.ordnancesurvey.co.uk/id/7000000000001357,http://data.ordnancesurvey.co.uk/ontology/admingeo/District,Cambridgeshire,http://data.ordnancesurvey.co.uk/id/7000000000001386,http://data.ordnancesurvey.co.uk/ontology/admingeo/County,Eastern,http://data.ordnancesurvey.co.uk/id/7000000000041425,England,http://data.ordnancesurvey.co.uk/id/country/england,,,
PE140EF,http://data.ordnancesurvey.co.uk/id/postcodeunit/PE140EF,PE14 0EF,,,,other,Postcode,548169,306586,3500,18000,,,,,,,Elm,http://data.ordnancesurvey.co.uk/id/4000000074341528,http://www.ordnancesurvey.co.uk/xml/codelists/localtype.xml#village,Fenland,http://data.ordnancesurvey.co.uk/id/7000000000001357,http://data.ordnancesurvey.co.uk/ontology/admingeo/District,Cambridgeshire,http://data.ordnancesurvey.co.uk/id/7000000000001386,http://data.ordnancesurvey.co.uk/ontology/admingeo/County,Eastern,http://data.ordnancesurvey.co.uk/id/7000000000041425,England,http://data.ordnancesurvey.co.uk/id/country/england,,,
PE134XG,http://data.ordnancesurvey.co.uk/id/postcodeunit/PE134XG,PE13 4XG,,,,other,Postcode,541875,308117,3500,18000,,,,,,,Wisbech St Mary,http://data.ordnancesurvey.co.uk/id/4000000074551315,http://www.ordnancesurvey.co.uk/xml/codelists/localtype.xml#village,Fenland,http://data.ordnancesurvey.co.uk/id/7000000000001357,http://data.ordnancesurvey.co.uk/ontology/admingeo/District,Cambridgeshire,http://data.ordnancesurvey.co.uk/id/7000000000001386,http://data.ordnancesurvey.co.uk/ontology/admingeo/County,Eastern,http://data.ordnancesurvey.co.uk/id/7000000000041425,England,http://data.ordnancesurvey.co.uk/id/country/england,,,
PE131SD,http://data.ordnancesurvey.co.uk/id/postcodeunit/PE131SD,PE13 1SD,,,,other,Postcode,545167,310442,3500,18000,,,,,,,Wisbech,http://data.ordnancesurvey.co.uk/id/4000000074551318,http://www.ordnancesurvey.co.uk/xml/codelists/localtype.xml#town,Fenland,http://data.ordnancesurvey.co.uk/id/7000000000001357,http://data.ordnancesurvey.co.uk/ontology/admingeo/District,Cambridgeshire,http://data.ordnancesurvey.co.uk/id/7000000000001386,http://data.ordnancesurvey.co.uk/ontology/admingeo/County,Eastern,http://data.ordnancesurvey.co.uk/id/7000000000041425,England,http://data.ordnancesurvey.co.uk/id/country/england,,,
PE149HP,http://data.ordnancesurvey.co.uk/id/postcodeunit/PE149HP,PE14 9HP,,,,other,Postcode,550968,301518,3500,18000,,,,,,,Plaw Field,http://data.ordnancesurvey.co.uk/id/4000000074550937,http://www.ordnancesurvey.co.uk/xml/codelists/localtype.xml#hamlet,King's Lynn and West Norfolk,http://data.ordnancesurvey.co.uk/id/7000000000007016,http://data.ordnancesurvey.co.uk/ontology/admingeo/District,Norfolk,http://data.ordnancesurvey.co.uk/id/7000000000007238,http://data.ordnancesurvey.co.uk/ontology/admingeo/County,Eastern,http://data.ordnancesurvey.co.uk/id/7000000000041425,England,http://data.ordnancesurvey.co.uk/id/country/england,,,
PE147LF,http://data.ordnancesurvey.co.uk/id/postcodeunit/PE147LF,PE14 7LF,,,,other,Postcode,549931,317306,3500,18000,,,,,,,Walpole St Andrew,http://data.ordnancesurvey.co.uk/id/4000000074550944,http://www.ordnancesurvey.co.uk/xml/codelists/localtype.xml#village,King's Lynn and West Norfolk,http://data.ordnancesurvey.co.uk/id/7000000000007016,http://data.ordnancesurvey.co.uk/ontology/admingeo/District,Norfolk,http://data.ordnancesurvey.co.uk/id/7000000000007238,http://data.ordnancesurvey.co.uk/ontology/admingeo/County,Eastern,http://data.ordnancesurvey.co.uk/id/7000000000041425,England,http://data.ordnancesurvey.co.uk/id/country/england,,,
PE140SR,http://data.ordnancesurvey.co.uk/id/postcodeunit/PE140SR,PE14 0SR,,,,other,Postcode,545582,308989,3500,18000,,,,,,,Wisbech,http://data.ordnancesurvey.co.uk/id/4000000074551318,http://www.ordnancesurvey.co.uk/xml/codelists/localtype.xml#town,Fenland,http://data.ordnancesurvey.co.uk/id/7000000000001357,http://data.ordnancesurvey.co.uk/ontology/admingeo/District,Cambridgeshire,http://data.ordnancesurvey.co.uk/id/7000000000001386,http://data.ordnancesurvey.co.uk/ontology/admingeo/County,Eastern,http://data.ordnancesurvey.co.uk/id/7000000000041425,England,http://data.ordnancesurvey.co.uk/id/country/england,,,
PE148ES,http://data.ordnancesurvey.co.uk/id/postcodeunit/PE148ES,PE14 8ES,,,,other,Postcode,552198,309621,3500,18000,,,,,,,Marshland St James,http://data.ordnancesurvey.co.uk/id/4000000074548753,http://www.ordnancesurvey.co.uk/xml/codelists/localtype.xml#village,King's Lynn and West Norfolk,http://data.ordnancesurvey.co.uk/id/7000000000007016,http://data.ordnancesurvey.co.uk/ontology/admingeo/District,Norfolk,http://data.ordnancesurvey.co.uk/id/7000000000007238,http://data.ordnancesurvey.co.uk/ontology/admingeo/County,Eastern,http://data.ordnancesurvey.co.uk/id/7000000000041425,England,http://data.ordnancesurvey.co.uk/id/country/england,,,
PE132DF,http://data.ordnancesurvey.co.uk/id/postcodeunit/PE132DF,PE13 2DF,,,,other,Postcode,547020,310138,3500,18000,,,,,,,Wisbech,http://data.ordnancesurvey.co.uk/id/4000000074551318,http://www.ordnancesurvey.co.uk/xml/codelists/localtype.xml#town,Fenland,http://data.ordnancesurvey.co.uk/id/7000000000001357,http://data.ordnancesurvey.co.uk/ontology/admingeo/District,Cambridgeshire,http://data.ordnancesurvey.co.uk/id/7000000000001386,http://data.ordnancesurvey.co.uk/ontology/admingeo/County,Eastern,http://data.ordnancesurvey.co.uk/id/7000000000041425,England,http://data.ordnancesurvey.co.uk/id/country/england,,,
PE135DH,http://data.ordnancesurvey.co.uk/id/postcodeunit/PE135DH,PE13 5DH,,,,other,Postcode,544588,310774,3500,18000,,,,,,,Leverington,http://data.ordnancesurvey.co.uk/id/4000000074551313,http://www.ordnancesurvey.co.uk/xml/codelists/localtype.xml#village,Fenland,http://data.ordnancesurvey.co.uk/id/7000000000001357,http://data.ordnancesurvey.co.uk/ontology/admingeo/District,Cambridgeshire,http://data.ordnancesurvey.co.uk/id/7000000000001386,http://data.ordnancesurvey.co.uk/ontology/admingeo/County,Eastern,http://data.ordnancesurvey.co.uk/id/7000000000041425,England,http://data.ordnancesurvey.co.uk/id/country/england,,,
osgb4000000026937524,http://data.ordnancesurvey.co.uk/id/4000000026937524,All Saints Avenue,,,,transportNetwork,Named Road,547933,310614,2000,20000,547840,310585,548078,310658,PE13,http://data.ordnancesurvey.co.uk/id/postcodedistrict/PE13,Wisbech,http://data.ordnancesurvey.co.uk/id/4000000074551318,http://www.ordnancesurvey.co.uk/xml/codelists/localtype.xml#town,King's Lynn and West Norfolk,http://data.ordnancesurvey.co.uk/id/7000000000007016,http://data.ordnancesurvey.co.uk/ontology/admingeo/District,Norfolk,http://data.ordnancesurvey.co.uk/id/7000000000007238,http://data.ordnancesurvey.co.uk/ontology/admingeo/County,Eastern,http://data.ordnancesurvey.co.uk/id/7000000000041425,England,http://data.ordnancesurvey.co.uk/id/country/england,,,
35a0b869-3b51-414d-bb3b-e0330ea017c6,http://data.ordnancesurvey.co.uk/id/35a0b869-3b51-414d-bb3b-e0330ea017c6,Wentworth Drive,,,,transportNetwork,Section Of Named Road,543336,316649,1000,25000,543330,316556,543350,316733,PE13,http://data.ordnancesurvey.co.uk/id/postcodedistrict/PE13,Tydd St Giles,http://data.ordnancesurvey.co.uk/id/4000000074548770,http://www.ordnancesurvey.co.uk/xml/codelists/localtype.xml#village,Fenland,http://data.ordnancesurvey.co.uk/id/7000000000001357,http://data.ordnancesurvey.co.uk/ontology/admingeo/District,Cambridgeshire,http://data.ordnancesurvey.co.uk/id/7000000000001386,http://data.ordnancesurvey.co.uk/ontology/admingeo/County,Eastern,http://data.ordnancesurvey.co.uk/id/7000000000041425,England,http://data.ordnancesurvey.co.uk/id/country/england,osgb5000005107207985,,
osgb4000000026933601,http://data.ordnancesurvey.co.uk/id/4000000026933601,Redgate Road,,,,transportNetwork,Named Road,546170,317661,5000,20000,545814,317636,546571,317776,PE13,http://data.ordnancesurvey.co.uk/id/postcodedistrict/PE13,Foul Anchor,http://data.ordnancesurvey.co.uk/id/4000000074548408,http://www.ordnancesurvey.co.uk/xml/codelists/localtype.xml#village,Fenland,http://data.ordnancesurvey.co.uk/id/7000000000001357,http://data.ordnancesurvey.co.uk/ontology/admingeo/District,Cambridgeshire,http://data.ordnancesurvey.co.uk/id/7000000000001386,http://data.ordnancesurvey.co.uk/ontology/admingeo/County,Eastern,http://data.ordnancesurvey.co.uk/id/7000000000041425,England,http://data.ordnancesurvey.co.uk/id/country/england,,,
5f4cca67-9038-4f3e-b679-898c327b9e7f,http://data.ordnancesurvey.co.uk/id/5f4cca67-9038-4f3e-b679-898c327b9e7f,Fen Road,,,,transportNetwork,Section Of Named Road,542529,314348,5000,25000,542140,314190,542886,314525,PE13,http://data.ordnancesurvey.co.uk/id/postcodedistrict/PE13,Newton-in-the-Isle,http://data.ordnancesurvey.co.uk/id/4000000074548769,http://www.ordnancesurvey.co.uk/xml/codelists/localtype.xml#village,Fenland,http://data.ordnancesurvey.co.uk/id/7000000000001357,http://data.ordnancesurvey.co.uk/ontology/admingeo/District,Cambridgeshire,http://data.ordnancesurvey.co.uk/id/7000000000001386,http://data.ordnancesurvey.co.uk/ontology/admingeo/County,Eastern,http://data.ordnancesurvey.co.uk/id/7000000000041425,England,http://data.ordnancesurvey.co.uk/id/country/england,osgb4000000026932289,,
osgb4000000026978111,http://data.ordnancesurvey.co.uk/id/4000000026978111,Station Road North,,,,transportNetwork,Named Road,551876,319555,5000,20000,551814,319174,552082,319951,PE34,http://data.ordnancesurvey.co.uk/id/postcodedistrict/PE34,Walpole Cross Keys,http://data.ordnancesurvey.co.uk/id/4000000074548396,http://www.ordnancesurvey.co.uk/xml/codelists/localtype.xml#village,King's Lynn and West Norfolk,http://data.ordnancesurvey.co.uk/id/7000000000007016,http://data.ordnancesurvey.co.uk/ontology/admingeo/District,Norfolk,http://data.ordnancesurvey.co.uk/id/7000000000007238,http://data.ordnancesurvey.co.uk/ontology/admingeo/County,Eastern,http://data.ordnancesurvey.co.uk/id/7000000000041425,England,http://data.ordnancesurvey.co.uk/id/country/england,,,
osgb4000000026997144,http://data.ordnancesurvey.co.uk/id/4000000026997144,The Lovells,,,,transportNetwork,Named Road,549733,307131,1000,20000,549697,307063,549807,307219,PE14,http://data.ordnancesurvey.co.uk/id/postcodedistrict/PE14,Emneth,http://data.ordnancesurvey.co.uk/id/4000000074550948,http://www.ordnancesurvey.co.uk/xml/codelists/localtype.xml#village,King's Lynn and West Norfolk,http://data.ordnancesurvey.co.uk/id/7000000000007016,http://data.ordnancesurvey.co.uk/ontology/admingeo/District,Norfolk,http://data.ordnancesurvey.co.uk/id/7000000000007238,http://data.ordnancesurvey.co.uk/ontology/admingeo/County,Eastern,http://data.ordnancesurvey.co.uk/id/7000000000041425,England,http://data.ordnancesurvey.co.uk/id/country/england,,,
PE133UW,http://data.ordnancesurvey.co.uk/id/postcodeunit/PE133UW,PE13 3UW,,,,other,Postcode,547530,310126,3500,18000,,,,,,,Wisbech,http://data.ordnancesurvey.co.uk/id/4000000074551318,http://www.ordnancesurvey.co.uk/xml/codelists/localtype.xml#town,Fenland,http://data.ordnancesurvey.co.uk/id/7000000000001357,http://data.ordnancesurvey.co.uk/ontology/admingeo/District,Cambridgeshire,http://data.ordnancesurvey.co.uk/id/7000000000001386,http://data.ordnancesurvey.co.uk/ontology/admingeo/County,Eastern,http://data.ordnancesurvey.co.uk/id/7000000000041425,England,http://data.ordnancesurvey.co.uk/id/country/england,,,
PE133JY,http://data.ordnancesurvey.co.uk/id/postcodeunit/PE133JY,PE13 3JY,,,,other,Postcode,546035,311292,3500,18000,,,,,,,Wisbech,http://data.ordnancesurvey.co.uk/id/4000000074551318,http://www.ordnancesurvey.co.uk/xml/codelists/localtype.xml#town,Fenland,http://data.ordnancesurvey.co.uk/id/7000000000001357,http://data.ordnancesurvey.co.uk/ontology/admingeo/District,Cambridgeshire,http://data.ordnancesurvey.co.uk/id/7000000000001386,http://data.ordnancesurvey.co.uk/ontology/admingeo/County,Eastern,http://data.ordnancesurvey.co.uk/id/7000000000041425,England,http://data.ordnancesurvey.co.uk/id/country/england,,,
PE133PE,http://data.ordnancesurvey.co.uk/id/postcodeunit/PE133PE,PE13 3PE,,,,other,Postcode,546765,311017,3500,18000,,,,,,,Wisbech,http://data.ordnancesurvey.co.uk/id/4000000074551318,http://www.ordnancesurvey.co.uk/xml/codelists/localtype.xml#town,Fenland,http://data.ordnancesurvey.co.uk/id/7000000000001357,http://data.ordnancesurvey.co.uk/ontology/admingeo/District,Cambridgeshire,http://data.ordnancesurvey.co.uk/id/7000000000001386,http://data.ordnancesurvey.co.uk/ontology/admingeo/County,Eastern,http://data.ordnancesurvey.co.uk/id/7000000000041425,England,http://data.ordnancesurvey.co.uk/id/country/england,,,
PE149LA,http://data.ordnancesurvey.co.uk/id/postcodeunit/PE149LA,PE14 9LA,,,,other,Postcode,550501,300430,3500,18000,,,,,,,Three Holes,http://data.ordnancesurvey.co.uk/id/4000000074550936,http://www.ordnancesurvey.co.uk/xml/codelists/localtype.xml#village,King's Lynn and West Norfolk,http://data.ordnancesurvey.co.uk/id/7000000000007016,http://data.ordnancesurvey.co.uk/ontology/admingeo/District,Norfolk,http://data.ordnancesurvey.co.uk/id/7000000000007238,http://data.ordnancesurvey.co.uk/ontology/admingeo/County,Eastern,http://data.ordnancesurvey.co.uk/id/7000000000041425,England,http://data.ordnancesurvey.co.uk/id/country/england,,,
PE147LG,http://data.ordnancesurvey.co.uk/id/postcodeunit/PE147LG,PE14 7LG,,,,other,Postcode,550032,317289,3500,18000,,,,,,,Walpole St Andrew,http://data.ordnancesurvey.co.uk/id/4000000074550944,http://www.ordnancesurvey.co.uk/xml/codelists/localtype.xml#village,King's Lynn and West Norfolk,http://data.ordnancesurvey.co.uk/id/7000000000007016,http://data.ordnancesurvey.co.uk/ontology/admingeo/District,Norfolk,http://data.ordnancesurvey.co.uk/id/7000000000007238,http://data.ordnancesurvey.co.uk/ontology/admingeo/County,Eastern,http://data.ordnancesurvey.co.uk/id/7000000000041425,England,http://data.ordnancesurvey.co.uk/id/country/england,,,
PE135HP,http://data.ordnancesurvey.co.uk/id/postcodeunit/PE135HP,PE13 5HP,,,,other,Postcode,543402,314044,3500,18000,,,,,,,Newton-in-the-Isle,http://data.ordnancesurvey.co.uk/id/4000000074548769,http://www.ordnancesurvey.co.uk/xml/codelists/localtype.xml#village,Fenland,http://data.ordnancesurvey.co.uk/id/7000000000001357,http://data.ordnancesurvey.co.uk/ontology/admingeo/District,Cambridgeshire,http://data.ordnancesurvey.co.uk/id/7000000000001386,http://data.ordnancesurvey.co.uk/ontology/admingeo/County,Eastern,http://data.ordnancesurvey.co.uk/id/7000000000041425,England,http://data.ordnancesurvey.co.uk/id/country/england,,,
PE343BT,http://data.ordnancesurvey.co.uk/id/postcodeunit/PE343BT,PE34 3BT,,,,other,Postcode,559746,311186,3500,18000,,,,,,,Wiggenhall St Mary Magdalen,http://data.ordnancesurvey.co.uk/id/4000000074548392,http://www.ordnancesurvey.co.uk/xml/codelists/localtype.xml#village,King's Lynn and West Norfolk,http://data.ordnancesurvey.co.uk/id/7000000000007016,http://data.ordnancesurvey.co.uk/ontology/admingeo/District,Norfolk,http://data.ordnancesurvey.co.uk/id/7000000000007238,http://data.ordnancesurvey.co.uk/ontology/admingeo/County,Eastern,http://data.ordnancesurvey.co.uk/id/7000000000041425,England,http://data.ordnancesurvey.co.uk/id/country/england,,,
PE132ER,http://data.ordnancesurvey.co.uk/id/postcodeunit/PE132ER,PE13 2ER,,,,other,Postcode,546901,310177,3500,18000,,,,,,,Wisbech,http://data.ordnancesurvey.co.uk/id/4000000074551318,http://www.ordnancesurvey.co.uk/xml/codelists/localtype.xml#town,Fenland,http://data.ordnancesurvey.co.uk/id/7000000000001357,http://data.ordnancesurvey.co.uk/ontology/admingeo/District,Cambridgeshire,http://data.ordnancesurvey.co.uk/id/7000000000001386,http://data.ordnancesurvey.co.uk/ontology/admingeo/County,Eastern,http://data.ordnancesurvey.co.uk/id/7000000000041425,England,http://data.ordnancesurvey.co.uk/id/country/england,,,
PE133RF,http://data.ordnancesurvey.co.uk/id/postcodeunit/PE133RF,PE13 3RF,,,,other,Postcode,548087,310286,3500,18000,,,,,,,Wisbech,http://data.ordnancesurvey.co.uk/id/4000000074551318,http://www.ordnancesurvey.co.uk/xml/codelists/localtype.xml#town,King's Lynn and West Norfolk,http://data.ordnancesurvey.co.uk/id/7000000000007016,http://data.ordnancesurvey.co.uk/ontology/admingeo/District,Norfolk,http://data.ordnancesurvey.co.uk/id/7000000000007238,http://data.ordnancesurvey.co.uk/ontology/admingeo/County,Eastern,http://data.ordnancesurvey.co.uk/id/7000000000041425,England,http://data.ordnancesurvey.co.uk/id/country/england,,,
PE131RN,http://data.ordnancesurvey.co.uk/id/postcodeunit/PE131RN,PE13 1RN,,,,other,Postcode,545491,310125,3500,18000,,,,,,,Wisbech,http://data.ordnancesurvey.co.uk/id/4000000074551318,http://www.ordnancesurvey.co.uk/xml/codelists/localtype.xml#town,Fenland,http://data.ordnancesurvey.co.uk/id/7000000000001357,http://data.ordnancesurvey.co.uk/ontology/admingeo/District,Cambridgeshire,http://data.ordnancesurvey.co.uk/id/7000000000001386,http://data.ordnancesurvey.co.uk/ontology/admingeo/County,Eastern,http://data.ordnancesurvey.co.uk/id/7000000000041425,England,http://data.ordnancesurvey.co.uk/id/country/england,,,
PE148JD,http://data.ordnancesurvey.co.uk/id/postcodeunit/PE148JD,PE14 8JD,,,,other,Postcode,552743,309966,3500,18000,,,,,,,Marshland St James,http://data.ordnancesurvey.co.uk/id/4000000074548753,http://www.ordnancesurvey.co.uk/xml/codelists/localtype.xml#village,King's Lynn and West Norfolk,http://data.ordnancesurvey.co.uk/id/7000000000007016,http://data.ordnancesurvey.co.uk/ontology/admingeo/District,Norfolk,http://data.ordnancesurvey.co.uk/id/7000000000007238,http://data.ordnancesurvey.co.uk/ontology/admingeo/County,Eastern,http://data.ordnancesurvey.co.uk/id/7000000000041425,England,http://data.ordnancesurvey.co.uk/id/country/england,,,
PE343DR,http://data.ordnancesurvey.co.uk/id/postcodeunit/PE343DR,PE34 3DR,,,,other,Postcode,559397,314107,3500,18000,,,,,,,Wiggenhall St Germans,http://data.ordnancesurvey.co.uk/id/4000000074550213,http://www.ordnancesurvey.co.uk/xml/codelists/localtype.xml#village,King's Lynn and West Norfolk,http://data.ordnancesurvey.co.uk/id/7000000000007016,http://data.ordnancesurvey.co.uk/ontology/admingeo/District,Norfolk,http://data.ordnancesurvey.co.uk/id/7000000000007238,http://data.ordnancesurvey.co.uk/ontology/admingeo/County,Eastern,http://data.ordnancesurvey.co.uk/id/7000000000041425,England,http://data.ordnancesurvey.co.uk/id/country/england,,,
PE134SF,http://data.ordnancesurvey.co.uk/id/postcodeunit/PE134SF,PE13 4SF,,,,other,Postcode,541902,308144,3500,18000,,,,,,,Wisbech St Mary,http://data.ordnancesurvey.co.uk/id/4000000074551315,http://www.ordnancesurvey.co.uk/xml/codelists/localtype.xml#village,Fenland,http://data.ordnancesurvey.co.uk/id/7000000000001357,http://data.ordnancesurvey.co.uk/ontology/admingeo/District,Cambridgeshire,http://data.ordnancesurvey.co.uk/id/7000000000001386,http://data.ordnancesurvey.co.uk/ontology/admingeo/County,Eastern,http://data.ordnancesurvey.co.uk/id/7000000000041425,England,http://data.ordnancesurvey.co.uk/id/country/england,,,
PE133DY,http://data.ordnancesurvey.co.uk/id/postcodeunit/PE133DY,PE13 3DY,,,,other,Postcode,546696,310426,3500,18000,,,,,,,Wisbech,http://data.ordnancesurvey.co.uk/id/4000000074551318,http://www.ordnancesurvey.co.uk/xml/codelists/localtype.xml#town,Fenland,http://data.ordnancesurvey.co.uk/id/7000000000001357,http://data.ordnancesurvey.co.uk/ontology/admingeo/District,Cambridgeshire,http://data.ordnancesurvey.co.uk/id/7000000000001386,http://data.ordnancesurvey.co.uk/ontology/admingeo/County,Eastern,http://data.ordnancesurvey.co.uk/id/7000000000041425,England,http://data.ordnancesurvey.co.uk/id/country/england,,,
ee542b01-2575-49a1-844e-56854fcd5909,http://data.ordnancesurvey.co.uk/id/ee542b01-2575-49a1-844e-56854fcd5909,Little Fendike Lane,,,,transportNetwork,Section Of Named Road,550147,306503,1000,25000,550143,306488,550150,306516,PE14,http://data.ordnancesurvey.co.uk/id/postcodedistrict/PE14,Emneth,http://data.ordnancesurvey.co.uk/id/4000000074550948,http://www.ordnancesurvey.co.uk/xml/codelists/localtype.xml#village,King's Lynn and West Norfolk,http://data.ordnancesurvey.co.uk/id/7000000000007016,http://data.ordnancesurvey.co.uk/ontology/admingeo/District,Norfolk,http://data.ordnancesurvey.co.uk/id/7000000000007238,http://data.ordnancesurvey.co.uk/ontology/admingeo/County,Eastern,http://data.ordnancesurvey.co.uk/id/7000000000041425,England,http://data.ordnancesurvey.co.uk/id/country/england,osgb5000005232448761,,
osgb4000000026940370,http://data.ordnancesurvey.co.uk/id/4000000026940370,Carlton Close,,,,transportNetwork,Named Road,544275,311549,1000,20000,544249,311539,544319,311595,PE13,http://data.ordnancesurvey.co.uk/id/postcodedistrict/PE13,Leverington,http://data.ordnancesurvey.co.uk/id/4000000074551313,http://www.ordnancesurvey.co.uk/xml/codelists/localtype.xml#village,Fenland,http://data.ordnancesurvey.co.uk/id/7000000000001357,http://data.ordnancesurvey.co.uk/ontology/admingeo/District,Cambridgeshire,http://data.ordnancesurvey.co.uk/id/7000000000001386,http://data.ordnancesurvey.co.uk/ontology/admingeo/County,Eastern,http://data.ordnancesurvey.co.uk/id/7000000000041425,England,http://data.ordnancesurvey.co.uk/id/country/england,,,
4c288a7e-9090-419a-a363-479776674fac,http://data.ordnancesurvey.co.uk/id/4c288a7e-9090-419a-a363-479776674fac,Fallow Pipe Road,,,,transportNetwork,Section Of Named Road,559678,315328,1000,25000,559644,315327,559713,315342,PE34,http://data.ordnancesurvey.co.uk/id/postcodedistrict/PE34,Wiggenhall St Germans,http://data.ordnancesurvey.co.uk/id/4000000074550213,http://www.ordnancesurvey.co.uk/xml/codelists/localtype.xml#village,King's Lynn and West Norfolk,http://data.ordnancesurvey.co.uk/id/7000000000007016,http://data.ordnancesurvey.co.uk/ontology/admingeo/District,Norfolk,http://data.ordnancesurvey.co.uk/id/7000000000007238,http://data.ordnancesurvey.co.uk/ontology/admingeo/County,Eastern,http://data.ordnancesurvey.co.uk/id/7000000000041425,England,http://data.ordnancesurvey.co.uk/id/country/england,osgb4000000026935311,,
3a93bd8b-a65c-4764-be2d-800aa4c0ba06,http://data.ordnancesurvey.co.uk/id/3a93bd8b-a65c-4764-be2d-800aa4c0ba06,Magdalen Road,,,,transportNetwork,Section Of Named Road,557070,312472,1000,25000,557035,312449,557129,312485,PE34,http://data.ordnancesurvey.co.uk/id/postcodedistrict/PE34,Tilney cum Islington,http://data.ordnancesurvey.co.uk/id/4000000074550575,http://www.ordnancesurvey.co.uk/xml/codelists/localtype.xml#village,King's Lynn and West Norfolk,http://data.ordnancesurvey.co.uk/id/7000000000007016,http://data.ordnancesurvey.co.uk/ontology/admingeo/District,Norfolk,http://data.ordnancesurvey.co.uk/id/7000000000007238,http://data.ordnancesurvey.co.uk/ontology/admingeo/County,Eastern,http://data.ordnancesurvey.co.uk/id/7000000000041425,England,http://data.ordnancesurvey.co.uk/id/country/england,osgb4000000026931775,,
osgb5000005110891334,http://data.ordnancesurvey.co.uk/id/5000005110891334,Wendales Close,,,,transportNetwork,Named Road,550689,317451,1000,20000,550622,317422,550730,317472,PE14,http://data.ordnancesurvey.co.uk/id/postcodedistrict/PE14,Walpole St Peter,http://data.ordnancesurvey.co.uk/id/4000000074550943,http://www.ordnancesurvey.co.uk/xml/codelists/localtype.xml#village,King's Lynn and West Norfolk,http://data.ordnancesurvey.co.uk/id/7000000000007016,http://data.ordnancesurvey.co.uk/ontology/admingeo/District,Norfolk,http://data.ordnancesurvey.co.uk/id/7000000000007238,http://data.ordnancesurvey.co.uk/ontology/admingeo/County,Eastern,http://data.ordnancesurvey.co.uk/id/7000000000041425,England,http://data.ordnancesurvey.co.uk/id/country/england,,,
osgb4000000026940343,http://data.ordnancesurvey.co.uk/id/4000000026940343,Park Street,,,,transportNetwork,Named Road,546574,309558,1000,20000,546553,309512,546602,309596,PE13,http://data.ordnancesurvey.co.uk/id/postcodedistrict/PE13,Wisbech,http://data.ordnancesurvey.co.uk/id/4000000074551318,http://www.ordnancesurvey.co.uk/xml/codelists/localtype.xml#town,Fenland,http://data.ordnancesurvey.co.uk/id/7000000000001357,http://data.ordnancesurvey.co.uk/ontology/admingeo/District,Cambridgeshire,http://data.ordnancesurvey.co.uk/id/7000000000001386,http://data.ordnancesurvey.co.uk/ontology/admingeo/County,Eastern,http://data.ordnancesurvey.co.uk/id/7000000000041425,England,http://data.ordnancesurvey.co.uk/id/country/england,,,
341429f8-0556-41b2-b481-cda8dba370da,http://data.ordnancesurvey.co.uk/id/341429f8-0556-41b2-b481-cda8dba370da,Begdale Road,,,,transportNetwork,Section Of Named Road,546684,306866,3000,25000,546498,306846,546933,306869,PE14,http://data.ordnancesurvey.co.uk/id/postcodedistrict/PE14,Elm,http://data.ordnancesurvey.co.uk/id/4000000074341528,http://www.ordnancesurvey.co.uk/xml/codelists/localtype.xml#village,Fenland,http://data.ordnancesurvey.co.uk/id/7000000000001357,http://data.ordnancesurvey.co.uk/ontology/admingeo/District,Cambridgeshire,http://data.ordnancesurvey.co.uk/id/7000000000001386,http://data.ordnancesurvey.co.uk/ontology/admingeo/County,Eastern,http://data.ordnancesurvey.co.uk/id/7000000000041425,England,http://data.ordnancesurvey.co.uk/id/country/england,osgb4000000026942729,,
osgb4000000026942780,http://data.ordnancesurvey.co.uk/id/4000000026942780,Hawthorne Avenue,,,,transportNetwork,Named Road,546017,311027,1000,20000,546009,311000,546021,311073,PE13,http://data.ordnancesurvey.co.uk/id/postcodedistrict/PE13,Wisbech,http://data.ordnancesurvey.co.uk/id/4000000074551318,http://www.ordnancesurvey.co.uk/xml/codelists/localtype.xml#town,Fenland,http://data.ordnancesurvey.co.uk/id/7000000000001357,http://data.ordnancesurvey.co.uk/ontology/admingeo/District,Cambridgeshire,http://data.ordnancesurvey.co.uk/id/7000000000001386,http://data.ordnancesurvey.co.uk/ontology/admingeo/County,Eastern,http://data.ordnancesurvey.co.uk/id/7000000000041425,England,http://data.ordnancesurvey.co.uk/id/country/england,,,
osgb4000000026937478,http://data.ordnancesurvey.co.uk/id/4000000026937478,Mountbatten Drive,,,,transportNetwork,Named Road,545245,310910,1000,20000,545225,310815,545369,310957,PE13,http://data.ordnancesurvey.co.uk/id/postcodedistrict/PE13,Wisbech,http://data.ordnancesurvey.co.uk/id/4000000074551318,http://www.ordnancesurvey.co.uk/xml/codelists/localtype.xml#town,Fenland,http://data.ordnancesurvey.co.uk/id/7000000000001357,http://data.ordnancesurvey.co.uk/ontology/admingeo/District,Cambridgeshire,http://data.ordnancesurvey.co.uk/id/7000000000001386,http://data.ordnancesurvey.co.uk/ontology/admingeo/County,Eastern,http://data.ordnancesurvey.co.uk/id/7000000000041425,England,http://data.ordnancesurvey.co.uk/id/country/england,,,
osgb4000000026940316,http://data.ordnancesurvey.co.uk/id/4000000026940316,Kingfisher Drive,,,,transportNetwork,Named Road,546740,308199,1000,20000,546722,308168,546749,308225,PE13,http://data.ordnancesurvey.co.uk/id/postcodedistrict/PE13,Wisbech,http://data.ordnancesurvey.co.uk/id/4000000074551318,http://www.ordnancesurvey.co.uk/xml/codelists/localtype.xml#town,Fenland,http://data.ordnancesurvey.co.uk/id/7000000000001357,http://data.ordnancesurvey.co.uk/ontology/admingeo/District,Cambridgeshire,http://data.ordnancesurvey.co.uk/id/7000000000001386,http://data.ordnancesurvey.co.uk/ontology/admingeo/County,Eastern,http://data.ordnancesurvey.co.uk/id/7000000000041425,England,http://data.ordnancesurvey.co.uk/id/country/england,,,
osgb4000000027030220,http://data.ordnancesurvey.co.uk/id/4000000027030220,The Wroe,,,,transportNetwork,Named Road,549016,306671,7000,20000,548380,306352,549515,307078,PE14,http://data.ordnancesurvey.co.uk/id/postcodedistrict/PE14,Emneth,http://data.ordnancesurvey.co.uk/id/4000000074550948,http://www.ordnancesurvey.co.uk/xml/codelists/localtype.xml#village,King's Lynn and West Norfolk,http://data.ordnancesurvey.co.uk/id/7000000000007016,http://data.ordnancesurvey.co.uk/ontology/admingeo/District,Norfolk,http://data.ordnancesurvey.co.uk/id/7000000000007238,http://data.ordnancesurvey.co.uk/ontology/admingeo/County,Eastern,http://data.ordnancesurvey.co.uk/id/7000000000041425,England,http://data.ordnancesurvey.co.uk/id/country/england,,,
osgb4000000027021819,http://data.ordnancesurvey.co.uk/id/4000000027021819,Glebe Gardens,,,,transportNetwork,Named Road,540069,303775,1000,20000,540048,303733,540107,303801,PE13,http://data.ordnancesurvey.co.uk/id/postcodedistrict/PE13,Guyhirn,http://data.ordnancesurvey.co.uk/id/4000000074550590,http://www.ordnancesurvey.co.uk/xml/codelists/localtype.xml#village,Fenland,http://data.ordnancesurvey.co.uk/id/7000000000001357,http://data.ordnancesurvey.co.uk/ontology/admingeo/District,Cambridgeshire,http://data.ordnancesurvey.co.uk/id/7000000000001386,http://data.ordnancesurvey.co.uk/ontology/admingeo/County,Eastern,http://data.ordnancesurvey.co.uk/id/7000000000041425,England,http://data.ordnancesurvey.co.uk/id/country/england,,,
osgb4000000026935137,http://data.ordnancesurvey.co.uk/id/4000000026935137,Boyces Road,,,,transportNetwork,Named Road,547172,309637,2000,20000,546996,309539,547287,309759,PE13,http://data.ordnancesurvey.co.uk/id/postcodedistrict/PE13,Wisbech,http://data.ordnancesurvey.co.uk/id/4000000074551318,http://www.ordnancesurvey.co.uk/xml/codelists/localtype.xml#town,Fenland,http://data.ordnancesurvey.co.uk/id/7000000000001357,http://data.ordnancesurvey.co.uk/ontology/admingeo/District,Cambridgeshire,http://data.ordnancesurvey.co.uk/id/7000000000001386,http://data.ordnancesurvey.co.uk/ontology/admingeo/County,Eastern,http://data.ordnancesurvey.co.uk/id/7000000000041425,England,http://data.ordnancesurvey.co.uk/id/country/england,,,
23a18703-f9ba-4d4d-965a-dcec58af203c,http://data.ordnancesurvey.co.uk/id/23a18703-f9ba-4d4d-965a-dcec58af203c,Burrett Road,,,,transportNetwork,Section Of Named Road,548081,310603,5000,25000,548057,310202,548172,310990,PE13,http://data.ordnancesurvey.co.uk/id/postcodedistrict/PE13,Wisbech,http://data.ordnancesurvey.co.uk/id/4000000074551318,http://www.ordnancesurvey.co.uk/xml/codelists/localtype.xml#town,King's Lynn and West Norfolk,http://data.ordnancesurvey.co.uk/id/7000000000007016,http://data.ordnancesurvey.co.uk/ontology/admingeo/District,Norfolk,http://data.ordnancesurvey.co.uk/id/7000000000007238,http://data.ordnancesurvey.co.uk/ontology/admingeo/County,Eastern,http://data.ordnancesurvey.co.uk/id/7000000000041425,England,http://data.ordnancesurvey.co.uk/id/country/england,osgb4000000026932299,,
a691ec5e-bac3-4880-905b-4b58b0cc8f6a,http://data.ordnancesurvey.co.uk/id/a691ec5e-bac3-4880-905b-4b58b0cc8f6a,Station Road,,,,transportNetwork,Section Of Named Road,542164,308678,6000,25000,541844,308173,542354,309045,PE13,http://data.ordnancesurvey.co.uk/id/postcodedistrict/PE13,Wisbech St Mary,http://data.ordnancesurvey.co.uk/id/4000000074551315,http://www.ordnancesurvey.co.uk/xml/codelists/localtype.xml#village,Fenland,http://data.ordnancesurvey.co.uk/id/7000000000001357,http://data.ordnancesurvey.co.uk/ontology/admingeo/District,Cambridgeshire,http://data.ordnancesurvey.co.uk/id/7000000000001386,http://data.ordnancesurvey.co.uk/ontology/admingeo/County,Eastern,http://data.ordnancesurvey.co.uk/id/7000000000041425,England,http://data.ordnancesurvey.co.uk/id/country/england,osgb4000000026933495,,
f514d17a-2c7c-4095-9bb0-272333229c9f,http://data.ordnancesurvey.co.uk/id/f514d17a-2c7c-4095-9bb0-272333229c9f,Twenty Foot Road,,,,transportNetwork,Section Of Named Road,542088,300136,1000,25000,542002,300122,542119,300172,PE15,http://data.ordnancesurvey.co.uk/id/postcodedistrict/PE15,Chainbridge,http://data.ordnancesurvey.co.uk/id/4000000074550587,http://www.ordnancesurvey.co.uk/xml/codelists/localtype.xml#hamlet,Fenland,http://data.ordnancesurvey.co.uk/id/7000000000001357,http://data.ordnancesurvey.co.uk/ontology/admingeo/District,Cambridgeshire,http://data.ordnancesurvey.co.uk/id/7000000000001386,http://data.ordnancesurvey.co.uk/ontology/admingeo/County,Eastern,http://data.ordnancesurvey.co.uk/id/7000000000041425,England,http://data.ordnancesurvey.co.uk/id/country/england,osgb4000000026931704,,
osgb4000000026937411,http://data.ordnancesurvey.co.uk/id/4000000026937411,Church Road,,,,transportNetwork,Named Road,546688,304828,1000,20000,546607,304799,546793,304848,PE14,http://data.ordnancesurvey.co.uk/id/postcodedistrict/PE14,Friday Bridge,http://data.ordnancesurvey.co.uk/id/4000000074550225,http://www.ordnancesurvey.co.uk/xml/codelists/localtype.xml#village,Fenland,http://data.ordnancesurvey.co.uk/id/7000000000001357,http://data.ordnancesurvey.co.uk/ontology/admingeo/District,Cambridgeshire,http://data.ordnancesurvey.co.uk/id/7000000000001386,http://data.ordnancesurvey.co.uk/ontology/admingeo/County,Eastern,http://data.ordnancesurvey.co.uk/id/7000000000041425,England,http://data.ordnancesurvey.co.uk/id/country/england,,,
osgb4000000026935163,http://data.ordnancesurvey.co.uk/id/4000000026935163,Tinker's Drove,,,,transportNetwork,Named Road,546675,310743,4000,20000,546635,310415,546718,311031,PE13,http://data.ordnancesurvey.co.uk/id/postcodedistrict/PE13,Wisbech,http://data.ordnancesurvey.co.uk/id/4000000074551318,http://www.ordnancesurvey.co.uk/xml/codelists/localtype.xml#town,Fenland,http://data.ordnancesurvey.co.uk/id/7000000000001357,http://data.ordnancesurvey.co.uk/ontology/admingeo/District,Cambridgeshire,http://data.ordnancesurvey.co.uk/id/7000000000001386,http://data.ordnancesurvey.co.uk/ontology/admingeo/County,Eastern,http://data.ordnancesurvey.co.uk/id/7000000000041425,England,http://data.ordnancesurvey.co.uk/id/country/england,,,
52f475f5-4ffc-4312-836f-7375b1f84684,http://data.ordnancesurvey.co.uk/id/52f475f5-4ffc-4312-836f-7375b1f84684,Fitton Road,,,,transportNetwork,Section Of Named Road,559379,313484,7000,25000,559291,312976,559505,313996,PE34,http://data.ordnancesurvey.co.uk/id/postcodedistrict/PE34,Wiggenhall St Germans,http://data.ordnancesurvey.co.uk/id/4000000074550213,http://www.ordnancesurvey.co.uk/xml/codelists/localtype.xml#village,King's Lynn and West Norfolk,http://data.ordnancesurvey.co.uk/id/7000000000007016,http://data.ordnancesurvey.co.uk/ontology/admingeo/District,Norfolk,http://data.ordnancesurvey.co.uk/id/7000000000007238,http://data.ordnancesurvey.co.uk/ontology/admingeo/County,Eastern,http://data.ordnancesurvey.co.uk/id/7000000000041425,England,http://data.ordnancesurvey.co.uk/id/country/england,osgb4000000026931780,,
osgb4000000026937496,http://data.ordnancesurvey.co.uk/id/4000000026937496,Horse Fair,,,,transportNetwork,Named Road,546217,309824,1000,20000,546196,309763,546247,309892,PE13,http://data.ordnancesurvey.co.uk/id/postcodedistrict/PE13,Wisbech,http://data.ordnancesurvey.co.uk/id/4000000074551318,http://www.ordnancesurvey.co.uk/xml/codelists/localtype.xml#town,Fenland,http://data.ordnancesurvey.co.uk/id/7000000000001357,http://data.ordnancesurvey.co.uk/ontology/admingeo/District,Cambridgeshire,http://data.ordnancesurvey.co.uk/id/7000000000001386,http://data.ordnancesurvey.co.uk/ontology/admingeo/County,Eastern,http://data.ordnancesurvey.co.uk/id/7000000000041425,England,http://data.ordnancesurvey.co.uk/id/country/england,,,
osgb5000005220543914,http://data.ordnancesurvey.co.uk/id/5000005220543914,Fenmen Place,,,,transportNetwork,Named Road,547279,310411,1000,20000,547200,310360,547351,310478,PE13,http://data.ordnancesurvey.co.uk/id/postcodedistrict/PE13,Wisbech,http://data.ordnancesurvey.co.uk/id/4000000074551318,http://www.ordnancesurvey.co.uk/xml/codelists/localtype.xml#town,Fenland,http://data.ordnancesurvey.co.uk/id/7000000000001357,http://data.ordnancesurvey.co.uk/ontology/admingeo/District,Cambridgeshire,http://data.ordnancesurvey.co.uk/id/7000000000001386,http://data.ordnancesurvey.co.uk/ontology/admingeo/County,Eastern,http://data.ordnancesurvey.co.uk/id/7000000000041425,England,http://data.ordnancesurvey.co.uk/id/country/england,,,
osgb4000000026937648,http://data.ordnancesurvey.co.uk/id/4000000026937648,School Road,,,,transportNetwork,Named Road,559363,314117,2000,20000,559289,313996,559463,314253,PE34,http://data.ordnancesurvey.co.uk/id/postcodedistrict/PE34,Wiggenhall St Germans,http://data.ordnancesurvey.co.uk/id/4000000074550213,http://www.ordnancesurvey.co.uk/xml/codelists/localtype.xml#village,King's Lynn and West Norfolk,http://data.ordnancesurvey.co.uk/id/7000000000007016,http://data.ordnancesurvey.co.uk/ontology/admingeo/District,Norfolk,http://data.ordnancesurvey.co.uk/id/7000000000007238,http://data.ordnancesurvey.co.uk/ontology/admingeo/County,Eastern,http://data.ordnancesurvey.co.uk/id/7000000000041425,England,http://data.ordnancesurvey.co.uk/id/country/england,,,
osgb4000000026933718,http://data.ordnancesurvey.co.uk/id/4000000026933718,Black Horse Road,,,,transportNetwork,Named Road,558484,319992,4000,20000,558128,319772,558808,320367,PE34,http://data.ordnancesurvey.co.uk/id/postcodedistrict/PE34,Clenchwarton,http://data.ordnancesurvey.co.uk/id/4000000074548398,http://www.ordnancesurvey.co.uk/xml/codelists/localtype.xml#village,King's Lynn and West Norfolk,http://data.ordnancesurvey.co.uk/id/7000000000007016,http://data.ordnancesurvey.co.uk/ontology/admingeo/District,Norfolk,http://data.ordnancesurvey.co.uk/id/7000000000007238,http://data.ordnancesurvey.co.uk/ontology/admingeo/County,Eastern,http://data.ordnancesurvey.co.uk/id/7000000000041425,England,http://data.ordnancesurvey.co.uk/id/country/england,,,
osgb4000000026948386,http://data.ordnancesurvey.co.uk/id/4000000026948386,Mill Lane,,,,transportNetwork,Named Road,544717,318565,1000,20000,544668,318510,544764,318680,PE13,http://data.ordnancesurvey.co.uk/id/postcodedistrict/PE13,Tydd St Mary,http://data.ordnancesurvey.co.uk/id/4000000074548410,http://www.ordnancesurvey.co.uk/xml/codelists/localtype.xml#village,South Holland,http://data.ordnancesurvey.co.uk/id/7000000000005599,http://data.ordnancesurvey.co.uk/ontology/admingeo/District,Lincolnshire,http://data.ordnancesurvey.co.uk/id/7000000000005942,http://data.ordnancesurvey.co.uk/ontology/admingeo/County,East Midlands,http://data.ordnancesurvey.co.uk/id/7000000000041423,England,http://data.ordnancesurvey.co.uk/id/country/england,,,
osgb4000000026937522,http://data.ordnancesurvey.co.uk/id/4000000026937522,Wistaria Road,,,,transportNetwork,Named Road,547610,310666,3000,20000,547409,310603,547796,310693,PE13,http://data.ordnancesurvey.co.uk/id/postcodedistrict/PE13,Wisbech,http://data.ordnancesurvey.co.uk/id/4000000074551318,http://www.ordnancesurvey.co.uk/xml/codelists/localtype.xml#town,Fenland,http://data.ordnancesurvey.co.uk/id/7000000000001357,http://data.ordnancesurvey.co.uk/ontology/admingeo/District,Cambridgeshire,http://data.ordnancesurvey.co.uk/id/7000000000001386,http://data.ordnancesurvey.co.uk/ontology/admingeo/County,Eastern,http://data.ordnancesurvey.co.uk/id/7000000000041425,England,http://data.ordnancesurvey.co.uk/id/country/england,,,
osgb4000000026940332,http://data.ordnancesurvey.co.uk/id/4000000026940332,John Thompson Road,,,,transportNetwork,Named Road,546512,309138,1000,20000,546501,309109,546512,309187,PE13,http://data.ordnancesurvey.co.uk/id/postcodedistrict/PE13,Wisbech,http://data.ordnancesurvey.co.uk/id/4000000074551318,http://www.ordnancesurvey.co.uk/xml/codelists/localtype.xml#town,Fenland,http://data.ordnancesurvey.co.uk/id/7000000000001357,http://data.ordnancesurvey.co.uk/ontology/admingeo/District,Cambridgeshire,http://data.ordnancesurvey.co.uk/id/7000000000001386,http://data.ordnancesurvey.co.uk/ontology/admingeo/County,Eastern,http://data.ordnancesurvey.co.uk/id/7000000000041425,England,http://data.ordnancesurvey.co.uk/id/country/england,,,
cb04a60e-fb35-410f-ab75-35bedd151f1c,http://data.ordnancesurvey.co.uk/id/cb04a60e-fb35-410f-ab75-35bedd151f1c,School Road,,,,transportNetwork,Section Of Named Road,547785,313115,8000,25000,547121,313090,548382,313307,PE14,http://data.ordnancesurvey.co.uk/id/postcodedistrict/PE14,West Walton,http://data.ordnancesurvey.co.uk/id/4000000074552041,http://www.ordnancesurvey.co.uk/xml/codelists/localtype.xml#village,King's Lynn and West Norfolk,http://data.ordnancesurvey.co.uk/id/7000000000007016,http://data.ordnancesurvey.co.uk/ontology/admingeo/District,Norfolk,http://data.ordnancesurvey.co.uk/id/7000000000007238,http://data.ordnancesurvey.co.uk/ontology/admingeo/County,Eastern,http://data.ordnancesurvey.co.uk/id/7000000000041425,England,http://data.ordnancesurvey.co.uk/id/country/england,osgb4000000026931768,,
cbbd8d66-28db-41f8-abf8-0965852bdca7,http://data.ordnancesurvey.co.uk/id/cbbd8d66-28db-41f8-abf8-0965852bdca7,Pius Drove,,,,transportNetwork,Section Of Named Road,550671,303287,2000,25000,550539,303109,550804,303439,PE14,http://data.ordnancesurvey.co.uk/id/postcodedistrict/PE14,Upwell,http://data.ordnancesurvey.co.uk/id/4000000074550938,http://www.ordnancesurvey.co.uk/xml/codelists/localtype.xml#village,King's Lynn and West Norfolk,http://data.ordnancesurvey.co.uk/id/7000000000007016,http://data.ordnancesurvey.co.uk/ontology/admingeo/District,Norfolk,http://data.ordnancesurvey.co.uk/id/7000000000007238,http://data.ordnancesurvey.co.uk/ontology/admingeo/County,Eastern,http://data.ordnancesurvey.co.uk/id/7000000000041425,England,http://data.ordnancesurvey.co.uk/id/country/england,osgb4000000026933447,,
512c6183-68b1-41df-a6c8-ee49a0b5a3bc,http://data.ordnancesurvey.co.uk/id/512c6183-68b1-41df-a6c8-ee49a0b5a3bc,Pingle Lane,,,,transportNetwork,Section Of Named Road,551306,319870,1000,25000,551306,319826,551308,319912,PE34,http://data.ordnancesurvey.co.uk/id/postcodedistrict/PE34,Walpole Cross Keys,http://data.ordnancesurvey.co.uk/id/4000000074548396,http://www.ordnancesurvey.co.uk/xml/codelists/localtype.xml#village,King's Lynn and West Norfolk,http://data.ordnancesurvey.co.uk/id/7000000000007016,http://data.ordnancesurvey.co.uk/ontology/admingeo/District,Norfolk,http://data.ordnancesurvey.co.uk/id/7000000000007238,http://data.ordnancesurvey.co.uk/ontology/admingeo/County,Eastern,http://data.ordnancesurvey.co.uk/id/7000000000041425,England,http://data.ordnancesurvey.co.uk/id/country/england,osgb5000005232275772,,
8139bc46-9975-49b2-888b-d6b822040406,http://data.ordnancesurvey.co.uk/id/8139bc46-9975-49b2-888b-d6b822040406,Redmoor Lane,,,,transportNetwork,Section Of Named Road,545577,306422,1000,25000,545494,306310,545641,306520,PE14,http://data.ordnancesurvey.co.uk/id/postcodedistrict/PE14,Begdale,http://data.ordnancesurvey.co.uk/id/4000000074550949,http://www.ordnancesurvey.co.uk/xml/codelists/localtype.xml#hamlet,Fenland,http://data.ordnancesurvey.co.uk/id/7000000000001357,http://data.ordnancesurvey.co.uk/ontology/admingeo/District,Cambridgeshire,http://data.ordnancesurvey.co.uk/id/7000000000001386,http://data.ordnancesurvey.co.uk/ontology/admingeo/County,Eastern,http://data.ordnancesurvey.co.uk/id/7000000000041425,England,http://data.ordnancesurvey.co.uk/id/country/england,osgb4000000026933503,,
5b880ee8-cc5a-4a3d-8013-ab83f316f17b,http://data.ordnancesurvey.co.uk/id/5b880ee8-cc5a-4a3d-8013-ab83f316f17b,Mill Road,,,,transportNetwork,Section Of Named Road,550835,316124,3000,25000,550746,315888,550928,316381,PE14,http://data.ordnancesurvey.co.uk/id/postcodedistrict/PE14,Walpole St Peter,http://data.ordnancesurvey.co.uk/id/4000000074550943,http://www.ordnancesurvey.co.uk/xml/codelists/localtype.xml#village,King's Lynn and West Norfolk,http://data.ordnancesurvey.co.uk/id/7000000000007016,http://data.ordnancesurvey.co.uk/ontology/admingeo/District,Norfolk,http://data.ordnancesurvey.co.uk/id/7000000000007238,http://data.ordnancesurvey.co.uk/ontology/admingeo/County,Eastern,http://data.ordnancesurvey.co.uk/id/7000000000041425,England,http://data.ordnancesurvey.co.uk/id/country/england,osgb4000000026931783,,
01b1acad-175d-4d63-bce8-b5bb4453cdc0,http://data.ordnancesurvey.co.uk/id/01b1acad-175d-4d63-bce8-b5bb4453cdc0,Sutton Gate,,,,transportNetwork,Section Of Named Road,540151,318433,1000,25000,540151,318254,540209,318444,PE12,http://data.ordnancesurvey.co.uk/id/postcodedistrict/PE12,Sutton St James,http://data.ordnancesurvey.co.uk/id/4000000074548771,http://www.ordnancesurvey.co.uk/xml/codelists/localtype.xml#village,South Holland,http://data.ordnancesurvey.co.uk/id/7000000000005599,http://data.ordnancesurvey.co.uk/ontology/admingeo/District,Lincolnshire,http://data.ordnancesurvey.co.uk/id/7000000000005942,http://data.ordnancesurvey.co.uk/ontology/admingeo/County,East Midlands,http://data.ordnancesurvey.co.uk/id/7000000000041423,England,http://data.ordnancesurvey.co.uk/id/country/england,osgb4000000026932354,,
95698db3-3a67-4095-8615-6bd0d365ec26,http://data.ordnancesurvey.co.uk/id/95698db3-3a67-4095-8615-6bd0d365ec26,Shepherdsgate Road,,,,transportNetwork,Section Of Named Road,556102,317423,2000,25000,556029,317274,556230,317526,PE34,http://data.ordnancesurvey.co.uk/id/postcodedistrict/PE34,Tilney High End,http://data.ordnancesurvey.co.uk/id/4000000074550940,http://www.ordnancesurvey.co.uk/xml/codelists/localtype.xml#village,King's Lynn and West Norfolk,http://data.ordnancesurvey.co.uk/id/7000000000007016,http://data.ordnancesurvey.co.uk/ontology/admingeo/District,Norfolk,http://data.ordnancesurvey.co.uk/id/7000000000007238,http://data.ordnancesurvey.co.uk/ontology/admingeo/County,Eastern,http://data.ordnancesurvey.co.uk/id/7000000000041425,England,http://data.ordnancesurvey.co.uk/id/country/england,osgb4000000026933691,,
c5e76a4b-1572-410a-99a7-cff0361eb751,http://data.ordnancesurvey.co.uk/id/c5e76a4b-1572-410a-99a7-cff0361eb751,Redmoor Bank,,,,transportNetwork,Section Of Named Road,545821,304833,1000,25000,545805,304802,545827,304889,PE14,http://data.ordnancesurvey.co.uk/id/postcodedistrict/PE14,Friday Bridge,http://data.ordnancesurvey.co.uk/id/4000000074550225,http://www.ordnancesurvey.co.uk/xml/codelists/localtype.xml#village,Fenland,http://data.ordnancesurvey.co.uk/id/7000000000001357,http://data.ordnancesurvey.co.uk/ontology/admingeo/District,Cambridgeshire,http://data.ordnancesurvey.co.uk/id/7000000000001386,http://data.ordnancesurvey.co.uk/ontology/admingeo/County,Eastern,http://data.ordnancesurvey.co.uk/id/7000000000041425,England,http://data.ordnancesurvey.co.uk/id/country/england,osgb4000000026932269,,
4f2a3147-c3f3-4e48-ae98-7263e9e4eab4,http://data.ordnancesurvey.co.uk/id/4f2a3147-c3f3-4e48-ae98-7263e9e4eab4,Townsend Road,,,,transportNetwork,Section Of Named Road,550430,300529,1000,25000,550426,300505,550445,300536,PE14,http://data.ordnancesurvey.co.uk/id/postcodedistrict/PE14,Three Holes,http://data.ordnancesurvey.co.uk/id/4000000074550936,http://www.ordnancesurvey.co.uk/xml/codelists/localtype.xml#village,King's Lynn and West Norfolk,http://data.ordnancesurvey.co.uk/id/7000000000007016,http://data.ordnancesurvey.co.uk/ontology/admingeo/District,Norfolk,http://data.ordnancesurvey.co.uk/id/7000000000007238,http://data.ordnancesurvey.co.uk/ontology/admingeo/County,Eastern,http://data.ordnancesurvey.co.uk/id/7000000000041425,England,http://data.ordnancesurvey.co.uk/id/country/england,osgb4000000026933440,,
0f40b35a-c542-4ebf-a183-50f9b3f4a467,http://data.ordnancesurvey.co.uk/id/0f40b35a-c542-4ebf-a183-50f9b3f4a467,Kirkham's Lane,,,,transportNetwork,Section Of Named Road,548434,306295,1000,25000,548357,306232,548522,306372,PE14,http://data.ordnancesurvey.co.uk/id/postcodedistrict/PE14,Elm,http://data.ordnancesurvey.co.uk/id/4000000074341528,http://www.ordnancesurvey.co.uk/xml/codelists/localtype.xml#village,Fenland,http://data.ordnancesurvey.co.uk/id/7000000000001357,http://data.ordnancesurvey.co.uk/ontology/admingeo/District,Cambridgeshire,http://data.ordnancesurvey.co.uk/id/7000000000001386,http://data.ordnancesurvey.co.uk/ontology/admingeo/County,Eastern,http://data.ordnancesurvey.co.uk/id/7000000000041425,England,http://data.ordnancesurvey.co.uk/id/country/england,osgb4000000026932393,,
osgb5000005232423663,http://data.ordnancesurvey.co.uk/id/5000005232423663,High Dike Bank,,,,transportNetwork,Named Road,542892,315534,5000,20000,542568,315355,543316,315593,PE13,http://data.ordnancesurvey.co.uk/id/postcodedistrict/PE13,,,,Fenland,http://data.ordnancesurvey.co.uk/id/7000000000001357,http://data.ordnancesurvey.co.uk/ontology/admingeo/District,Cambridgeshire,http://data.ordnancesurvey.co.uk/id/7000000000001386,http://data.ordnancesurvey.co.uk/ontology/admingeo/County,Eastern,http://data.ordnancesurvey.co.uk/id/7000000000041425,England,http://data.ordnancesurvey.co.uk/id/country/england,,,
osgb4000000026935108,http://data.ordnancesurvey.co.uk/id/4000000026935108,Gosmoor Lane,,,,transportNetwork,Named Road,547731,306298,9000,20000,547008,306250,548380,306497,PE14,http://data.ordnancesurvey.co.uk/id/postcodedistrict/PE14,,,,Fenland,http://data.ordnancesurvey.co.uk/id/7000000000001357,http://data.ordnancesurvey.co.uk/ontology/admingeo/District,Cambridgeshire,http://data.ordnancesurvey.co.uk/id/7000000000001386,http://data.ordnancesurvey.co.uk/ontology/admingeo/County,Eastern,http://data.ordnancesurvey.co.uk/id/7000000000041425,England,http://data.ordnancesurvey.co.uk/id/country/england,,,
8bb35d36-7a18-4135-8df6-11c3cb73c8d7,http://data.ordnancesurvey.co.uk/id/8bb35d36-7a18-4135-8df6-11c3cb73c8d7,Gote Lane,,,,transportNetwork,Section Of Named Road,542256,312626,2000,25000,542127,312474,542365,312790,PE13,http://data.ordnancesurvey.co.uk/id/postcodedistrict/PE13,Fitton End,http://data.ordnancesurvey.co.uk/id/4000000074548411,http://www.ordnancesurvey.co.uk/xml/codelists/localtype.xml#hamlet,Fenland,http://data.ordnancesurvey.co.uk/id/7000000000001357,http://data.ordnancesurvey.co.uk/ontology/admingeo/District,Cambridgeshire,http://data.ordnancesurvey.co.uk/id/7000000000001386,http://data.ordnancesurvey.co.uk/ontology/admingeo/County,Eastern,http://data.ordnancesurvey.co.uk/id/7000000000041425,England,http://data.ordnancesurvey.co.uk/id/country/england,osgb4000000026933524,,
651c0351-4ca3-49b7-b040-45b565498b2f,http://data.ordnancesurvey.co.uk/id/651c0351-4ca3-49b7-b040-45b565498b2f,Townsend Road,,,,transportNetwork,Section Of Named Road,550827,301123,4000,25000,550569,300860,551000,301408,PE14,http://data.ordnancesurvey.co.uk/id/postcodedistrict/PE14,Plaw Field,http://data.ordnancesurvey.co.uk/id/4000000074550937,http://www.ordnancesurvey.co.uk/xml/codelists/localtype.xml#hamlet,King's Lynn and West Norfolk,http://data.ordnancesurvey.co.uk/id/7000000000007016,http://data.ordnancesurvey.co.uk/ontology/admingeo/District,Norfolk,http://data.ordnancesurvey.co.uk/id/7000000000007238,http://data.ordnancesurvey.co.uk/ontology/admingeo/County,Eastern,http://data.ordnancesurvey.co.uk/id/7000000000041425,England,http://data.ordnancesurvey.co.uk/id/country/england,osgb4000000026933440,,
2762137d-bbef-4b84-8779-7af848c3a1d1,http://data.ordnancesurvey.co.uk/id/2762137d-bbef-4b84-8779-7af848c3a1d1,Wisbech Road,,,,transportNetwork,Section Of Named Road,550084,317560,4000,25000,549774,317388,550438,317676,PE14,http://data.ordnancesurvey.co.uk/id/postcodedistrict/PE14,Walpole St Andrew,http://data.ordnancesurvey.co.uk/id/4000000074550944,http://www.ordnancesurvey.co.uk/xml/codelists/localtype.xml#village,King's Lynn and West Norfolk,http://data.ordnancesurvey.co.uk/id/7000000000007016,http://data.ordnancesurvey.co.uk/ontology/admingeo/District,Norfolk,http://data.ordnancesurvey.co.uk/id/7000000000007238,http://data.ordnancesurvey.co.uk/ontology/admingeo/County,Eastern,http://data.ordnancesurvey.co.uk/id/7000000000041425,England,http://data.ordnancesurvey.co.uk/id/country/england,osgb4000000026931784,,
cbacca7c-9ef5-4afe-ad18-519219143c98,http://data.ordnancesurvey.co.uk/id/cbacca7c-9ef5-4afe-ad18-519219143c98,Lynn Road,,,,transportNetwork,Section Of Named Road,555170,315593,1000,25000,555132,315516,555198,315671,PE34,http://data.ordnancesurvey.co.uk/id/postcodedistrict/PE34,Tilney St Lawrence,http://data.ordnancesurvey.co.uk/id/4000000074550579,http://www.ordnancesurvey.co.uk/xml/codelists/localtype.xml#village,King's Lynn and West Norfolk,http://data.ordnancesurvey.co.uk/id/7000000000007016,http://data.ordnancesurvey.co.uk/ontology/admingeo/District,Norfolk,http://data.ordnancesurvey.co.uk/id/7000000000007238,http://data.ordnancesurvey.co.uk/ontology/admingeo/County,Eastern,http://data.ordnancesurvey.co.uk/id/7000000000041425,England,http://data.ordnancesurvey.co.uk/id/country/england,osgb4000000026932447,,
9efc5cf3-afaf-4741-a5a8-60738d4cc4d9,http://data.ordnancesurvey.co.uk/id/9efc5cf3-afaf-4741-a5a8-60738d4cc4d9,Roger's Drove,,,,transportNetwork,Section Of Named Road,545017,316806,1000,25000,544980,316805,545060,316808,PE13,http://data.ordnancesurvey.co.uk/id/postcodedistrict/PE13,Four Gotes,http://data.ordnancesurvey.co.uk/id/4000000074326100,http://www.ordnancesurvey.co.uk/xml/codelists/localtype.xml#village,Fenland,http://data.ordnancesurvey.co.uk/id/7000000000001357,http://data.ordnancesurvey.co.uk/ontology/admingeo/District,Cambridgeshire,http://data.ordnancesurvey.co.uk/id/7000000000001386,http://data.ordnancesurvey.co.uk/ontology/admingeo/County,Eastern,http://data.ordnancesurvey.co.uk/id/7000000000041425,England,http://data.ordnancesurvey.co.uk/id/country/england,osgb5000005232274513,,
ad81818b-b0df-45af-a353-0956e607d3a8,http://data.ordnancesurvey.co.uk/id/ad81818b-b0df-45af-a353-0956e607d3a8,Bar Drove,,,,transportNetwork,Section Of Named Road,547610,305202,1000,25000,547610,305201,547611,305202,PE14,http://data.ordnancesurvey.co.uk/id/postcodedistrict/PE14,Friday Bridge,http://data.ordnancesurvey.co.uk/id/4000000074550225,http://www.ordnancesurvey.co.uk/xml/codelists/localtype.xml#village,Fenland,http://data.ordnancesurvey.co.uk/id/7000000000001357,http://data.ordnancesurvey.co.uk/ontology/admingeo/District,Cambridgeshire,http://data.ordnancesurvey.co.uk/id/7000000000001386,http://data.ordnancesurvey.co.uk/ontology/admingeo/County,Eastern,http://data.ordnancesurvey.co.uk/id/7000000000041425,England,http://data.ordnancesurvey.co.uk/id/country/england,osgb4000000026932271,,
osgb4000000027008306,http://data.ordnancesurvey.co.uk/id/4000000027008306,Wickfield Court,,,,transportNetwork,Named Road,546946,309037,1000,20000,546908,308992,546967,309093,PE13,http://data.ordnancesurvey.co.uk/id/postcodedistrict/PE13,Wisbech,http://data.ordnancesurvey.co.uk/id/4000000074551318,http://www.ordnancesurvey.co.uk/xml/codelists/localtype.xml#town,Fenland,http://data.ordnancesurvey.co.uk/id/7000000000001357,http://data.ordnancesurvey.co.uk/ontology/admingeo/District,Cambridgeshire,http://data.ordnancesurvey.co.uk/id/7000000000001386,http://data.ordnancesurvey.co.uk/ontology/admingeo/County,Eastern,http://data.ordnancesurvey.co.uk/id/7000000000041425,England,http://data.ordnancesurvey.co.uk/id/country/england,,,
osgb4000000026933523,http://data.ordnancesurvey.co.uk/id/4000000026933523,Hassock Hill Drove,,,,transportNetwork,Named Road,540933,312384,4000,20000,540912,312060,540977,312678,PE13,http://data.ordnancesurvey.co.uk/id/postcodedistrict/PE13,,,,Fenland,http://data.ordnancesurvey.co.uk/id/7000000000001357,http://data.ordnancesurvey.co.uk/ontology/admingeo/District,Cambridgeshire,http://data.ordnancesurvey.co.uk/id/7000000000001386,http://data.ordnancesurvey.co.uk/ontology/admingeo/County,Eastern,http://data.ordnancesurvey.co.uk/id/7000000000041425,England,http://data.ordnancesurvey.co.uk/id/country/england,,,
0dd2a2a1-fef3-4f1f-91c6-04ec9ba5abbd,http://data.ordnancesurvey.co.uk/id/0dd2a2a1-fef3-4f1f-91c6-04ec9ba5abbd,Hope Lane,,,,transportNetwork,Section Of Named Road,553292,310195,1000,25000,553262,310144,553312,310233,PE14,http://data.ordnancesurvey.co.uk/id/postcodedistrict/PE14,St John's Fen End,http://data.ordnancesurvey.co.uk/id/4000000074548752,http://www.ordnancesurvey.co.uk/xml/codelists/localtype.xml#village,King's Lynn and West Norfolk,http://data.ordnancesurvey.co.uk/id/7000000000007016,http://data.ordnancesurvey.co.uk/ontology/admingeo/District,Norfolk,http://data.ordnancesurvey.co.uk/id/7000000000007238,http://data.ordnancesurvey.co.uk/ontology/admingeo/County,Eastern,http://data.ordnancesurvey.co.uk/id/7000000000041425,England,http://data.ordnancesurvey.co.uk/id/country/england,osgb5000005223258791,,
1dba7367-0ed3-41cc-932f-131c5b5618a0,http://data.ordnancesurvey.co.uk/id/1dba7367-0ed3-41cc-932f-131c5b5618a0,Lynn Road,,,,transportNetwork,Section Of Named Road,559709,311527,3000,25000,559701,311286,559728,311764,PE34,http://data.ordnancesurvey.co.uk/id/postcodedistrict/PE34,Wiggenhall St Mary Magdalen,http://data.ordnancesurvey.co.uk/id/4000000074548392,http://www.ordnancesurvey.co.uk/xml/codelists/localtype.xml#village,King's Lynn and West Norfolk,http://data.ordnancesurvey.co.uk/id/7000000000007016,http://data.ordnancesurvey.co.uk/ontology/admingeo/District,Norfolk,http://data.ordnancesurvey.co.uk/id/7000000000007238,http://data.ordnancesurvey.co.uk/ontology/admingeo/County,Eastern,http://data.ordnancesurvey.co.uk/id/7000000000041425,England,http://data.ordnancesurvey.co.uk/id/country/england,osgb4000000026933669,,
7b80bb73-895d-4330-a106-4859a924d2e3,http://data.ordnancesurvey.co.uk/id/7b80bb73-895d-4330-a106-4859a924d2e3,Stockdale Chase,,,,transportNetwork,Section Of Named Road,554667,312140,1000,25000,554615,312128,554692,312160,PE34,http://data.ordnancesurvey.co.uk/id/postcodedistrict/PE34,Tilney St Lawrence,http://data.ordnancesurvey.co.uk/id/4000000074550579,http://www.ordnancesurvey.co.uk/xml/codelists/localtype.xml#village,King's Lynn and West Norfolk,http://data.ordnancesurvey.co.uk/id/7000000000007016,http://data.ordnancesurvey.co.uk/ontology/admingeo/District,Norfolk,http://data.ordnancesurvey.co.uk/id/7000000000007238,http://data.ordnancesurvey.co.uk/ontology/admingeo/County,Eastern,http://data.ordnancesurvey.co.uk/id/7000000000041425,England,http://data.ordnancesurvey.co.uk/id/country/england,osgb5000005232449052,,
osgb4000000026933440,http://data.ordnancesurvey.co.uk/id/4000000026933440,Townsend Road,,,,transportNetwork,Named Road,550693,300938,6000,20000,550351,300505,551000,301408,PE14,http://data.ordnancesurvey.co.uk/id/postcodedistrict/PE14,Plaw Field,http://data.ordnancesurvey.co.uk/id/4000000074550937,http://www.ordnancesurvey.co.uk/xml/codelists/localtype.xml#hamlet,King's Lynn and West Norfolk,http://data.ordnancesurvey.co.uk/id/7000000000007016,http://data.ordnancesurvey.co.uk/ontology/admingeo/District,Norfolk,http://data.ordnancesurvey.co.uk/id/7000000000007238,http://data.ordnancesurvey.co.uk/ontology/admingeo/County,Eastern,http://data.ordnancesurvey.co.uk/id/7000000000041425,England,http://data.ordnancesurvey.co.uk/id/country/england,,,
osgb4000000026935126,http://data.ordnancesurvey.co.uk/id/4000000026935126,Corporation Road,,,,transportNetwork,Named Road,546640,308595,2000,20000,546605,308441,546741,308701,PE13,http://data.ordnancesurvey.co.uk/id/postcodedistrict/PE13,Wisbech,http://data.ordnancesurvey.co.uk/id/4000000074551318,http://www.ordnancesurvey.co.uk/xml/codelists/localtype.xml#town,Fenland,http://data.ordnancesurvey.co.uk/id/7000000000001357,http://data.ordnancesurvey.co.uk/ontology/admingeo/District,Cambridgeshire,http://data.ordnancesurvey.co.uk/id/7000000000001386,http://data.ordnancesurvey.co.uk/ontology/admingeo/County,Eastern,http://data.ordnancesurvey.co.uk/id/7000000000041425,England,http://data.ordnancesurvey.co.uk/id/country/england,,,
osgb4000000026933506,http://data.ordnancesurvey.co.uk/id/4000000026933506,Magazine Lane,,,,transportNetwork,Named Road,545041,309105,5000,20000,544728,309013,545455,309139,PE13,http://data.ordnancesurvey.co.uk/id/postcodedistrict/PE13,Wisbech,http://data.ordnancesurvey.co.uk/id/4000000074551318,http://www.ordnancesurvey.co.uk/xml/codelists/localtype.xml#town,Fenland,http://data.ordnancesurvey.co.uk/id/7000000000001357,http://data.ordnancesurvey.co.uk/ontology/admingeo/District,Cambridgeshire,http://data.ordnancesurvey.co.uk/id/7000000000001386,http://data.ordnancesurvey.co.uk/ontology/admingeo/County,Eastern,http://data.ordnancesurvey.co.uk/id/7000000000041425,England,http://data.ordnancesurvey.co.uk/id/country/england,,,
osgb4000000026933657,http://data.ordnancesurvey.co.uk/id/4000000026933657,Ward's Chase,,,,transportNetwork,Named Road,559608,306096,4000,20000,559494,305809,559776,306381,PE34,http://data.ordnancesurvey.co.uk/id/postcodedistrict/PE34,,,,King's Lynn and West Norfolk,http://data.ordnancesurvey.co.uk/id/7000000000007016,http://data.ordnancesurvey.co.uk/ontology/admingeo/District,Norfolk,http://data.ordnancesurvey.co.uk/id/7000000000007238,http://data.ordnancesurvey.co.uk/ontology/admingeo/County,Eastern,http://data.ordnancesurvey.co.uk/id/7000000000041425,England,http://data.ordnancesurvey.co.uk/id/country/england,,,
osgb4000000026942779,http://data.ordnancesurvey.co.uk/id/4000000026942779,Oaklands Drive,,,,transportNetwork,Named Road,547675,310880,1000,20000,547664,310876,547715,310890,PE13,http://data.ordnancesurvey.co.uk/id/postcodedistrict/PE13,Wisbech,http://data.ordnancesurvey.co.uk/id/4000000074551318,http://www.ordnancesurvey.co.uk/xml/codelists/localtype.xml#town,Fenland,http://data.ordnancesurvey.co.uk/id/7000000000001357,http://data.ordnancesurvey.co.uk/ontology/admingeo/District,Cambridgeshire,http://data.ordnancesurvey.co.uk/id/7000000000001386,http://data.ordnancesurvey.co.uk/ontology/admingeo/County,Eastern,http://data.ordnancesurvey.co.uk/id/7000000000041425,England,http://data.ordnancesurvey.co.uk/id/country/england,,,
osgb4000000026955407,http://data.ordnancesurvey.co.uk/id/4000000026955407,Church Close,,,,transportNetwork,Named Road,550073,317485,1000,20000,550052,317485,550073,317494,PE14,http://data.ordnancesurvey.co.uk/id/postcodedistrict/PE14,Walpole St Andrew,http://data.ordnancesurvey.co.uk/id/4000000074550944,http://www.ordnancesurvey.co.uk/xml/codelists/localtype.xml#village,King's Lynn and West Norfolk,http://data.ordnancesurvey.co.uk/id/7000000000007016,http://data.ordnancesurvey.co.uk/ontology/admingeo/District,Norfolk,http://data.ordnancesurvey.co.uk/id/7000000000007238,http://data.ordnancesurvey.co.uk/ontology/admingeo/County,Eastern,http://data.ordnancesurvey.co.uk/id/7000000000041425,England,http://data.ordnancesurvey.co.uk/id/country/england,,,
osgb4000000026942696,http://data.ordnancesurvey.co.uk/id/4000000026942696,Millfield,,,,transportNetwork,Named Road,550938,303246,1000,20000,550900,303219,550960,303277,PE14,http://data.ordnancesurvey.co.uk/id/postcodedistrict/PE14,Upwell,http://data.ordnancesurvey.co.uk/id/4000000074550938,http://www.ordnancesurvey.co.uk/xml/codelists/localtype.xml#village,King's Lynn and West Norfolk,http://data.ordnancesurvey.co.uk/id/7000000000007016,http://data.ordnancesurvey.co.uk/ontology/admingeo/District,Norfolk,http://data.ordnancesurvey.co.uk/id/7000000000007238,http://data.ordnancesurvey.co.uk/ontology/admingeo/County,Eastern,http://data.ordnancesurvey.co.uk/id/7000000000041425,England,http://data.ordnancesurvey.co.uk/id/country/england,,,
osgb4000000026943896,http://data.ordnancesurvey.co.uk/id/4000000026943896,Walpole Bank,,,,transportNetwork,Named Road,548805,316262,6000,20000,548457,315852,549042,316744,PE14,http://data.ordnancesurvey.co.uk/id/postcodedistrict/PE14,,,,King's Lynn and West Norfolk,http://data.ordnancesurvey.co.uk/id/7000000000007016,http://data.ordnancesurvey.co.uk/ontology/admingeo/District,Norfolk,http://data.ordnancesurvey.co.uk/id/7000000000007238,http://data.ordnancesurvey.co.uk/ontology/admingeo/County,Eastern,http://data.ordnancesurvey.co.uk/id/7000000000041425,England,http://data.ordnancesurvey.co.uk/id/country/england,,,
osgb4000000026940559,http://data.ordnancesurvey.co.uk/id/4000000026940559,Lovell Way,,,,transportNetwork,Named Road,554526,319953,1000,20000,554512,319914,554531,319993,PE34,http://data.ordnancesurvey.co.uk/id/postcodedistrict/PE34,Terrington St Clement,http://data.ordnancesurvey.co.uk/id/4000000074548395,http://www.ordnancesurvey.co.uk/xml/codelists/localtype.xml#otherSettlement,King's Lynn and West Norfolk,http://data.ordnancesurvey.co.uk/id/7000000000007016,http://data.ordnancesurvey.co.uk/ontology/admingeo/District,Norfolk,http://data.ordnancesurvey.co.uk/id/7000000000007238,http://data.ordnancesurvey.co.uk/ontology/admingeo/County,Eastern,http://data.ordnancesurvey.co.uk/id/7000000000041425,England,http://data.ordnancesurvey.co.uk/id/country/england,,,
osgb4000000026931726,http://data.ordnancesurvey.co.uk/id/4000000026931726,Long Drove,,,,transportNetwork,Named Road,543070,303924,20000,21000,541380,302919,544639,305016,PE14,http://data.ordnancesurvey.co.uk/id/postcodedistrict/PE14,,,,Fenland,http://data.ordnancesurvey.co.uk/id/7000000000001357,http://data.ordnancesurvey.co.uk/ontology/admingeo/District,Cambridgeshire,http://data.ordnancesurvey.co.uk/id/7000000000001386,http://data.ordnancesurvey.co.uk/ontology/admingeo/County,Eastern,http://data.ordnancesurvey.co.uk/id/7000000000041425,England,http://data.ordnancesurvey.co.uk/id/country/england,,,
osgb5000005232421380,http://data.ordnancesurvey.co.uk/id/5000005232421380,Mill Drove,,,,transportNetwork,Named Road,549139,302485,2000,20000,548978,302353,549322,302602,PE14,http://data.ordnancesurvey.co.uk/id/postcodedistrict/PE14,,,,King's Lynn and West Norfolk,http://data.ordnancesurvey.co.uk/id/7000000000007016,http://data.ordnancesurvey.co.uk/ontology/admingeo/District,Norfolk,http://data.ordnancesurvey.co.uk/id/7000000000007238,http://data.ordnancesurvey.co.uk/ontology/admingeo/County,Eastern,http://data.ordnancesurvey.co.uk/id/7000000000041425,England,http://data.ordnancesurvey.co.uk/id/country/england,,,
osgb4000000026935293,http://data.ordnancesurvey.co.uk/id/4000000026935293,Springfield Road,,,,transportNetwork,Named Road,550000,317248,3000,20000,549835,317093,550266,317417,PE14,http://data.ordnancesurvey.co.uk/id/postcodedistrict/PE14,Walpole St Andrew,http://data.ordnancesurvey.co.uk/id/4000000074550944,http://www.ordnancesurvey.co.uk/xml/codelists/localtype.xml#village,King's Lynn and West Norfolk,http://data.ordnancesurvey.co.uk/id/7000000000007016,http://data.ordnancesurvey.co.uk/ontology/admingeo/District,Norfolk,http://data.ordnancesurvey.co.uk/id/7000000000007238,http://data.ordnancesurvey.co.uk/ontology/admingeo/County,Eastern,http://data.ordnancesurvey.co.uk/id/7000000000041425,England,http://data.ordnancesurvey.co.uk/id/country/england,,,
osgb4000000026933653,http://data.ordnancesurvey.co.uk/id/4000000026933653,Spice Chase,,,,transportNetwork,Named Road,555086,312874,6000,20000,554594,312485,555273,313336,PE34,http://data.ordnancesurvey.co.uk/id/postcodedistrict/PE34,Tilney St Lawrence,http://data.ordnancesurvey.co.uk/id/4000000074550579,http://www.ordnancesurvey.co.uk/xml/codelists/localtype.xml#village,King's Lynn and West Norfolk,http://data.ordnancesurvey.co.uk/id/7000000000007016,http://data.ordnancesurvey.co.uk/ontology/admingeo/District,Norfolk,http://data.ordnancesurvey.co.uk/id/7000000000007238,http://data.ordnancesurvey.co.uk/ontology/admingeo/County,Eastern,http://data.ordnancesurvey.co.uk/id/7000000000041425,England,http://data.ordnancesurvey.co.uk/id/country/england,,,
osgb4000000026940406,http://data.ordnancesurvey.co.uk/id/4000000026940406,Musticott Place,,,,transportNetwork,Named Road,547777,310307,1000,20000,547721,310285,547778,310307,PE13,http://data.ordnancesurvey.co.uk/id/postcodedistrict/PE13,Wisbech,http://data.ordnancesurvey.co.uk/id/4000000074551318,http://www.ordnancesurvey.co.uk/xml/codelists/localtype.xml#town,Fenland,http://data.ordnancesurvey.co.uk/id/7000000000001357,http://data.ordnancesurvey.co.uk/ontology/admingeo/District,Cambridgeshire,http://data.ordnancesurvey.co.uk/id/7000000000001386,http://data.ordnancesurvey.co.uk/ontology/admingeo/County,Eastern,http://data.ordnancesurvey.co.uk/id/7000000000041425,England,http://data.ordnancesurvey.co.uk/id/country/england,,,
osgb4000000026940404,http://data.ordnancesurvey.co.uk/id/4000000026940404,Baxter Close,,,,transportNetwork,Named Road,547194,310018,1000,20000,547138,310004,547231,310045,PE13,http://data.ordnancesurvey.co.uk/id/postcodedistrict/PE13,Wisbech,http://data.ordnancesurvey.co.uk/id/4000000074551318,http://www.ordnancesurvey.co.uk/xml/codelists/localtype.xml#town,Fenland,http://data.ordnancesurvey.co.uk/id/7000000000001357,http://data.ordnancesurvey.co.uk/ontology/admingeo/District,Cambridgeshire,http://data.ordnancesurvey.co.uk/id/7000000000001386,http://data.ordnancesurvey.co.uk/ontology/admingeo/County,Eastern,http://data.ordnancesurvey.co.uk/id/7000000000041425,England,http://data.ordnancesurvey.co.uk/id/country/england,,,
osgb4000000026932298,http://data.ordnancesurvey.co.uk/id/4000000026932298,Osborne Road,,,,transportNetwork,Named Road,546002,311206,7000,20000,545917,310627,546105,311762,PE13,http://data.ordnancesurvey.co.uk/id/postcodedistrict/PE13,Wisbech,http://data.ordnancesurvey.co.uk/id/4000000074551318,http://www.ordnancesurvey.co.uk/xml/codelists/localtype.xml#town,Fenland,http://data.ordnancesurvey.co.uk/id/7000000000001357,http://data.ordnancesurvey.co.uk/ontology/admingeo/District,Cambridgeshire,http://data.ordnancesurvey.co.uk/id/7000000000001386,http://data.ordnancesurvey.co.uk/ontology/admingeo/County,Eastern,http://data.ordnancesurvey.co.uk/id/7000000000041425,England,http://data.ordnancesurvey.co.uk/id/country/england,,,
osgb4000000026935157,http://data.ordnancesurvey.co.uk/id/4000000026935157,Chase Street,,,,transportNetwork,Named Road,546191,310170,3000,20000,546138,309963,546236,310389,PE13,http://data.ordnancesurvey.co.uk/id/postcodedistrict/PE13,Wisbech,http://data.ordnancesurvey.co.uk/id/4000000074551318,http://www.ordnancesurvey.co.uk/xml/codelists/localtype.xml#town,Fenland,http://data.ordnancesurvey.co.uk/id/7000000000001357,http://data.ordnancesurvey.co.uk/ontology/admingeo/District,Cambridgeshire,http://data.ordnancesurvey.co.uk/id/7000000000001386,http://data.ordnancesurvey.co.uk/ontology/admingeo/County,Eastern,http://data.ordnancesurvey.co.uk/id/7000000000041425,England,http://data.ordnancesurvey.co.uk/id/country/england,,,
14b34349-dcaa-4345-bae3-ed38126a9525,http://data.ordnancesurvey.co.uk/id/14b34349-dcaa-4345-bae3-ed38126a9525,Goose's Lane,,,,transportNetwork,Section Of Named Road,550118,317649,1000,25000,550020,317649,550118,317688,PE14,http://data.ordnancesurvey.co.uk/id/postcodedistrict/PE14,Walpole St Andrew,http://data.ordnancesurvey.co.uk/id/4000000074550944,http://www.ordnancesurvey.co.uk/xml/codelists/localtype.xml#village,King's Lynn and West Norfolk,http://data.ordnancesurvey.co.uk/id/7000000000007016,http://data.ordnancesurvey.co.uk/ontology/admingeo/District,Norfolk,http://data.ordnancesurvey.co.uk/id/7000000000007238,http://data.ordnancesurvey.co.uk/ontology/admingeo/County,Eastern,http://data.ordnancesurvey.co.uk/id/7000000000041425,England,http://data.ordnancesurvey.co.uk/id/country/england,osgb4000000026932439,,
osgb4000000026937473,http://data.ordnancesurvey.co.uk/id/4000000026937473,Churchill Road,,,,transportNetwork,Named Road,542222,312000,1000,20000,542162,311881,542274,312103,PE13,http://data.ordnancesurvey.co.uk/id/postcodedistrict/PE13,Gorefield,http://data.ordnancesurvey.co.uk/id/4000000074551667,http://www.ordnancesurvey.co.uk/xml/codelists/localtype.xml#village,Fenland,http://data.ordnancesurvey.co.uk/id/7000000000001357,http://data.ordnancesurvey.co.uk/ontology/admingeo/District,Cambridgeshire,http://data.ordnancesurvey.co.uk/id/7000000000001386,http://data.ordnancesurvey.co.uk/ontology/admingeo/County,Eastern,http://data.ordnancesurvey.co.uk/id/7000000000041425,England,http://data.ordnancesurvey.co.uk/id/country/england,,,
osgb4000000026940394,http://data.ordnancesurvey.co.uk/id/4000000026940394,Mount Pleasant Road,,,,transportNetwork,Named Road,546316,310527,5000,20000,545985,310385,546679,310710,PE13,http://data.ordnancesurvey.co.uk/id/postcodedistrict/PE13,Wisbech,http://data.ordnancesurvey.co.uk/id/4000000074551318,http://www.ordnancesurvey.co.uk/xml/codelists/localtype.xml#town,Fenland,http://data.ordnancesurvey.co.uk/id/7000000000001357,http://data.ordnancesurvey.co.uk/ontology/admingeo/District,Cambridgeshire,http://data.ordnancesurvey.co.uk/id/7000000000001386,http://data.ordnancesurvey.co.uk/ontology/admingeo/County,Eastern,http://data.ordnancesurvey.co.uk/id/7000000000041425,England,http://data.ordnancesurvey.co.uk/id/country/england,,,
osgb4000000026940407,http://data.ordnancesurvey.co.uk/id/4000000026940407,Chapnall Close,,,,transportNetwork,Named Road,547926,310313,1000,20000,547913,310313,547971,310379,PE13,http://data.ordnancesurvey.co.uk/id/postcodedistrict/PE13,Wisbech,http://data.ordnancesurvey.co.uk/id/4000000074551318,http://www.ordnancesurvey.co.uk/xml/codelists/localtype.xml#town,King's Lynn and West Norfolk,http://data.ordnancesurvey.co.uk/id/7000000000007016,http://data.ordnancesurvey.co.uk/ontology/admingeo/District,Norfolk,http://data.ordnancesurvey.co.uk/id/7000000000007238,http://data.ordnancesurvey.co.uk/ontology/admingeo/County,Eastern,http://data.ordnancesurvey.co.uk/id/7000000000041425,England,http://data.ordnancesurvey.co.uk/id/country/england,,,
osgb4000000026942771,http://data.ordnancesurvey.co.uk/id/4000000026942771,Clarkson Court,,,,transportNetwork,Named Road,546617,310277,1000,20000,546617,310277,546669,310278,PE13,http://data.ordnancesurvey.co.uk/id/postcodedistrict/PE13,Wisbech,http://data.ordnancesurvey.co.uk/id/4000000074551318,http://www.ordnancesurvey.co.uk/xml/codelists/localtype.xml#town,Fenland,http://data.ordnancesurvey.co.uk/id/7000000000001357,http://data.ordnancesurvey.co.uk/ontology/admingeo/District,Cambridgeshire,http://data.ordnancesurvey.co.uk/id/7000000000001386,http://data.ordnancesurvey.co.uk/ontology/admingeo/County,Eastern,http://data.ordnancesurvey.co.uk/id/7000000000041425,England,http://data.ordnancesurvey.co.uk/id/country/england,,,
osgb4000000026940305,http://data.ordnancesurvey.co.uk/id/4000000026940305,Ecton Grove,,,,transportNetwork,Named Road,546915,306520,1000,20000,546888,306507,546946,306542,PE14,http://data.ordnancesurvey.co.uk/id/postcodedistrict/PE14,Elm,http://data.ordnancesurvey.co.uk/id/4000000074341528,http://www.ordnancesurvey.co.uk/xml/codelists/localtype.xml#village,Fenland,http://data.ordnancesurvey.co.uk/id/7000000000001357,http://data.ordnancesurvey.co.uk/ontology/admingeo/District,Cambridgeshire,http://data.ordnancesurvey.co.uk/id/7000000000001386,http://data.ordnancesurvey.co.uk/ontology/admingeo/County,Eastern,http://data.ordnancesurvey.co.uk/id/7000000000041425,England,http://data.ordnancesurvey.co.uk/id/country/england,,,
e1ff0401-cc9c-4365-a797-8326bb2c8af0,http://data.ordnancesurvey.co.uk/id/e1ff0401-cc9c-4365-a797-8326bb2c8af0,Mill Lane,,,,transportNetwork,Section Of Named Road,551756,313387,2000,25000,551630,313318,551897,313446,PE14,http://data.ordnancesurvey.co.uk/id/postcodedistrict/PE14,Walpole Highway,http://data.ordnancesurvey.co.uk/id/4000000074550945,http://www.ordnancesurvey.co.uk/xml/codelists/localtype.xml#village,King's Lynn and West Norfolk,http://data.ordnancesurvey.co.uk/id/7000000000007016,http://data.ordnancesurvey.co.uk/ontology/admingeo/District,Norfolk,http://data.ordnancesurvey.co.uk/id/7000000000007238,http://data.ordnancesurvey.co.uk/ontology/admingeo/County,Eastern,http://data.ordnancesurvey.co.uk/id/7000000000041425,England,http://data.ordnancesurvey.co.uk/id/country/england,osgb4000000026932407,,
osgb4000000073331822,http://data.ordnancesurvey.co.uk/id/4000000073331822,St Germans Primary School,,,,other,Primary Education,559318,314251,1000,50000,559068,314001,559568,314501,PE34,http://data.ordnancesurvey.co.uk/id/postcodedistrict/PE34,Wiggenhall St Germans,http://data.ordnancesurvey.co.uk/id/4000000074550213,http://www.ordnancesurvey.co.uk/xml/codelists/localtype.xml#village,King's Lynn and West Norfolk,http://data.ordnancesurvey.co.uk/id/7000000000007016,http://data.ordnancesurvey.co.uk/ontology/admingeo/District,Norfolk,http://data.ordnancesurvey.co.uk/id/7000000000007238,http://data.ordnancesurvey.co.uk/ontology/admingeo/County,Eastern,http://data.ordnancesurvey.co.uk/id/7000000000041425,England,http://data.ordnancesurvey.co.uk/id/country/england,,,
osgb4000000026932397,http://data.ordnancesurvey.co.uk/id/4000000026932397,Hall Dike,,,,transportNetwork,Named Road,551378,305188,6000,20000,550940,304741,551854,305624,PE14,http://data.ordnancesurvey.co.uk/id/postcodedistrict/PE14,,,,King's Lynn and West Norfolk,http://data.ordnancesurvey.co.uk/id/7000000000007016,http://data.ordnancesurvey.co.uk/ontology/admingeo/District,Norfolk,http://data.ordnancesurvey.co.uk/id/7000000000007238,http://data.ordnancesurvey.co.uk/ontology/admingeo/County,Eastern,http://data.ordnancesurvey.co.uk/id/7000000000041425,England,http://data.ordnancesurvey.co.uk/id/country/england,,,
osgb4000000073496494,http://data.ordnancesurvey.co.uk/id/4000000073496494,Terrington St John County Primary School,,,,other,Primary Education,553794,313870,1000,50000,553519,313636,554019,314136,PE14,http://data.ordnancesurvey.co.uk/id/postcodedistrict/PE14,,,,King's Lynn and West Norfolk,http://data.ordnancesurvey.co.uk/id/7000000000007016,http://data.ordnancesurvey.co.uk/ontology/admingeo/District,Norfolk,http://data.ordnancesurvey.co.uk/id/7000000000007238,http://data.ordnancesurvey.co.uk/ontology/admingeo/County,Eastern,http://data.ordnancesurvey.co.uk/id/7000000000041425,England,http://data.ordnancesurvey.co.uk/id/country/england,,,
osgb4000000073332427,http://data.ordnancesurvey.co.uk/id/4000000073332427,Kinderley Primary School,,,,other,Primary Education,542681,315934,1000,50000,542433,315684,542933,316184,PE13,http://data.ordnancesurvey.co.uk/id/postcodedistrict/PE13,Tydd St Giles,http://data.ordnancesurvey.co.uk/id/4000000074548770,http://www.ordnancesurvey.co.uk/xml/codelists/localtype.xml#village,Fenland,http://data.ordnancesurvey.co.uk/id/7000000000001357,http://data.ordnancesurvey.co.uk/ontology/admingeo/District,Cambridgeshire,http://data.ordnancesurvey.co.uk/id/7000000000001386,http://data.ordnancesurvey.co.uk/ontology/admingeo/County,Eastern,http://data.ordnancesurvey.co.uk/id/7000000000041425,England,http://data.ordnancesurvey.co.uk/id/country/england,,,
osgb4000000026937408,http://data.ordnancesurvey.co.uk/id/4000000026937408,Chapel Avenue,,,,transportNetwork,Named Road,541708,307998,1000,20000,541672,307931,541747,308058,PE13,http://data.ordnancesurvey.co.uk/id/postcodedistrict/PE13,Wisbech St Mary,http://data.ordnancesurvey.co.uk/id/4000000074551315,http://www.ordnancesurvey.co.uk/xml/codelists/localtype.xml#village,Fenland,http://data.ordnancesurvey.co.uk/id/7000000000001357,http://data.ordnancesurvey.co.uk/ontology/admingeo/District,Cambridgeshire,http://data.ordnancesurvey.co.uk/id/7000000000001386,http://data.ordnancesurvey.co.uk/ontology/admingeo/County,Eastern,http://data.ordnancesurvey.co.uk/id/7000000000041425,England,http://data.ordnancesurvey.co.uk/id/country/england,,,
osgb4000000026932267,http://data.ordnancesurvey.co.uk/id/4000000026932267,New Drove,,,,transportNetwork,Named Road,542548,306920,8000,20000,541919,306570,543171,307294,PE13,http://data.ordnancesurvey.co.uk/id/postcodedistrict/PE13,,,,Fenland,http://data.ordnancesurvey.co.uk/id/7000000000001357,http://data.ordnancesurvey.co.uk/ontology/admingeo/District,Cambridgeshire,http://data.ordnancesurvey.co.uk/id/7000000000001386,http://data.ordnancesurvey.co.uk/ontology/admingeo/County,Eastern,http://data.ordnancesurvey.co.uk/id/7000000000041425,England,http://data.ordnancesurvey.co.uk/id/country/england,,,
osgb5000005122440854,http://data.ordnancesurvey.co.uk/id/5000005122440854,Europa Square,,,,transportNetwork,Named Road,545642,308186,1000,20000,545616,308183,545671,308208,PE13,http://data.ordnancesurvey.co.uk/id/postcodedistrict/PE13,Wisbech,http://data.ordnancesurvey.co.uk/id/4000000074551318,http://www.ordnancesurvey.co.uk/xml/codelists/localtype.xml#town,Fenland,http://data.ordnancesurvey.co.uk/id/7000000000001357,http://data.ordnancesurvey.co.uk/ontology/admingeo/District,Cambridgeshire,http://data.ordnancesurvey.co.uk/id/7000000000001386,http://data.ordnancesurvey.co.uk/ontology/admingeo/County,Eastern,http://data.ordnancesurvey.co.uk/id/7000000000041425,England,http://data.ordnancesurvey.co.uk/id/country/england,,,
osgb5000005232276638,http://data.ordnancesurvey.co.uk/id/5000005232276638,Five Mile Bank,,,,transportNetwork,Named Road,554956,317388,10000,20000,554144,316655,555201,318261,PE34,http://data.ordnancesurvey.co.uk/id/postcodedistrict/PE34,,,,King's Lynn and West Norfolk,http://data.ordnancesurvey.co.uk/id/7000000000007016,http://data.ordnancesurvey.co.uk/ontology/admingeo/District,Norfolk,http://data.ordnancesurvey.co.uk/id/7000000000007238,http://data.ordnancesurvey.co.uk/ontology/admingeo/County,Eastern,http://data.ordnancesurvey.co.uk/id/7000000000041425,England,http://data.ordnancesurvey.co.uk/id/country/england,,,
osgb4000000027015826,http://data.ordnancesurvey.co.uk/id/4000000027015826,Earl Street,,,,transportNetwork,Named Road,546563,309334,1000,20000,546550,309327,546617,309353,PE13,http://data.ordnancesurvey.co.uk/id/postcodedistrict/PE13,Wisbech,http://data.ordnancesurvey.co.uk/id/4000000074551318,http://www.ordnancesurvey.co.uk/xml/codelists/localtype.xml#town,Fenland,http://data.ordnancesurvey.co.uk/id/7000000000001357,http://data.ordnancesurvey.co.uk/ontology/admingeo/District,Cambridgeshire,http://data.ordnancesurvey.co.uk/id/7000000000001386,http://data.ordnancesurvey.co.uk/ontology/admingeo/County,Eastern,http://data.ordnancesurvey.co.uk/id/7000000000041425,England,http://data.ordnancesurvey.co.uk/id/country/england,,,
osgb4000000026933452,http://data.ordnancesurvey.co.uk/id/4000000026933452,Langhorn's Lane,,,,transportNetwork,Named Road,552364,304215,5000,20000,552012,303646,552785,304352,PE14,http://data.ordnancesurvey.co.uk/id/postcodedistrict/PE14,Outwell,http://data.ordnancesurvey.co.uk/id/4000000074548389,http://www.ordnancesurvey.co.uk/xml/codelists/localtype.xml#village,King's Lynn and West Norfolk,http://data.ordnancesurvey.co.uk/id/7000000000007016,http://data.ordnancesurvey.co.uk/ontology/admingeo/District,Norfolk,http://data.ordnancesurvey.co.uk/id/7000000000007238,http://data.ordnancesurvey.co.uk/ontology/admingeo/County,Eastern,http://data.ordnancesurvey.co.uk/id/7000000000041425,England,http://data.ordnancesurvey.co.uk/id/country/england,,,
osgb4000000027001609,http://data.ordnancesurvey.co.uk/id/4000000027001609,Greens Lane,,,,transportNetwork,Named Road,555526,318530,6000,20000,555093,318102,555793,319023,PE34,http://data.ordnancesurvey.co.uk/id/postcodedistrict/PE34,,,,King's Lynn and West Norfolk,http://data.ordnancesurvey.co.uk/id/7000000000007016,http://data.ordnancesurvey.co.uk/ontology/admingeo/District,Norfolk,http://data.ordnancesurvey.co.uk/id/7000000000007238,http://data.ordnancesurvey.co.uk/ontology/admingeo/County,Eastern,http://data.ordnancesurvey.co.uk/id/7000000000041425,England,http://data.ordnancesurvey.co.uk/id/country/england,,,
osgb4000000026937485,http://data.ordnancesurvey.co.uk/id/4000000026937485,Gull Lane,,,,transportNetwork,Named Road,543803,311972,1000,20000,543786,311907,543804,312040,PE13,http://data.ordnancesurvey.co.uk/id/postcodedistrict/PE13,Leverington,http://data.ordnancesurvey.co.uk/id/4000000074551313,http://www.ordnancesurvey.co.uk/xml/codelists/localtype.xml#village,Fenland,http://data.ordnancesurvey.co.uk/id/7000000000001357,http://data.ordnancesurvey.co.uk/ontology/admingeo/District,Cambridgeshire,http://data.ordnancesurvey.co.uk/id/7000000000001386,http://data.ordnancesurvey.co.uk/ontology/admingeo/County,Eastern,http://data.ordnancesurvey.co.uk/id/7000000000041425,England,http://data.ordnancesurvey.co.uk/id/country/england,,,
osgb4000000026932286,http://data.ordnancesurvey.co.uk/id/4000000026932286,Fendyke Lane,,,,transportNetwork,Named Road,542662,311113,10000,20000,542650,310333,542862,311809,PE13,http://data.ordnancesurvey.co.uk/id/postcodedistrict/PE13,,,,Fenland,http://data.ordnancesurvey.co.uk/id/7000000000001357,http://data.ordnancesurvey.co.uk/ontology/admingeo/District,Cambridgeshire,http://data.ordnancesurvey.co.uk/id/7000000000001386,http://data.ordnancesurvey.co.uk/ontology/admingeo/County,Eastern,http://data.ordnancesurvey.co.uk/id/7000000000041425,England,http://data.ordnancesurvey.co.uk/id/country/england,,,
osgb4000000026935180,http://data.ordnancesurvey.co.uk/id/4000000026935180,Beatrice Road,,,,transportNetwork,Named Road,546750,311027,1000,20000,546643,310983,546865,311075,PE13,http://data.ordnancesurvey.co.uk/id/postcodedistrict/PE13,Wisbech,http://data.ordnancesurvey.co.uk/id/4000000074551318,http://www.ordnancesurvey.co.uk/xml/codelists/localtype.xml#town,Fenland,http://data.ordnancesurvey.co.uk/id/7000000000001357,http://data.ordnancesurvey.co.uk/ontology/admingeo/District,Cambridgeshire,http://data.ordnancesurvey.co.uk/id/7000000000001386,http://data.ordnancesurvey.co.uk/ontology/admingeo/County,Eastern,http://data.ordnancesurvey.co.uk/id/7000000000041425,England,http://data.ordnancesurvey.co.uk/id/country/england,,,
osgb4000000026937498,http://data.ordnancesurvey.co.uk/id/4000000026937498,Verdun Road,,,,transportNetwork,Named Road,546677,309706,1000,20000,546652,309679,546687,309778,PE13,http://data.ordnancesurvey.co.uk/id/postcodedistrict/PE13,Wisbech,http://data.ordnancesurvey.co.uk/id/4000000074551318,http://www.ordnancesurvey.co.uk/xml/codelists/localtype.xml#town,Fenland,http://data.ordnancesurvey.co.uk/id/7000000000001357,http://data.ordnancesurvey.co.uk/ontology/admingeo/District,Cambridgeshire,http://data.ordnancesurvey.co.uk/id/7000000000001386,http://data.ordnancesurvey.co.uk/ontology/admingeo/County,Eastern,http://data.ordnancesurvey.co.uk/id/7000000000041425,England,http://data.ordnancesurvey.co.uk/id/country/england,,,
osgb4000000026937523,http://data.ordnancesurvey.co.uk/id/4000000026937523,Burrett Gardens,,,,transportNetwork,Named Road,548131,310449,1000,20000,548062,310430,548209,310474,PE13,http://data.ordnancesurvey.co.uk/id/postcodedistrict/PE13,Wisbech,http://data.ordnancesurvey.co.uk/id/4000000074551318,http://www.ordnancesurvey.co.uk/xml/codelists/localtype.xml#town,King's Lynn and West Norfolk,http://data.ordnancesurvey.co.uk/id/7000000000007016,http://data.ordnancesurvey.co.uk/ontology/admingeo/District,Norfolk,http://data.ordnancesurvey.co.uk/id/7000000000007238,http://data.ordnancesurvey.co.uk/ontology/admingeo/County,Eastern,http://data.ordnancesurvey.co.uk/id/7000000000041425,England,http://data.ordnancesurvey.co.uk/id/country/england,,,
osgb4000000073332136,http://data.ordnancesurvey.co.uk/id/4000000073332136,Tilney All Saints Church Of England Voluntary Controlled Primary School,,,,other,Primary Education,556253,317349,1000,50000,556000,317099,556500,317599,PE34,http://data.ordnancesurvey.co.uk/id/postcodedistrict/PE34,Tilney High End,http://data.ordnancesurvey.co.uk/id/4000000074550940,http://www.ordnancesurvey.co.uk/xml/codelists/localtype.xml#village,King's Lynn and West Norfolk,http://data.ordnancesurvey.co.uk/id/7000000000007016,http://data.ordnancesurvey.co.uk/ontology/admingeo/District,Norfolk,http://data.ordnancesurvey.co.uk/id/7000000000007238,http://data.ordnancesurvey.co.uk/ontology/admingeo/County,Eastern,http://data.ordnancesurvey.co.uk/id/7000000000041425,England,http://data.ordnancesurvey.co.uk/id/country/england,,,
3249dd29-04f3-4966-bbf2-0d76df7ce778,http://data.ordnancesurvey.co.uk/id/3249dd29-04f3-4966-bbf2-0d76df7ce778,Fen Road,,,,transportNetwork,Section Of Named Road,541999,312857,1000,25000,541998,312844,542000,312931,PE13,http://data.ordnancesurvey.co.uk/id/postcodedistrict/PE13,Fitton End,http://data.ordnancesurvey.co.uk/id/4000000074548411,http://www.ordnancesurvey.co.uk/xml/codelists/localtype.xml#hamlet,Fenland,http://data.ordnancesurvey.co.uk/id/7000000000001357,http://data.ordnancesurvey.co.uk/ontology/admingeo/District,Cambridgeshire,http://data.ordnancesurvey.co.uk/id/7000000000001386,http://data.ordnancesurvey.co.uk/ontology/admingeo/County,Eastern,http://data.ordnancesurvey.co.uk/id/7000000000041425,England,http://data.ordnancesurvey.co.uk/id/country/england,osgb4000000026932289,,
796c35d5-60f7-40c5-92d8-d9f1d26a1740,http://data.ordnancesurvey.co.uk/id/796c35d5-60f7-40c5-92d8-d9f1d26a1740,Grays Lane,,,,transportNetwork,Section Of Named Road,548323,307387,1000,25000,548321,307322,548332,307456,PE14,http://data.ordnancesurvey.co.uk/id/postcodedistrict/PE14,Emneth,http://data.ordnancesurvey.co.uk/id/4000000074550948,http://www.ordnancesurvey.co.uk/xml/codelists/localtype.xml#village,King's Lynn and West Norfolk,http://data.ordnancesurvey.co.uk/id/7000000000007016,http://data.ordnancesurvey.co.uk/ontology/admingeo/District,Norfolk,http://data.ordnancesurvey.co.uk/id/7000000000007238,http://data.ordnancesurvey.co.uk/ontology/admingeo/County,Eastern,http://data.ordnancesurvey.co.uk/id/7000000000041425,England,http://data.ordnancesurvey.co.uk/id/country/england,osgb4000000026935121,,
0ef16018-58f8-4f82-80e8-981f1e76befa,http://data.ordnancesurvey.co.uk/id/0ef16018-58f8-4f82-80e8-981f1e76befa,Broad Drove East,,,,transportNetwork,Section Of Named Road,541907,315949,2000,25000,541715,315835,542073,316038,PE13,http://data.ordnancesurvey.co.uk/id/postcodedistrict/PE13,Tydd St Giles,http://data.ordnancesurvey.co.uk/id/4000000074548770,http://www.ordnancesurvey.co.uk/xml/codelists/localtype.xml#village,Fenland,http://data.ordnancesurvey.co.uk/id/7000000000001357,http://data.ordnancesurvey.co.uk/ontology/admingeo/District,Cambridgeshire,http://data.ordnancesurvey.co.uk/id/7000000000001386,http://data.ordnancesurvey.co.uk/ontology/admingeo/County,Eastern,http://data.ordnancesurvey.co.uk/id/7000000000041425,England,http://data.ordnancesurvey.co.uk/id/country/england,osgb4000000026933574,,
18631cac-c47f-4d7b-b3e0-51deb248a19a,http://data.ordnancesurvey.co.uk/id/18631cac-c47f-4d7b-b3e0-51deb248a19a,Meadowgate Lane,,,,transportNetwork,Section Of Named Road,547760,307699,2000,25000,547692,307519,547808,307841,PE14,http://data.ordnancesurvey.co.uk/id/postcodedistrict/PE14,Elm,http://data.ordnancesurvey.co.uk/id/4000000074341528,http://www.ordnancesurvey.co.uk/xml/codelists/localtype.xml#village,King's Lynn and West Norfolk,http://data.ordnancesurvey.co.uk/id/7000000000007016,http://data.ordnancesurvey.co.uk/ontology/admingeo/District,Norfolk,http://data.ordnancesurvey.co.uk/id/7000000000007238,http://data.ordnancesurvey.co.uk/ontology/admingeo/County,Eastern,http://data.ordnancesurvey.co.uk/id/7000000000041425,England,http://data.ordnancesurvey.co.uk/id/country/england,osgb4000000026933511,,
9ff41de2-66bf-407c-8a28-da7abd74b2d9,http://data.ordnancesurvey.co.uk/id/9ff41de2-66bf-407c-8a28-da7abd74b2d9,Magdalen High Road,,,,transportNetwork,Section Of Named Road,557316,312345,2000,25000,557129,312233,557474,312449,PE34,http://data.ordnancesurvey.co.uk/id/postcodedistrict/PE34,Tilney cum Islington,http://data.ordnancesurvey.co.uk/id/4000000074550575,http://www.ordnancesurvey.co.uk/xml/codelists/localtype.xml#village,King's Lynn and West Norfolk,http://data.ordnancesurvey.co.uk/id/7000000000007016,http://data.ordnancesurvey.co.uk/ontology/admingeo/District,Norfolk,http://data.ordnancesurvey.co.uk/id/7000000000007238,http://data.ordnancesurvey.co.uk/ontology/admingeo/County,Eastern,http://data.ordnancesurvey.co.uk/id/7000000000041425,England,http://data.ordnancesurvey.co.uk/id/country/england,osgb4000000026932421,,
7223c3ea-1567-4875-b6cb-bc2ea42ddb3c,http://data.ordnancesurvey.co.uk/id/7223c3ea-1567-4875-b6cb-bc2ea42ddb3c,Salts Road,,,,transportNetwork,Section Of Named Road,549079,313283,3000,25000,548959,313058,549188,313518,PE14,http://data.ordnancesurvey.co.uk/id/postcodedistrict/PE14,Walton Highway,http://data.ordnancesurvey.co.uk/id/4000000074552040,http://www.ordnancesurvey.co.uk/xml/codelists/localtype.xml#village,King's Lynn and West Norfolk,http://data.ordnancesurvey.co.uk/id/7000000000007016,http://data.ordnancesurvey.co.uk/ontology/admingeo/District,Norfolk,http://data.ordnancesurvey.co.uk/id/7000000000007238,http://data.ordnancesurvey.co.uk/ontology/admingeo/County,Eastern,http://data.ordnancesurvey.co.uk/id/7000000000041425,England,http://data.ordnancesurvey.co.uk/id/country/england,osgb4000000026932406,,
8d1d5710-de55-4326-8987-fb82aba62c0f,http://data.ordnancesurvey.co.uk/id/8d1d5710-de55-4326-8987-fb82aba62c0f,Pigeon Street,,,,transportNetwork,Section Of Named Road,549681,316667,1000,25000,549597,316604,549729,316721,PE14,http://data.ordnancesurvey.co.uk/id/postcodedistrict/PE14,Walpole St Peter,http://data.ordnancesurvey.co.uk/id/4000000074550943,http://www.ordnancesurvey.co.uk/xml/codelists/localtype.xml#village,King's Lynn and West Norfolk,http://data.ordnancesurvey.co.uk/id/7000000000007016,http://data.ordnancesurvey.co.uk/ontology/admingeo/District,Norfolk,http://data.ordnancesurvey.co.uk/id/7000000000007238,http://data.ordnancesurvey.co.uk/ontology/admingeo/County,Eastern,http://data.ordnancesurvey.co.uk/id/7000000000041425,England,http://data.ordnancesurvey.co.uk/id/country/england,osgb4000000026933681,,
3fe778eb-c8cd-4441-8270-856b0d0f6352,http://data.ordnancesurvey.co.uk/id/3fe778eb-c8cd-4441-8270-856b0d0f6352,March Road,,,,transportNetwork,Section Of Named Road,546128,304775,5000,25000,545777,304740,546582,304804,PE14,http://data.ordnancesurvey.co.uk/id/postcodedistrict/PE14,Friday Bridge,http://data.ordnancesurvey.co.uk/id/4000000074550225,http://www.ordnancesurvey.co.uk/xml/codelists/localtype.xml#village,Fenland,http://data.ordnancesurvey.co.uk/id/7000000000001357,http://data.ordnancesurvey.co.uk/ontology/admingeo/District,Cambridgeshire,http://data.ordnancesurvey.co.uk/id/7000000000001386,http://data.ordnancesurvey.co.uk/ontology/admingeo/County,Eastern,http://data.ordnancesurvey.co.uk/id/7000000000041425,England,http://data.ordnancesurvey.co.uk/id/country/england,osgb4000000026931727,,
279864fc-9643-4262-9e5e-6798b69beb24,http://data.ordnancesurvey.co.uk/id/279864fc-9643-4262-9e5e-6798b69beb24,Maltmas Drove,,,,transportNetwork,Section Of Named Road,546436,304608,2000,25000,546303,304468,546561,304740,PE14,http://data.ordnancesurvey.co.uk/id/postcodedistrict/PE14,Friday Bridge,http://data.ordnancesurvey.co.uk/id/4000000074550225,http://www.ordnancesurvey.co.uk/xml/codelists/localtype.xml#village,Fenland,http://data.ordnancesurvey.co.uk/id/7000000000001357,http://data.ordnancesurvey.co.uk/ontology/admingeo/District,Cambridgeshire,http://data.ordnancesurvey.co.uk/id/7000000000001386,http://data.ordnancesurvey.co.uk/ontology/admingeo/County,Eastern,http://data.ordnancesurvey.co.uk/id/7000000000041425,England,http://data.ordnancesurvey.co.uk/id/country/england,osgb4000000026932270,,
bc086567-6d09-48c7-b3b2-42ef466a7e7d,http://data.ordnancesurvey.co.uk/id/bc086567-6d09-48c7-b3b2-42ef466a7e7d,The Chase,,,,transportNetwork,Section Of Named Road,549573,300645,1000,25000,549554,300599,549589,300671,PE14,http://data.ordnancesurvey.co.uk/id/postcodedistrict/PE14,Upwell,http://data.ordnancesurvey.co.uk/id/4000000074550938,http://www.ordnancesurvey.co.uk/xml/codelists/localtype.xml#village,King's Lynn and West Norfolk,http://data.ordnancesurvey.co.uk/id/7000000000007016,http://data.ordnancesurvey.co.uk/ontology/admingeo/District,Norfolk,http://data.ordnancesurvey.co.uk/id/7000000000007238,http://data.ordnancesurvey.co.uk/ontology/admingeo/County,Eastern,http://data.ordnancesurvey.co.uk/id/7000000000041425,England,http://data.ordnancesurvey.co.uk/id/country/england,osgb4000000026935042,,
788c686b-4f26-4d1e-b42a-061334e79a29,http://data.ordnancesurvey.co.uk/id/788c686b-4f26-4d1e-b42a-061334e79a29,Main Road,,,,transportNetwork,Section Of Named Road,545043,318047,2000,25000,545003,317933,545076,318170,PE13,http://data.ordnancesurvey.co.uk/id/postcodedistrict/PE13,Tydd Gote,http://data.ordnancesurvey.co.uk/id/4000000074548409,http://www.ordnancesurvey.co.uk/xml/codelists/localtype.xml#village,South Holland,http://data.ordnancesurvey.co.uk/id/7000000000005599,http://data.ordnancesurvey.co.uk/ontology/admingeo/District,Lincolnshire,http://data.ordnancesurvey.co.uk/id/7000000000005942,http://data.ordnancesurvey.co.uk/ontology/admingeo/County,East Midlands,http://data.ordnancesurvey.co.uk/id/7000000000041423,England,http://data.ordnancesurvey.co.uk/id/country/england,osgb4000000026932364,,
567efb4a-2018-4a16-98e3-c7b8c6fc8993,http://data.ordnancesurvey.co.uk/id/567efb4a-2018-4a16-98e3-c7b8c6fc8993,Bee's Lane,,,,transportNetwork,Section Of Named Road,542125,315738,3000,25000,542117,315490,542139,316002,PE13,http://data.ordnancesurvey.co.uk/id/postcodedistrict/PE13,Tydd St Giles,http://data.ordnancesurvey.co.uk/id/4000000074548770,http://www.ordnancesurvey.co.uk/xml/codelists/localtype.xml#village,Fenland,http://data.ordnancesurvey.co.uk/id/7000000000001357,http://data.ordnancesurvey.co.uk/ontology/admingeo/District,Cambridgeshire,http://data.ordnancesurvey.co.uk/id/7000000000001386,http://data.ordnancesurvey.co.uk/ontology/admingeo/County,Eastern,http://data.ordnancesurvey.co.uk/id/7000000000041425,England,http://data.ordnancesurvey.co.uk/id/country/england,osgb4000000026933576,,
fb92a901-0a17-42cc-987f-52e64c96a4e7,http://data.ordnancesurvey.co.uk/id/fb92a901-0a17-42cc-987f-52e64c96a4e7,Station Road,,,,transportNetwork,Section Of Named Road,557725,319931,5000,25000,557392,319570,558024,320301,PE34,http://data.ordnancesurvey.co.uk/id/postcodedistrict/PE34,Clenchwarton,http://data.ordnancesurvey.co.uk/id/4000000074548398,http://www.ordnancesurvey.co.uk/xml/codelists/localtype.xml#village,King's Lynn and West Norfolk,http://data.ordnancesurvey.co.uk/id/7000000000007016,http://data.ordnancesurvey.co.uk/ontology/admingeo/District,Norfolk,http://data.ordnancesurvey.co.uk/id/7000000000007238,http://data.ordnancesurvey.co.uk/ontology/admingeo/County,Eastern,http://data.ordnancesurvey.co.uk/id/7000000000041425,England,http://data.ordnancesurvey.co.uk/id/country/england,osgb4000000026943751,,
48dc9ea6-fa82-4293-b135-75fb3d13b2be,http://data.ordnancesurvey.co.uk/id/48dc9ea6-fa82-4293-b135-75fb3d13b2be,Gull Lane,,,,transportNetwork,Section Of Named Road,543797,311936,1000,25000,543786,311907,543803,311975,PE13,http://data.ordnancesurvey.co.uk/id/postcodedistrict/PE13,Leverington,http://data.ordnancesurvey.co.uk/id/4000000074551313,http://www.ordnancesurvey.co.uk/xml/codelists/localtype.xml#village,Fenland,http://data.ordnancesurvey.co.uk/id/7000000000001357,http://data.ordnancesurvey.co.uk/ontology/admingeo/District,Cambridgeshire,http://data.ordnancesurvey.co.uk/id/7000000000001386,http://data.ordnancesurvey.co.uk/ontology/admingeo/County,Eastern,http://data.ordnancesurvey.co.uk/id/7000000000041425,England,http://data.ordnancesurvey.co.uk/id/country/england,osgb4000000026937485,,
osgb4000000073335698,http://data.ordnancesurvey.co.uk/id/4000000073335698,Nene County Infant School,,,,other,Primary Education,546550,309393,1000,50000,546317,309143,546817,309643,PE13,http://data.ordnancesurvey.co.uk/id/postcodedistrict/PE13,Wisbech,http://data.ordnancesurvey.co.uk/id/4000000074551318,http://www.ordnancesurvey.co.uk/xml/codelists/localtype.xml#town,Fenland,http://data.ordnancesurvey.co.uk/id/7000000000001357,http://data.ordnancesurvey.co.uk/ontology/admingeo/District,Cambridgeshire,http://data.ordnancesurvey.co.uk/id/7000000000001386,http://data.ordnancesurvey.co.uk/ontology/admingeo/County,Eastern,http://data.ordnancesurvey.co.uk/id/7000000000041425,England,http://data.ordnancesurvey.co.uk/id/country/england,,,
osgb4000000026935210,http://data.ordnancesurvey.co.uk/id/4000000026935210,Cats Lane,,,,transportNetwork,Named Road,542659,316740,1000,20000,542610,316575,542800,316783,PE13,http://data.ordnancesurvey.co.uk/id/postcodedistrict/PE13,Tydd St Giles,http://data.ordnancesurvey.co.uk/id/4000000074548770,http://www.ordnancesurvey.co.uk/xml/codelists/localtype.xml#village,Fenland,http://data.ordnancesurvey.co.uk/id/7000000000001357,http://data.ordnancesurvey.co.uk/ontology/admingeo/District,Cambridgeshire,http://data.ordnancesurvey.co.uk/id/7000000000001386,http://data.ordnancesurvey.co.uk/ontology/admingeo/County,Eastern,http://data.ordnancesurvey.co.uk/id/7000000000041425,England,http://data.ordnancesurvey.co.uk/id/country/england,,,
osgb4000000026933490,http://data.ordnancesurvey.co.uk/id/4000000026933490,Black Drove,,,,transportNetwork,Named Road,540264,305733,6000,20000,540013,305306,540512,306160,PE13,http://data.ordnancesurvey.co.uk/id/postcodedistrict/PE13,,,,Fenland,http://data.ordnancesurvey.co.uk/id/7000000000001357,http://data.ordnancesurvey.co.uk/ontology/admingeo/District,Cambridgeshire,http://data.ordnancesurvey.co.uk/id/7000000000001386,http://data.ordnancesurvey.co.uk/ontology/admingeo/County,Eastern,http://data.ordnancesurvey.co.uk/id/7000000000041425,England,http://data.ordnancesurvey.co.uk/id/country/england,,,
osgb4000000026931772,http://data.ordnancesurvey.co.uk/id/4000000026931772,Smeeth Road,,,,transportNetwork,Named Road,552140,309561,20000,26000,550735,307467,553837,311535,PE14,http://data.ordnancesurvey.co.uk/id/postcodedistrict/PE14,Marshland St James,http://data.ordnancesurvey.co.uk/id/4000000074548753,http://www.ordnancesurvey.co.uk/xml/codelists/localtype.xml#village,King's Lynn and West Norfolk,http://data.ordnancesurvey.co.uk/id/7000000000007016,http://data.ordnancesurvey.co.uk/ontology/admingeo/District,Norfolk,http://data.ordnancesurvey.co.uk/id/7000000000007238,http://data.ordnancesurvey.co.uk/ontology/admingeo/County,Eastern,http://data.ordnancesurvey.co.uk/id/7000000000041425,England,http://data.ordnancesurvey.co.uk/id/country/england,,,
4e2f2381-6c8e-4ef0-8c02-0687bd0c7b91,http://data.ordnancesurvey.co.uk/id/4e2f2381-6c8e-4ef0-8c02-0687bd0c7b91,Front Road,,,,transportNetwork,Section Of Named Road,546706,317941,3000,25000,546571,317690,546787,318128,PE13,http://data.ordnancesurvey.co.uk/id/postcodedistrict/PE13,Foul Anchor,http://data.ordnancesurvey.co.uk/id/4000000074548408,http://www.ordnancesurvey.co.uk/xml/codelists/localtype.xml#village,South Holland,http://data.ordnancesurvey.co.uk/id/7000000000005599,http://data.ordnancesurvey.co.uk/ontology/admingeo/District,Lincolnshire,http://data.ordnancesurvey.co.uk/id/7000000000005942,http://data.ordnancesurvey.co.uk/ontology/admingeo/County,East Midlands,http://data.ordnancesurvey.co.uk/id/7000000000041423,England,http://data.ordnancesurvey.co.uk/id/country/england,osgb4000000026933602,,
osgb4000000026935098,http://data.ordnancesurvey.co.uk/id/4000000026935098,High Road,,,,transportNetwork,Named Road,540512,305306,20000,33000,539660,303044,542368,308185,PE13,http://data.ordnancesurvey.co.uk/id/postcodedistrict/PE13,,,,Fenland,http://data.ordnancesurvey.co.uk/id/7000000000001357,http://data.ordnancesurvey.co.uk/ontology/admingeo/District,Cambridgeshire,http://data.ordnancesurvey.co.uk/id/7000000000001386,http://data.ordnancesurvey.co.uk/ontology/admingeo/County,Eastern,http://data.ordnancesurvey.co.uk/id/7000000000041425,England,http://data.ordnancesurvey.co.uk/id/country/england,,,
osgb4000000074551313,http://data.ordnancesurvey.co.uk/id/4000000074551313,Leverington,,,,populatedPlace,Village,544551,311507,13000,250000,542985,310316,544719,312365,PE13,http://data.ordnancesurvey.co.uk/id/postcodedistrict/PE13,,,,Fenland,http://data.ordnancesurvey.co.uk/id/7000000000001357,http://data.ordnancesurvey.co.uk/ontology/admingeo/District,Cambridgeshire,http://data.ordnancesurvey.co.uk/id/7000000000001386,http://data.ordnancesurvey.co.uk/ontology/admingeo/County,Eastern,http://data.ordnancesurvey.co.uk/id/7000000000041425,England,http://data.ordnancesurvey.co.uk/id/country/england,,http://dbpedia.org/resource/Leverington,http://sws.geonames.org/2644566
osgb4000000026933505,http://data.ordnancesurvey.co.uk/id/4000000026933505,Cox's Lane,,,,transportNetwork,Named Road,544823,308909,5000,20000,544527,308553,545158,309325,PE13,http://data.ordnancesurvey.co.uk/id/postcodedistrict/PE13,Wisbech,http://data.ordnancesurvey.co.uk/id/4000000074551318,http://www.ordnancesurvey.co.uk/xml/codelists/localtype.xml#town,Fenland,http://data.ordnancesurvey.co.uk/id/7000000000001357,http://data.ordnancesurvey.co.uk/ontology/admingeo/District,Cambridgeshire,http://data.ordnancesurvey.co.uk/id/7000000000001386,http://data.ordnancesurvey.co.uk/ontology/admingeo/County,Eastern,http://data.ordnancesurvey.co.uk/id/7000000000041425,England,http://data.ordnancesurvey.co.uk/id/country/england,,,
osgb4000000026937333,http://data.ordnancesurvey.co.uk/id/4000000026937333,Workhouse Lane,,,,transportNetwork,Named Road,549509,301462,1000,20000,549436,301383,549574,301519,PE14,http://data.ordnancesurvey.co.uk/id/postcodedistrict/PE14,Upwell,http://data.ordnancesurvey.co.uk/id/4000000074550938,http://www.ordnancesurvey.co.uk/xml/codelists/localtype.xml#village,King's Lynn and West Norfolk,http://data.ordnancesurvey.co.uk/id/7000000000007016,http://data.ordnancesurvey.co.uk/ontology/admingeo/District,Norfolk,http://data.ordnancesurvey.co.uk/id/7000000000007238,http://data.ordnancesurvey.co.uk/ontology/admingeo/County,Eastern,http://data.ordnancesurvey.co.uk/id/7000000000041425,England,http://data.ordnancesurvey.co.uk/id/country/england,,,
0ac610bd-0cd0-4419-ac6f-b677708ea3af,http://data.ordnancesurvey.co.uk/id/0ac610bd-0cd0-4419-ac6f-b677708ea3af,Sutton Road,,,,transportNetwork,Section Of Named Road,545049,316558,9000,25000,544973,315883,545058,317224,PE13,http://data.ordnancesurvey.co.uk/id/postcodedistrict/PE13,Four Gotes,http://data.ordnancesurvey.co.uk/id/4000000074326100,http://www.ordnancesurvey.co.uk/xml/codelists/localtype.xml#village,Fenland,http://data.ordnancesurvey.co.uk/id/7000000000001357,http://data.ordnancesurvey.co.uk/ontology/admingeo/District,Cambridgeshire,http://data.ordnancesurvey.co.uk/id/7000000000001386,http://data.ordnancesurvey.co.uk/ontology/admingeo/County,Eastern,http://data.ordnancesurvey.co.uk/id/7000000000041425,England,http://data.ordnancesurvey.co.uk/id/country/england,osgb4000000026933593,,
osgb4000000026940314,http://data.ordnancesurvey.co.uk/id/4000000026940314,Brampton Close,,,,transportNetwork,Named Road,545280,309248,1000,20000,545241,309239,545317,309249,PE13,http://data.ordnancesurvey.co.uk/id/postcodedistrict/PE13,Wisbech,http://data.ordnancesurvey.co.uk/id/4000000074551318,http://www.ordnancesurvey.co.uk/xml/codelists/localtype.xml#town,Fenland,http://data.ordnancesurvey.co.uk/id/7000000000001357,http://data.ordnancesurvey.co.uk/ontology/admingeo/District,Cambridgeshire,http://data.ordnancesurvey.co.uk/id/7000000000001386,http://data.ordnancesurvey.co.uk/ontology/admingeo/County,Eastern,http://data.ordnancesurvey.co.uk/id/7000000000041425,England,http://data.ordnancesurvey.co.uk/id/country/england,,,
osgb4000000026935143,http://data.ordnancesurvey.co.uk/id/4000000026935143,Green Lane,,,,transportNetwork,Named Road,542782,312248,5000,20000,542687,311809,542981,312580,PE13,http://data.ordnancesurvey.co.uk/id/postcodedistrict/PE13,,,,Fenland,http://data.ordnancesurvey.co.uk/id/7000000000001357,http://data.ordnancesurvey.co.uk/ontology/admingeo/District,Cambridgeshire,http://data.ordnancesurvey.co.uk/id/7000000000001386,http://data.ordnancesurvey.co.uk/ontology/admingeo/County,Eastern,http://data.ordnancesurvey.co.uk/id/7000000000041425,England,http://data.ordnancesurvey.co.uk/id/country/england,,,
osgb4000000026932219,http://data.ordnancesurvey.co.uk/id/4000000026932219,Molls Drove,,,,transportNetwork,Named Road,549008,304232,12000,20000,548357,303846,550224,305138,PE14,http://data.ordnancesurvey.co.uk/id/postcodedistrict/PE14,,,,Fenland,http://data.ordnancesurvey.co.uk/id/7000000000001357,http://data.ordnancesurvey.co.uk/ontology/admingeo/District,Cambridgeshire,http://data.ordnancesurvey.co.uk/id/7000000000001386,http://data.ordnancesurvey.co.uk/ontology/admingeo/County,Eastern,http://data.ordnancesurvey.co.uk/id/7000000000041425,England,http://data.ordnancesurvey.co.uk/id/country/england,,,
osgb4000000026940545,http://data.ordnancesurvey.co.uk/id/4000000026940545,Allen Close,,,,transportNetwork,Named Road,559158,314000,1000,20000,559135,313952,559181,314042,PE34,http://data.ordnancesurvey.co.uk/id/postcodedistrict/PE34,Wiggenhall St Germans,http://data.ordnancesurvey.co.uk/id/4000000074550213,http://www.ordnancesurvey.co.uk/xml/codelists/localtype.xml#village,King's Lynn and West Norfolk,http://data.ordnancesurvey.co.uk/id/7000000000007016,http://data.ordnancesurvey.co.uk/ontology/admingeo/District,Norfolk,http://data.ordnancesurvey.co.uk/id/7000000000007238,http://data.ordnancesurvey.co.uk/ontology/admingeo/County,Eastern,http://data.ordnancesurvey.co.uk/id/7000000000041425,England,http://data.ordnancesurvey.co.uk/id/country/england,,,
osgb4000000026942817,http://data.ordnancesurvey.co.uk/id/4000000026942817,Mill Field Close,,,,transportNetwork,Named Road,554031,314239,1000,20000,554031,314239,554055,314282,PE14,http://data.ordnancesurvey.co.uk/id/postcodedistrict/PE14,Terrington St John,http://data.ordnancesurvey.co.uk/id/4000000074550941,http://www.ordnancesurvey.co.uk/xml/codelists/localtype.xml#village,King's Lynn and West Norfolk,http://data.ordnancesurvey.co.uk/id/7000000000007016,http://data.ordnancesurvey.co.uk/ontology/admingeo/District,Norfolk,http://data.ordnancesurvey.co.uk/id/7000000000007238,http://data.ordnancesurvey.co.uk/ontology/admingeo/County,Eastern,http://data.ordnancesurvey.co.uk/id/7000000000041425,England,http://data.ordnancesurvey.co.uk/id/country/england,,,
osgb4000000026937461,http://data.ordnancesurvey.co.uk/id/4000000026937461,Eighth Avenue,,,,transportNetwork,Named Road,547220,309325,1000,20000,547170,309287,547308,309394,PE13,http://data.ordnancesurvey.co.uk/id/postcodedistrict/PE13,Wisbech,http://data.ordnancesurvey.co.uk/id/4000000074551318,http://www.ordnancesurvey.co.uk/xml/codelists/localtype.xml#town,Fenland,http://data.ordnancesurvey.co.uk/id/7000000000001357,http://data.ordnancesurvey.co.uk/ontology/admingeo/District,Cambridgeshire,http://data.ordnancesurvey.co.uk/id/7000000000001386,http://data.ordnancesurvey.co.uk/ontology/admingeo/County,Eastern,http://data.ordnancesurvey.co.uk/id/7000000000041425,England,http://data.ordnancesurvey.co.uk/id/country/england,,,
4982a228-4b21-4f5d-a727-8fe2e1967c8b,http://data.ordnancesurvey.co.uk/id/4982a228-4b21-4f5d-a727-8fe2e1967c8b,Redmoor Bank,,,,transportNetwork,Section Of Named Road,545499,306232,1000,25000,545497,306196,545505,306313,PE14,http://data.ordnancesurvey.co.uk/id/postcodedistrict/PE14,Begdale,http://data.ordnancesurvey.co.uk/id/4000000074550949,http://www.ordnancesurvey.co.uk/xml/codelists/localtype.xml#hamlet,Fenland,http://data.ordnancesurvey.co.uk/id/7000000000001357,http://data.ordnancesurvey.co.uk/ontology/admingeo/District,Cambridgeshire,http://data.ordnancesurvey.co.uk/id/7000000000001386,http://data.ordnancesurvey.co.uk/ontology/admingeo/County,Eastern,http://data.ordnancesurvey.co.uk/id/7000000000041425,England,http://data.ordnancesurvey.co.uk/id/country/england,osgb4000000026932269,,
osgb4000000026940379,http://data.ordnancesurvey.co.uk/id/4000000026940379,Whitby Street,,,,transportNetwork,Named Road,546403,309830,1000,20000,546367,309786,546409,309848,PE13,http://data.ordnancesurvey.co.uk/id/postcodedistrict/PE13,Wisbech,http://data.ordnancesurvey.co.uk/id/4000000074551318,http://www.ordnancesurvey.co.uk/xml/codelists/localtype.xml#town,Fenland,http://data.ordnancesurvey.co.uk/id/7000000000001357,http://data.ordnancesurvey.co.uk/ontology/admingeo/District,Cambridgeshire,http://data.ordnancesurvey.co.uk/id/7000000000001386,http://data.ordnancesurvey.co.uk/ontology/admingeo/County,Eastern,http://data.ordnancesurvey.co.uk/id/7000000000041425,England,http://data.ordnancesurvey.co.uk/id/country/england,,,
e7d27a0c-708e-44b9-b1fc-9190f8076df5,http://data.ordnancesurvey.co.uk/id/e7d27a0c-708e-44b9-b1fc-9190f8076df5,Pyecroft Lane,,,,transportNetwork,Section Of Named Road,550977,316798,1000,25000,550886,316766,551043,316825,PE14,http://data.ordnancesurvey.co.uk/id/postcodedistrict/PE14,Walpole St Peter,http://data.ordnancesurvey.co.uk/id/4000000074550943,http://www.ordnancesurvey.co.uk/xml/codelists/localtype.xml#village,King's Lynn and West Norfolk,http://data.ordnancesurvey.co.uk/id/7000000000007016,http://data.ordnancesurvey.co.uk/ontology/admingeo/District,Norfolk,http://data.ordnancesurvey.co.uk/id/7000000000007238,http://data.ordnancesurvey.co.uk/ontology/admingeo/County,Eastern,http://data.ordnancesurvey.co.uk/id/7000000000041425,England,http://data.ordnancesurvey.co.uk/id/country/england,osgb4000000027001257,,
osgb5000005234285547,http://data.ordnancesurvey.co.uk/id/5000005234285547,Mill Lane,,,,transportNetwork,Named Road,548988,313950,6000,20000,548579,313646,549193,314506,PE14,http://data.ordnancesurvey.co.uk/id/postcodedistrict/PE14,,,,King's Lynn and West Norfolk,http://data.ordnancesurvey.co.uk/id/7000000000007016,http://data.ordnancesurvey.co.uk/ontology/admingeo/District,Norfolk,http://data.ordnancesurvey.co.uk/id/7000000000007238,http://data.ordnancesurvey.co.uk/ontology/admingeo/County,Eastern,http://data.ordnancesurvey.co.uk/id/7000000000041425,England,http://data.ordnancesurvey.co.uk/id/country/england,,,
osgb4000000026935166,http://data.ordnancesurvey.co.uk/id/4000000026935166,St Michael's Avenue,,,,transportNetwork,Named Road,546500,310963,2000,20000,546329,310845,546666,310964,PE13,http://data.ordnancesurvey.co.uk/id/postcodedistrict/PE13,Wisbech,http://data.ordnancesurvey.co.uk/id/4000000074551318,http://www.ordnancesurvey.co.uk/xml/codelists/localtype.xml#town,Fenland,http://data.ordnancesurvey.co.uk/id/7000000000001357,http://data.ordnancesurvey.co.uk/ontology/admingeo/District,Cambridgeshire,http://data.ordnancesurvey.co.uk/id/7000000000001386,http://data.ordnancesurvey.co.uk/ontology/admingeo/County,Eastern,http://data.ordnancesurvey.co.uk/id/7000000000041425,England,http://data.ordnancesurvey.co.uk/id/country/england,,,
osgb4000000026935297,http://data.ordnancesurvey.co.uk/id/4000000026935297,Hay Green Road,,,,transportNetwork,Named Road,554031,318452,7000,20000,553731,317959,554337,318975,PE34,http://data.ordnancesurvey.co.uk/id/postcodedistrict/PE34,,,,King's Lynn and West Norfolk,http://data.ordnancesurvey.co.uk/id/7000000000007016,http://data.ordnancesurvey.co.uk/ontology/admingeo/District,Norfolk,http://data.ordnancesurvey.co.uk/id/7000000000007238,http://data.ordnancesurvey.co.uk/ontology/admingeo/County,Eastern,http://data.ordnancesurvey.co.uk/id/7000000000041425,England,http://data.ordnancesurvey.co.uk/id/country/england,,,
