osgb4000000074566338,http://data.ordnancesurvey.co.uk/id/4000000074566338,Drummore,,,,populatedPlace,Village,213663,536756,6000,250000,213243,536300,214140,537078,DG9,http://data.ordnancesurvey.co.uk/id/postcodedistrict/DG9,,,,,,,Dumfries and Galloway,http://data.ordnancesurvey.co.uk/id/7000000000031903,http://data.ordnancesurvey.co.uk/ontology/admingeo/UnitaryAuthority,Scotland,http://data.ordnancesurvey.co.uk/id/7000000000041429,Scotland,http://data.ordnancesurvey.co.uk/id/country/scotland,,http://dbpedia.org/resource/Drummore,http://sws.geonames.org/2650921
osgb4000000074566663,http://data.ordnancesurvey.co.uk/id/4000000074566663,Kirkmaiden,,,,populatedPlace,Hamlet,212397,536847,5000,25000,212150,536601,212650,537101,DG9,http://data.ordnancesurvey.co.uk/id/postcodedistrict/DG9,,,,,,,Dumfries and Galloway,http://data.ordnancesurvey.co.uk/id/7000000000031903,http://data.ordnancesurvey.co.uk/ontology/admingeo/UnitaryAuthority,Scotland,http://data.ordnancesurvey.co.uk/id/7000000000041429,Scotland,http://data.ordnancesurvey.co.uk/id/country/scotland,,http://dbpedia.org/resource/Kirkmaiden,http://sws.geonames.org/2645248
osgb4000000074543003,http://data.ordnancesurvey.co.uk/id/4000000074543003,Mull of Galloway,,,,populatedPlace,Other Settlement,214293,530886,15000,25000,213526,530319,215812,532277,DG9,http://data.ordnancesurvey.co.uk/id/postcodedistrict/DG9,,,,,,,Dumfries and Galloway,http://data.ordnancesurvey.co.uk/id/7000000000031903,http://data.ordnancesurvey.co.uk/ontology/admingeo/UnitaryAuthority,Scotland,http://data.ordnancesurvey.co.uk/id/7000000000041429,Scotland,http://data.ordnancesurvey.co.uk/id/country/scotland,,http://dbpedia.org/resource/Mull_of_Galloway,
osgb4000000074566337,http://data.ordnancesurvey.co.uk/id/4000000074566337,Damnaglaur,,,,populatedPlace,Hamlet,212729,535551,5000,25000,212489,535368,212989,535868,DG9,http://data.ordnancesurvey.co.uk/id/postcodedistrict/DG9,,,,,,,Dumfries and Galloway,http://data.ordnancesurvey.co.uk/id/7000000000031903,http://data.ordnancesurvey.co.uk/ontology/admingeo/UnitaryAuthority,Scotland,http://data.ordnancesurvey.co.uk/id/7000000000041429,Scotland,http://data.ordnancesurvey.co.uk/id/country/scotland,,,
osgb4000000074338356,http://data.ordnancesurvey.co.uk/id/4000000074338356,Clanyard,,,,populatedPlace,Hamlet,210810,537387,5000,25000,210424,537044,210924,537544,DG9,http://data.ordnancesurvey.co.uk/id/postcodedistrict/DG9,,,,,,,Dumfries and Galloway,http://data.ordnancesurvey.co.uk/id/7000000000031903,http://data.ordnancesurvey.co.uk/ontology/admingeo/UnitaryAuthority,Scotland,http://data.ordnancesurvey.co.uk/id/7000000000041429,Scotland,http://data.ordnancesurvey.co.uk/id/country/scotland,,,
DG99HW,http://data.ordnancesurvey.co.uk/id/postcodeunit/DG99HW,DG9 9HW,,,,other,Postcode,212985,533756,3500,18000,,,,,,,,,,,,,Dumfries and Galloway,http://data.ordnancesurvey.co.uk/id/7000000000031903,http://data.ordnancesurvey.co.uk/ontology/admingeo/UnitaryAuthority,Scotland,http://data.ordnancesurvey.co.uk/id/7000000000041429,Scotland,http://data.ordnancesurvey.co.uk/id/country/scotland,,,
DG99HQ,http://data.ordnancesurvey.co.uk/id/postcodeunit/DG99HQ,DG9 9HQ,,,,other,Postcode,210916,534345,3500,18000,,,,,,,,,,,,,Dumfries and Galloway,http://data.ordnancesurvey.co.uk/id/7000000000031903,http://data.ordnancesurvey.co.uk/ontology/admingeo/UnitaryAuthority,Scotland,http://data.ordnancesurvey.co.uk/id/7000000000041429,Scotland,http://data.ordnancesurvey.co.uk/id/country/scotland,,,
DG99QX,http://data.ordnancesurvey.co.uk/id/postcodeunit/DG99QX,DG9 9QX,,,,other,Postcode,213918,536797,3500,18000,,,,,,,Drummore,http://data.ordnancesurvey.co.uk/id/4000000074566338,http://www.ordnancesurvey.co.uk/xml/codelists/localtype.xml#village,,,,Dumfries and Galloway,http://data.ordnancesurvey.co.uk/id/7000000000031903,http://data.ordnancesurvey.co.uk/ontology/admingeo/UnitaryAuthority,Scotland,http://data.ordnancesurvey.co.uk/id/7000000000041429,Scotland,http://data.ordnancesurvey.co.uk/id/country/scotland,,,
DG99HE,http://data.ordnancesurvey.co.uk/id/postcodeunit/DG99HE,DG9 9HE,,,,other,Postcode,211556,536986,3500,18000,,,,,,,,,,,,,Dumfries and Galloway,http://data.ordnancesurvey.co.uk/id/7000000000031903,http://data.ordnancesurvey.co.uk/ontology/admingeo/UnitaryAuthority,Scotland,http://data.ordnancesurvey.co.uk/id/7000000000041429,Scotland,http://data.ordnancesurvey.co.uk/id/country/scotland,,,
DG99QL,http://data.ordnancesurvey.co.uk/id/postcodeunit/DG99QL,DG9 9QL,,,,other,Postcode,212851,535718,3500,18000,,,,,,,Damnaglaur,http://data.ordnancesurvey.co.uk/id/4000000074566337,http://www.ordnancesurvey.co.uk/xml/codelists/localtype.xml#hamlet,,,,Dumfries and Galloway,http://data.ordnancesurvey.co.uk/id/7000000000031903,http://data.ordnancesurvey.co.uk/ontology/admingeo/UnitaryAuthority,Scotland,http://data.ordnancesurvey.co.uk/id/7000000000041429,Scotland,http://data.ordnancesurvey.co.uk/id/country/scotland,,,
DG99QT,http://data.ordnancesurvey.co.uk/id/postcodeunit/DG99QT,DG9 9QT,,,,other,Postcode,212614,538214,3500,18000,,,,,,,,,,,,,Dumfries and Galloway,http://data.ordnancesurvey.co.uk/id/7000000000031903,http://data.ordnancesurvey.co.uk/ontology/admingeo/UnitaryAuthority,Scotland,http://data.ordnancesurvey.co.uk/id/7000000000041429,Scotland,http://data.ordnancesurvey.co.uk/id/country/scotland,,,
DG99PY,http://data.ordnancesurvey.co.uk/id/postcodeunit/DG99PY,DG9 9PY,,,,other,Postcode,213579,536579,3500,18000,,,,,,,Drummore,http://data.ordnancesurvey.co.uk/id/4000000074566338,http://www.ordnancesurvey.co.uk/xml/codelists/localtype.xml#village,,,,Dumfries and Galloway,http://data.ordnancesurvey.co.uk/id/7000000000031903,http://data.ordnancesurvey.co.uk/ontology/admingeo/UnitaryAuthority,Scotland,http://data.ordnancesurvey.co.uk/id/7000000000041429,Scotland,http://data.ordnancesurvey.co.uk/id/country/scotland,,,
DG99NW,http://data.ordnancesurvey.co.uk/id/postcodeunit/DG99NW,DG9 9NW,,,,other,Postcode,211306,538649,3500,18000,,,,,,,,,,,,,Dumfries and Galloway,http://data.ordnancesurvey.co.uk/id/7000000000031903,http://data.ordnancesurvey.co.uk/ontology/admingeo/UnitaryAuthority,Scotland,http://data.ordnancesurvey.co.uk/id/7000000000041429,Scotland,http://data.ordnancesurvey.co.uk/id/country/scotland,,,
DG99HN,http://data.ordnancesurvey.co.uk/id/postcodeunit/DG99HN,DG9 9HN,,,,other,Postcode,212884,532369,3500,18000,,,,,,,,,,,,,Dumfries and Galloway,http://data.ordnancesurvey.co.uk/id/7000000000031903,http://data.ordnancesurvey.co.uk/ontology/admingeo/UnitaryAuthority,Scotland,http://data.ordnancesurvey.co.uk/id/7000000000041429,Scotland,http://data.ordnancesurvey.co.uk/id/country/scotland,,,
DG99QZ,http://data.ordnancesurvey.co.uk/id/postcodeunit/DG99QZ,DG9 9QZ,,,,other,Postcode,214539,535723,3500,18000,,,,,,,,,,,,,Dumfries and Galloway,http://data.ordnancesurvey.co.uk/id/7000000000031903,http://data.ordnancesurvey.co.uk/ontology/admingeo/UnitaryAuthority,Scotland,http://data.ordnancesurvey.co.uk/id/7000000000041429,Scotland,http://data.ordnancesurvey.co.uk/id/country/scotland,,,
DG99RB,http://data.ordnancesurvey.co.uk/id/postcodeunit/DG99RB,DG9 9RB,,,,other,Postcode,213927,535464,3500,18000,,,,,,,,,,,,,Dumfries and Galloway,http://data.ordnancesurvey.co.uk/id/7000000000031903,http://data.ordnancesurvey.co.uk/ontology/admingeo/UnitaryAuthority,Scotland,http://data.ordnancesurvey.co.uk/id/7000000000041429,Scotland,http://data.ordnancesurvey.co.uk/id/country/scotland,,,
DG99HD,http://data.ordnancesurvey.co.uk/id/postcodeunit/DG99HD,DG9 9HD,,,,other,Postcode,212395,536717,3500,18000,,,,,,,Kirkmaiden,http://data.ordnancesurvey.co.uk/id/4000000074566663,http://www.ordnancesurvey.co.uk/xml/codelists/localtype.xml#hamlet,,,,Dumfries and Galloway,http://data.ordnancesurvey.co.uk/id/7000000000031903,http://data.ordnancesurvey.co.uk/ontology/admingeo/UnitaryAuthority,Scotland,http://data.ordnancesurvey.co.uk/id/7000000000041429,Scotland,http://data.ordnancesurvey.co.uk/id/country/scotland,,,
DG99QR,http://data.ordnancesurvey.co.uk/id/postcodeunit/DG99QR,DG9 9QR,,,,other,Postcode,212460,537157,3500,18000,,,,,,,,,,,,,Dumfries and Galloway,http://data.ordnancesurvey.co.uk/id/7000000000031903,http://data.ordnancesurvey.co.uk/ontology/admingeo/UnitaryAuthority,Scotland,http://data.ordnancesurvey.co.uk/id/7000000000041429,Scotland,http://data.ordnancesurvey.co.uk/id/country/scotland,,,
DG99QY,http://data.ordnancesurvey.co.uk/id/postcodeunit/DG99QY,DG9 9QY,,,,other,Postcode,214102,536617,3500,18000,,,,,,,Drummore,http://data.ordnancesurvey.co.uk/id/4000000074566338,http://www.ordnancesurvey.co.uk/xml/codelists/localtype.xml#village,,,,Dumfries and Galloway,http://data.ordnancesurvey.co.uk/id/7000000000031903,http://data.ordnancesurvey.co.uk/ontology/admingeo/UnitaryAuthority,Scotland,http://data.ordnancesurvey.co.uk/id/7000000000041429,Scotland,http://data.ordnancesurvey.co.uk/id/country/scotland,,,
DG99HP,http://data.ordnancesurvey.co.uk/id/postcodeunit/DG99HP,DG9 9HP,,,,other,Postcode,213690,531942,3500,18000,,,,,,,Mull of Galloway,http://data.ordnancesurvey.co.uk/id/4000000074543003,http://www.ordnancesurvey.co.uk/xml/codelists/localtype.xml#otherSettlement,,,,Dumfries and Galloway,http://data.ordnancesurvey.co.uk/id/7000000000031903,http://data.ordnancesurvey.co.uk/ontology/admingeo/UnitaryAuthority,Scotland,http://data.ordnancesurvey.co.uk/id/7000000000041429,Scotland,http://data.ordnancesurvey.co.uk/id/country/scotland,,,
DG99HA,http://data.ordnancesurvey.co.uk/id/postcodeunit/DG99HA,DG9 9HA,,,,other,Postcode,212496,539265,3500,18000,,,,,,,,,,,,,Dumfries and Galloway,http://data.ordnancesurvey.co.uk/id/7000000000031903,http://data.ordnancesurvey.co.uk/ontology/admingeo/UnitaryAuthority,Scotland,http://data.ordnancesurvey.co.uk/id/7000000000041429,Scotland,http://data.ordnancesurvey.co.uk/id/country/scotland,,,
DG99QD,http://data.ordnancesurvey.co.uk/id/postcodeunit/DG99QD,DG9 9QD,,,,other,Postcode,213341,536659,3500,18000,,,,,,,,,,,,,Dumfries and Galloway,http://data.ordnancesurvey.co.uk/id/7000000000031903,http://data.ordnancesurvey.co.uk/ontology/admingeo/UnitaryAuthority,Scotland,http://data.ordnancesurvey.co.uk/id/7000000000041429,Scotland,http://data.ordnancesurvey.co.uk/id/country/scotland,,,
DG99NP,http://data.ordnancesurvey.co.uk/id/postcodeunit/DG99NP,DG9 9NP,,,,other,Postcode,211312,539885,3500,18000,,,,,,,,,,,,,Dumfries and Galloway,http://data.ordnancesurvey.co.uk/id/7000000000031903,http://data.ordnancesurvey.co.uk/ontology/admingeo/UnitaryAuthority,Scotland,http://data.ordnancesurvey.co.uk/id/7000000000041429,Scotland,http://data.ordnancesurvey.co.uk/id/country/scotland,,,
DG99PS,http://data.ordnancesurvey.co.uk/id/postcodeunit/DG99PS,DG9 9PS,,,,other,Postcode,213536,536613,3500,18000,,,,,,,Drummore,http://data.ordnancesurvey.co.uk/id/4000000074566338,http://www.ordnancesurvey.co.uk/xml/codelists/localtype.xml#village,,,,Dumfries and Galloway,http://data.ordnancesurvey.co.uk/id/7000000000031903,http://data.ordnancesurvey.co.uk/ontology/admingeo/UnitaryAuthority,Scotland,http://data.ordnancesurvey.co.uk/id/7000000000041429,Scotland,http://data.ordnancesurvey.co.uk/id/country/scotland,,,
DG99QQ,http://data.ordnancesurvey.co.uk/id/postcodeunit/DG99QQ,DG9 9QQ,,,,other,Postcode,213537,536471,3500,18000,,,,,,,Drummore,http://data.ordnancesurvey.co.uk/id/4000000074566338,http://www.ordnancesurvey.co.uk/xml/codelists/localtype.xml#village,,,,Dumfries and Galloway,http://data.ordnancesurvey.co.uk/id/7000000000031903,http://data.ordnancesurvey.co.uk/ontology/admingeo/UnitaryAuthority,Scotland,http://data.ordnancesurvey.co.uk/id/7000000000041429,Scotland,http://data.ordnancesurvey.co.uk/id/country/scotland,,,
DG99QA,http://data.ordnancesurvey.co.uk/id/postcodeunit/DG99QA,DG9 9QA,,,,other,Postcode,213499,536384,3500,18000,,,,,,,Drummore,http://data.ordnancesurvey.co.uk/id/4000000074566338,http://www.ordnancesurvey.co.uk/xml/codelists/localtype.xml#village,,,,Dumfries and Galloway,http://data.ordnancesurvey.co.uk/id/7000000000031903,http://data.ordnancesurvey.co.uk/ontology/admingeo/UnitaryAuthority,Scotland,http://data.ordnancesurvey.co.uk/id/7000000000041429,Scotland,http://data.ordnancesurvey.co.uk/id/country/scotland,,,
DG99PZ,http://data.ordnancesurvey.co.uk/id/postcodeunit/DG99PZ,DG9 9PZ,,,,other,Postcode,213755,536709,3500,18000,,,,,,,Drummore,http://data.ordnancesurvey.co.uk/id/4000000074566338,http://www.ordnancesurvey.co.uk/xml/codelists/localtype.xml#village,,,,Dumfries and Galloway,http://data.ordnancesurvey.co.uk/id/7000000000031903,http://data.ordnancesurvey.co.uk/ontology/admingeo/UnitaryAuthority,Scotland,http://data.ordnancesurvey.co.uk/id/7000000000041429,Scotland,http://data.ordnancesurvey.co.uk/id/country/scotland,,,
DG99HR,http://data.ordnancesurvey.co.uk/id/postcodeunit/DG99HR,DG9 9HR,,,,other,Postcode,212827,534687,3500,18000,,,,,,,,,,,,,Dumfries and Galloway,http://data.ordnancesurvey.co.uk/id/7000000000031903,http://data.ordnancesurvey.co.uk/ontology/admingeo/UnitaryAuthority,Scotland,http://data.ordnancesurvey.co.uk/id/7000000000041429,Scotland,http://data.ordnancesurvey.co.uk/id/country/scotland,,,
DG99QE,http://data.ordnancesurvey.co.uk/id/postcodeunit/DG99QE,DG9 9QE,,,,other,Postcode,213287,537049,3500,18000,,,,,,,Drummore,http://data.ordnancesurvey.co.uk/id/4000000074566338,http://www.ordnancesurvey.co.uk/xml/codelists/localtype.xml#village,,,,Dumfries and Galloway,http://data.ordnancesurvey.co.uk/id/7000000000031903,http://data.ordnancesurvey.co.uk/ontology/admingeo/UnitaryAuthority,Scotland,http://data.ordnancesurvey.co.uk/id/7000000000041429,Scotland,http://data.ordnancesurvey.co.uk/id/country/scotland,,,
DG99QS,http://data.ordnancesurvey.co.uk/id/postcodeunit/DG99QS,DG9 9QS,,,,other,Postcode,212037,537505,3500,18000,,,,,,,,,,,,,Dumfries and Galloway,http://data.ordnancesurvey.co.uk/id/7000000000031903,http://data.ordnancesurvey.co.uk/ontology/admingeo/UnitaryAuthority,Scotland,http://data.ordnancesurvey.co.uk/id/7000000000041429,Scotland,http://data.ordnancesurvey.co.uk/id/country/scotland,,,
DG99QU,http://data.ordnancesurvey.co.uk/id/postcodeunit/DG99QU,DG9 9QU,,,,other,Postcode,212708,537652,3500,18000,,,,,,,,,,,,,Dumfries and Galloway,http://data.ordnancesurvey.co.uk/id/7000000000031903,http://data.ordnancesurvey.co.uk/ontology/admingeo/UnitaryAuthority,Scotland,http://data.ordnancesurvey.co.uk/id/7000000000041429,Scotland,http://data.ordnancesurvey.co.uk/id/country/scotland,,,
DG99HF,http://data.ordnancesurvey.co.uk/id/postcodeunit/DG99HF,DG9 9HF,,,,other,Postcode,210787,537434,3500,18000,,,,,,,Clanyard,http://data.ordnancesurvey.co.uk/id/4000000074338356,http://www.ordnancesurvey.co.uk/xml/codelists/localtype.xml#hamlet,,,,Dumfries and Galloway,http://data.ordnancesurvey.co.uk/id/7000000000031903,http://data.ordnancesurvey.co.uk/ontology/admingeo/UnitaryAuthority,Scotland,http://data.ordnancesurvey.co.uk/id/7000000000041429,Scotland,http://data.ordnancesurvey.co.uk/id/country/scotland,,,
DG99PT,http://data.ordnancesurvey.co.uk/id/postcodeunit/DG99PT,DG9 9PT,,,,other,Postcode,213422,536804,3500,18000,,,,,,,Drummore,http://data.ordnancesurvey.co.uk/id/4000000074566338,http://www.ordnancesurvey.co.uk/xml/codelists/localtype.xml#village,,,,Dumfries and Galloway,http://data.ordnancesurvey.co.uk/id/7000000000031903,http://data.ordnancesurvey.co.uk/ontology/admingeo/UnitaryAuthority,Scotland,http://data.ordnancesurvey.co.uk/id/7000000000041429,Scotland,http://data.ordnancesurvey.co.uk/id/country/scotland,,,
DG99PU,http://data.ordnancesurvey.co.uk/id/postcodeunit/DG99PU,DG9 9PU,,,,other,Postcode,213562,536768,3500,18000,,,,,,,Drummore,http://data.ordnancesurvey.co.uk/id/4000000074566338,http://www.ordnancesurvey.co.uk/xml/codelists/localtype.xml#village,,,,Dumfries and Galloway,http://data.ordnancesurvey.co.uk/id/7000000000031903,http://data.ordnancesurvey.co.uk/ontology/admingeo/UnitaryAuthority,Scotland,http://data.ordnancesurvey.co.uk/id/7000000000041429,Scotland,http://data.ordnancesurvey.co.uk/id/country/scotland,,,
DG99QW,http://data.ordnancesurvey.co.uk/id/postcodeunit/DG99QW,DG9 9QW,,,,other,Postcode,212512,536124,3500,18000,,,,,,,,,,,,,Dumfries and Galloway,http://data.ordnancesurvey.co.uk/id/7000000000031903,http://data.ordnancesurvey.co.uk/ontology/admingeo/UnitaryAuthority,Scotland,http://data.ordnancesurvey.co.uk/id/7000000000041429,Scotland,http://data.ordnancesurvey.co.uk/id/country/scotland,,,
DG99HS,http://data.ordnancesurvey.co.uk/id/postcodeunit/DG99HS,DG9 9HS,,,,other,Postcode,213002,536378,3500,18000,,,,,,,,,,,,,Dumfries and Galloway,http://data.ordnancesurvey.co.uk/id/7000000000031903,http://data.ordnancesurvey.co.uk/ontology/admingeo/UnitaryAuthority,Scotland,http://data.ordnancesurvey.co.uk/id/7000000000041429,Scotland,http://data.ordnancesurvey.co.uk/id/country/scotland,,,
DG99QG,http://data.ordnancesurvey.co.uk/id/postcodeunit/DG99QG,DG9 9QG,,,,other,Postcode,213521,536752,3500,18000,,,,,,,Drummore,http://data.ordnancesurvey.co.uk/id/4000000074566338,http://www.ordnancesurvey.co.uk/xml/codelists/localtype.xml#village,,,,Dumfries and Galloway,http://data.ordnancesurvey.co.uk/id/7000000000031903,http://data.ordnancesurvey.co.uk/ontology/admingeo/UnitaryAuthority,Scotland,http://data.ordnancesurvey.co.uk/id/7000000000041429,Scotland,http://data.ordnancesurvey.co.uk/id/country/scotland,,,
DG99PX,http://data.ordnancesurvey.co.uk/id/postcodeunit/DG99PX,DG9 9PX,,,,other,Postcode,213890,536693,3500,18000,,,,,,,Drummore,http://data.ordnancesurvey.co.uk/id/4000000074566338,http://www.ordnancesurvey.co.uk/xml/codelists/localtype.xml#village,,,,Dumfries and Galloway,http://data.ordnancesurvey.co.uk/id/7000000000031903,http://data.ordnancesurvey.co.uk/ontology/admingeo/UnitaryAuthority,Scotland,http://data.ordnancesurvey.co.uk/id/7000000000041429,Scotland,http://data.ordnancesurvey.co.uk/id/country/scotland,,,
DG99RD,http://data.ordnancesurvey.co.uk/id/postcodeunit/DG99RD,DG9 9RD,,,,other,Postcode,213926,534298,3500,18000,,,,,,,,,,,,,Dumfries and Galloway,http://data.ordnancesurvey.co.uk/id/7000000000031903,http://data.ordnancesurvey.co.uk/ontology/admingeo/UnitaryAuthority,Scotland,http://data.ordnancesurvey.co.uk/id/7000000000041429,Scotland,http://data.ordnancesurvey.co.uk/id/country/scotland,,,
DG99QF,http://data.ordnancesurvey.co.uk/id/postcodeunit/DG99QF,DG9 9QF,,,,other,Postcode,213902,536813,3500,18000,,,,,,,Drummore,http://data.ordnancesurvey.co.uk/id/4000000074566338,http://www.ordnancesurvey.co.uk/xml/codelists/localtype.xml#village,,,,Dumfries and Galloway,http://data.ordnancesurvey.co.uk/id/7000000000031903,http://data.ordnancesurvey.co.uk/ontology/admingeo/UnitaryAuthority,Scotland,http://data.ordnancesurvey.co.uk/id/7000000000041429,Scotland,http://data.ordnancesurvey.co.uk/id/country/scotland,,,
DG99HH,http://data.ordnancesurvey.co.uk/id/postcodeunit/DG99HH,DG9 9HH,,,,other,Postcode,211509,534249,3500,18000,,,,,,,,,,,,,Dumfries and Galloway,http://data.ordnancesurvey.co.uk/id/7000000000031903,http://data.ordnancesurvey.co.uk/ontology/admingeo/UnitaryAuthority,Scotland,http://data.ordnancesurvey.co.uk/id/7000000000041429,Scotland,http://data.ordnancesurvey.co.uk/id/country/scotland,,,
DG99NN,http://data.ordnancesurvey.co.uk/id/postcodeunit/DG99NN,DG9 9NN,,,,other,Postcode,210378,539834,3500,18000,,,,,,,,,,,,,Dumfries and Galloway,http://data.ordnancesurvey.co.uk/id/7000000000031903,http://data.ordnancesurvey.co.uk/ontology/admingeo/UnitaryAuthority,Scotland,http://data.ordnancesurvey.co.uk/id/7000000000041429,Scotland,http://data.ordnancesurvey.co.uk/id/country/scotland,,,
DG99HB,http://data.ordnancesurvey.co.uk/id/postcodeunit/DG99HB,DG9 9HB,,,,other,Postcode,212864,536944,3500,18000,,,,,,,,,,,,,Dumfries and Galloway,http://data.ordnancesurvey.co.uk/id/7000000000031903,http://data.ordnancesurvey.co.uk/ontology/admingeo/UnitaryAuthority,Scotland,http://data.ordnancesurvey.co.uk/id/7000000000041429,Scotland,http://data.ordnancesurvey.co.uk/id/country/scotland,,,
DG99HL,http://data.ordnancesurvey.co.uk/id/postcodeunit/DG99HL,DG9 9HL,,,,other,Postcode,212052,533009,3500,18000,,,,,,,,,,,,,Dumfries and Galloway,http://data.ordnancesurvey.co.uk/id/7000000000031903,http://data.ordnancesurvey.co.uk/ontology/admingeo/UnitaryAuthority,Scotland,http://data.ordnancesurvey.co.uk/id/7000000000041429,Scotland,http://data.ordnancesurvey.co.uk/id/country/scotland,,,
DG99QP,http://data.ordnancesurvey.co.uk/id/postcodeunit/DG99QP,DG9 9QP,,,,other,Postcode,212400,536900,3500,18000,,,,,,,Kirkmaiden,http://data.ordnancesurvey.co.uk/id/4000000074566663,http://www.ordnancesurvey.co.uk/xml/codelists/localtype.xml#hamlet,,,,Dumfries and Galloway,http://data.ordnancesurvey.co.uk/id/7000000000031903,http://data.ordnancesurvey.co.uk/ontology/admingeo/UnitaryAuthority,Scotland,http://data.ordnancesurvey.co.uk/id/7000000000041429,Scotland,http://data.ordnancesurvey.co.uk/id/country/scotland,,,
DG99HG,http://data.ordnancesurvey.co.uk/id/postcodeunit/DG99HG,DG9 9HG,,,,other,Postcode,209361,534878,3500,18000,,,,,,,,,,,,,Dumfries and Galloway,http://data.ordnancesurvey.co.uk/id/7000000000031903,http://data.ordnancesurvey.co.uk/ontology/admingeo/UnitaryAuthority,Scotland,http://data.ordnancesurvey.co.uk/id/7000000000041429,Scotland,http://data.ordnancesurvey.co.uk/id/country/scotland,,,
DG99QN,http://data.ordnancesurvey.co.uk/id/postcodeunit/DG99QN,DG9 9QN,,,,other,Postcode,212678,535630,3500,18000,,,,,,,Damnaglaur,http://data.ordnancesurvey.co.uk/id/4000000074566337,http://www.ordnancesurvey.co.uk/xml/codelists/localtype.xml#hamlet,,,,Dumfries and Galloway,http://data.ordnancesurvey.co.uk/id/7000000000031903,http://data.ordnancesurvey.co.uk/ontology/admingeo/UnitaryAuthority,Scotland,http://data.ordnancesurvey.co.uk/id/7000000000041429,Scotland,http://data.ordnancesurvey.co.uk/id/country/scotland,,,
DG99HJ,http://data.ordnancesurvey.co.uk/id/postcodeunit/DG99HJ,DG9 9HJ,,,,other,Postcode,212365,535451,3500,18000,,,,,,,,,,,,,Dumfries and Galloway,http://data.ordnancesurvey.co.uk/id/7000000000031903,http://data.ordnancesurvey.co.uk/ontology/admingeo/UnitaryAuthority,Scotland,http://data.ordnancesurvey.co.uk/id/7000000000041429,Scotland,http://data.ordnancesurvey.co.uk/id/country/scotland,,,
osgb5000005109859642,http://data.ordnancesurvey.co.uk/id/5000005109859642,Craig Street,,,,transportNetwork,Named Road,213540,536733,1000,20000,213512,536682,213613,536752,DG9,http://data.ordnancesurvey.co.uk/id/postcodedistrict/DG9,Drummore,http://data.ordnancesurvey.co.uk/id/4000000074566338,http://www.ordnancesurvey.co.uk/xml/codelists/localtype.xml#village,,,,Dumfries and Galloway,http://data.ordnancesurvey.co.uk/id/7000000000031903,http://data.ordnancesurvey.co.uk/ontology/admingeo/UnitaryAuthority,Scotland,http://data.ordnancesurvey.co.uk/id/7000000000041429,Scotland,http://data.ordnancesurvey.co.uk/id/country/scotland,,,
osgb4000000006897264,http://data.ordnancesurvey.co.uk/id/4000000006897264,B7065,,,,transportNetwork,Numbered Road,211180,539497,52000,250000,209730,535551,212729,543518,DG9,http://data.ordnancesurvey.co.uk/id/postcodedistrict/DG9,,,,,,,Dumfries and Galloway,http://data.ordnancesurvey.co.uk/id/7000000000031903,http://data.ordnancesurvey.co.uk/ontology/admingeo/UnitaryAuthority,Scotland,http://data.ordnancesurvey.co.uk/id/7000000000041429,Scotland,http://data.ordnancesurvey.co.uk/id/country/scotland,,,
osgb4000000006896261,http://data.ordnancesurvey.co.uk/id/4000000006896261,Harbour Terrace,,,,transportNetwork,Named Road,213798,536706,1000,20000,213700,536691,213875,536765,DG9,http://data.ordnancesurvey.co.uk/id/postcodedistrict/DG9,Drummore,http://data.ordnancesurvey.co.uk/id/4000000074566338,http://www.ordnancesurvey.co.uk/xml/codelists/localtype.xml#village,,,,Dumfries and Galloway,http://data.ordnancesurvey.co.uk/id/7000000000031903,http://data.ordnancesurvey.co.uk/ontology/admingeo/UnitaryAuthority,Scotland,http://data.ordnancesurvey.co.uk/id/7000000000041429,Scotland,http://data.ordnancesurvey.co.uk/id/country/scotland,,,
osgb4000000006895084,http://data.ordnancesurvey.co.uk/id/4000000006895084,Cailiness Road,,,,transportNetwork,Named Road,214124,536413,5000,20000,213894,536024,214436,536854,DG9,http://data.ordnancesurvey.co.uk/id/postcodedistrict/DG9,Drummore,http://data.ordnancesurvey.co.uk/id/4000000074566338,http://www.ordnancesurvey.co.uk/xml/codelists/localtype.xml#village,,,,Dumfries and Galloway,http://data.ordnancesurvey.co.uk/id/7000000000031903,http://data.ordnancesurvey.co.uk/ontology/admingeo/UnitaryAuthority,Scotland,http://data.ordnancesurvey.co.uk/id/7000000000041429,Scotland,http://data.ordnancesurvey.co.uk/id/country/scotland,,,
osgb4000000006895585,http://data.ordnancesurvey.co.uk/id/4000000006895585,Shore Street,,,,transportNetwork,Named Road,213577,536769,1000,20000,213487,536756,213663,536828,DG9,http://data.ordnancesurvey.co.uk/id/postcodedistrict/DG9,Drummore,http://data.ordnancesurvey.co.uk/id/4000000074566338,http://www.ordnancesurvey.co.uk/xml/codelists/localtype.xml#village,,,,Dumfries and Galloway,http://data.ordnancesurvey.co.uk/id/7000000000031903,http://data.ordnancesurvey.co.uk/ontology/admingeo/UnitaryAuthority,Scotland,http://data.ordnancesurvey.co.uk/id/7000000000041429,Scotland,http://data.ordnancesurvey.co.uk/id/country/scotland,,,
osgb4000000006895211,http://data.ordnancesurvey.co.uk/id/4000000006895211,Mill Street,,,,transportNetwork,Named Road,213560,536620,2000,20000,213447,536496,213663,536756,DG9,http://data.ordnancesurvey.co.uk/id/postcodedistrict/DG9,Drummore,http://data.ordnancesurvey.co.uk/id/4000000074566338,http://www.ordnancesurvey.co.uk/xml/codelists/localtype.xml#village,,,,Dumfries and Galloway,http://data.ordnancesurvey.co.uk/id/7000000000031903,http://data.ordnancesurvey.co.uk/ontology/admingeo/UnitaryAuthority,Scotland,http://data.ordnancesurvey.co.uk/id/7000000000041429,Scotland,http://data.ordnancesurvey.co.uk/id/country/scotland,,,
osgb4000000006896262,http://data.ordnancesurvey.co.uk/id/4000000006896262,Shaw Lane,,,,transportNetwork,Named Road,213597,536585,1000,20000,213560,536578,213605,536620,DG9,http://data.ordnancesurvey.co.uk/id/postcodedistrict/DG9,Drummore,http://data.ordnancesurvey.co.uk/id/4000000074566338,http://www.ordnancesurvey.co.uk/xml/codelists/localtype.xml#village,,,,Dumfries and Galloway,http://data.ordnancesurvey.co.uk/id/7000000000031903,http://data.ordnancesurvey.co.uk/ontology/admingeo/UnitaryAuthority,Scotland,http://data.ordnancesurvey.co.uk/id/7000000000041429,Scotland,http://data.ordnancesurvey.co.uk/id/country/scotland,,,
osgb4000000006897290,http://data.ordnancesurvey.co.uk/id/4000000006897290,B7041,,,,transportNetwork,Numbered Road,212789,535088,20000,250000,212727,533622,213649,536637,DG9,http://data.ordnancesurvey.co.uk/id/postcodedistrict/DG9,,,,,,,Dumfries and Galloway,http://data.ordnancesurvey.co.uk/id/7000000000031903,http://data.ordnancesurvey.co.uk/ontology/admingeo/UnitaryAuthority,Scotland,http://data.ordnancesurvey.co.uk/id/7000000000041429,Scotland,http://data.ordnancesurvey.co.uk/id/country/scotland,,,
osgb4000000006904148,http://data.ordnancesurvey.co.uk/id/4000000006904148,Ward Place,,,,transportNetwork,Named Road,213873,536700,1000,20000,213867,536700,213887,536711,DG9,http://data.ordnancesurvey.co.uk/id/postcodedistrict/DG9,Drummore,http://data.ordnancesurvey.co.uk/id/4000000074566338,http://www.ordnancesurvey.co.uk/xml/codelists/localtype.xml#village,,,,Dumfries and Galloway,http://data.ordnancesurvey.co.uk/id/7000000000031903,http://data.ordnancesurvey.co.uk/ontology/admingeo/UnitaryAuthority,Scotland,http://data.ordnancesurvey.co.uk/id/7000000000041429,Scotland,http://data.ordnancesurvey.co.uk/id/country/scotland,,,
00d52a37-0bd6-4225-8ab6-8dcd0e8d986a,http://data.ordnancesurvey.co.uk/id/00d52a37-0bd6-4225-8ab6-8dcd0e8d986a,Cailiness Road,,,,transportNetwork,Section Of Named Road,214124,536609,3000,25000,213894,536398,214137,536854,DG9,http://data.ordnancesurvey.co.uk/id/postcodedistrict/DG9,Drummore,http://data.ordnancesurvey.co.uk/id/4000000074566338,http://www.ordnancesurvey.co.uk/xml/codelists/localtype.xml#village,,,,Dumfries and Galloway,http://data.ordnancesurvey.co.uk/id/7000000000031903,http://data.ordnancesurvey.co.uk/ontology/admingeo/UnitaryAuthority,Scotland,http://data.ordnancesurvey.co.uk/id/7000000000041429,Scotland,http://data.ordnancesurvey.co.uk/id/country/scotland,osgb4000000006895084,,
osgb4000000006895583,http://data.ordnancesurvey.co.uk/id/4000000006895583,Harbour Road,,,,transportNetwork,Named Road,213799,536759,2000,20000,213663,536754,213894,536852,DG9,http://data.ordnancesurvey.co.uk/id/postcodedistrict/DG9,Drummore,http://data.ordnancesurvey.co.uk/id/4000000074566338,http://www.ordnancesurvey.co.uk/xml/codelists/localtype.xml#village,,,,Dumfries and Galloway,http://data.ordnancesurvey.co.uk/id/7000000000031903,http://data.ordnancesurvey.co.uk/ontology/admingeo/UnitaryAuthority,Scotland,http://data.ordnancesurvey.co.uk/id/7000000000041429,Scotland,http://data.ordnancesurvey.co.uk/id/country/scotland,,,
osgb4000000074756836,http://data.ordnancesurvey.co.uk/id/4000000074756836,Carrickcorie,,,,landform,Other Coastal Landform,214223,530402,1000,20000,213977,530152,214477,530652,DG9,http://data.ordnancesurvey.co.uk/id/postcodedistrict/DG9,,,,,,,Dumfries and Galloway,http://data.ordnancesurvey.co.uk/id/7000000000031903,http://data.ordnancesurvey.co.uk/ontology/admingeo/UnitaryAuthority,Scotland,http://data.ordnancesurvey.co.uk/id/7000000000041429,Scotland,http://data.ordnancesurvey.co.uk/id/country/scotland,,,
osgb4000000074724194,http://data.ordnancesurvey.co.uk/id/4000000074724194,Kildonan Glen,,,,landform,Valley,212817,536015,3000,800000,212543,535765,213043,536265,DG9,http://data.ordnancesurvey.co.uk/id/postcodedistrict/DG9,,,,,,,Dumfries and Galloway,http://data.ordnancesurvey.co.uk/id/7000000000031903,http://data.ordnancesurvey.co.uk/ontology/admingeo/UnitaryAuthority,Scotland,http://data.ordnancesurvey.co.uk/id/7000000000041429,Scotland,http://data.ordnancesurvey.co.uk/id/country/scotland,,,
osgb4000000074770538,http://data.ordnancesurvey.co.uk/id/4000000074770538,Bere Hill,,,,landform,Hill Or Mountain,211077,538942,1000,300000,210827,538692,211327,539192,DG9,http://data.ordnancesurvey.co.uk/id/postcodedistrict/DG9,,,,,,,Dumfries and Galloway,http://data.ordnancesurvey.co.uk/id/7000000000031903,http://data.ordnancesurvey.co.uk/ontology/admingeo/UnitaryAuthority,Scotland,http://data.ordnancesurvey.co.uk/id/7000000000041429,Scotland,http://data.ordnancesurvey.co.uk/id/country/scotland,,,
osgb4000000074721555,http://data.ordnancesurvey.co.uk/id/4000000074721555,Path Sands,,,,landcover,Beach,212844,539561,2000,100000,212594,539313,213094,539813,DG9,http://data.ordnancesurvey.co.uk/id/postcodedistrict/DG9,,,,,,,Dumfries and Galloway,http://data.ordnancesurvey.co.uk/id/7000000000031903,http://data.ordnancesurvey.co.uk/ontology/admingeo/UnitaryAuthority,Scotland,http://data.ordnancesurvey.co.uk/id/7000000000041429,Scotland,http://data.ordnancesurvey.co.uk/id/country/scotland,,,
osgb4000000074756069,http://data.ordnancesurvey.co.uk/id/4000000074756069,Old Mill Rock,,,,landform,Other Coastal Landform,212761,531106,1000,50000,212510,530857,213010,531357,DG9,http://data.ordnancesurvey.co.uk/id/postcodedistrict/DG9,,,,,,,Dumfries and Galloway,http://data.ordnancesurvey.co.uk/id/7000000000031903,http://data.ordnancesurvey.co.uk/ontology/admingeo/UnitaryAuthority,Scotland,http://data.ordnancesurvey.co.uk/id/7000000000041429,Scotland,http://data.ordnancesurvey.co.uk/id/country/scotland,,,
osgb4000000074756149,http://data.ordnancesurvey.co.uk/id/4000000074756149,Gounie Head,,,,landform,Other Coastal Landform,208505,536816,1000,50000,208255,536563,208755,537063,DG9,http://data.ordnancesurvey.co.uk/id/postcodedistrict/DG9,,,,,,,Dumfries and Galloway,http://data.ordnancesurvey.co.uk/id/7000000000031903,http://data.ordnancesurvey.co.uk/ontology/admingeo/UnitaryAuthority,Scotland,http://data.ordnancesurvey.co.uk/id/7000000000041429,Scotland,http://data.ordnancesurvey.co.uk/id/country/scotland,,,
osgb4000000074757022,http://data.ordnancesurvey.co.uk/id/4000000074757022,Norway Craig,,,,landform,Island,208869,534526,1000,800000,208619,534290,209119,534790,DG9,http://data.ordnancesurvey.co.uk/id/postcodedistrict/DG9,,,,,,,Dumfries and Galloway,http://data.ordnancesurvey.co.uk/id/7000000000031903,http://data.ordnancesurvey.co.uk/ontology/admingeo/UnitaryAuthority,Scotland,http://data.ordnancesurvey.co.uk/id/7000000000041429,Scotland,http://data.ordnancesurvey.co.uk/id/country/scotland,,,
osgb4000000074770478,http://data.ordnancesurvey.co.uk/id/4000000074770478,Kirkbride Hill,,,,landform,Hill Or Mountain,211390,539600,1000,300000,211140,539350,211640,539850,DG9,http://data.ordnancesurvey.co.uk/id/postcodedistrict/DG9,,,,,,,Dumfries and Galloway,http://data.ordnancesurvey.co.uk/id/7000000000031903,http://data.ordnancesurvey.co.uk/ontology/admingeo/UnitaryAuthority,Scotland,http://data.ordnancesurvey.co.uk/id/7000000000041429,Scotland,http://data.ordnancesurvey.co.uk/id/country/scotland,,,
osgb4000000074757014,http://data.ordnancesurvey.co.uk/id/4000000074757014,Lagganusk,,,,landform,Island,214194,530577,1000,800000,213944,530327,214444,530827,DG9,http://data.ordnancesurvey.co.uk/id/postcodedistrict/DG9,,,,,,,Dumfries and Galloway,http://data.ordnancesurvey.co.uk/id/7000000000031903,http://data.ordnancesurvey.co.uk/ontology/admingeo/UnitaryAuthority,Scotland,http://data.ordnancesurvey.co.uk/id/7000000000041429,Scotland,http://data.ordnancesurvey.co.uk/id/country/scotland,,,
osgb4000000074785811,http://data.ordnancesurvey.co.uk/id/4000000074785811,Pulinkum Burn Foot,,,,hydrography,Tidal Water,211954,531479,1000,150000,211704,531229,212204,531729,DG9,http://data.ordnancesurvey.co.uk/id/postcodedistrict/DG9,,,,,,,Dumfries and Galloway,http://data.ordnancesurvey.co.uk/id/7000000000031903,http://data.ordnancesurvey.co.uk/ontology/admingeo/UnitaryAuthority,Scotland,http://data.ordnancesurvey.co.uk/id/7000000000041429,Scotland,http://data.ordnancesurvey.co.uk/id/country/scotland,,,
osgb4000000074756837,http://data.ordnancesurvey.co.uk/id/4000000074756837,Sloucheen Slunk,,,,landform,Other Coastal Landform,209190,533858,1000,20000,208940,533607,209440,534107,DG9,http://data.ordnancesurvey.co.uk/id/postcodedistrict/DG9,,,,,,,Dumfries and Galloway,http://data.ordnancesurvey.co.uk/id/7000000000031903,http://data.ordnancesurvey.co.uk/ontology/admingeo/UnitaryAuthority,Scotland,http://data.ordnancesurvey.co.uk/id/7000000000041429,Scotland,http://data.ordnancesurvey.co.uk/id/country/scotland,,,
osgb4000000074756926,http://data.ordnancesurvey.co.uk/id/4000000074756926,Man of War Craig,,,,landform,Other Coastal Landform,214816,530810,1000,50000,214588,530560,215088,531060,DG9,http://data.ordnancesurvey.co.uk/id/postcodedistrict/DG9,,,,,,,Dumfries and Galloway,http://data.ordnancesurvey.co.uk/id/7000000000031903,http://data.ordnancesurvey.co.uk/ontology/admingeo/UnitaryAuthority,Scotland,http://data.ordnancesurvey.co.uk/id/7000000000041429,Scotland,http://data.ordnancesurvey.co.uk/id/country/scotland,,,
osgb4000000074756071,http://data.ordnancesurvey.co.uk/id/4000000074756071,Portavaddie,,,,landform,Other Coastal Landform,214436,531468,3000,50000,214186,531063,214686,531563,DG9,http://data.ordnancesurvey.co.uk/id/postcodedistrict/DG9,,,,,,,Dumfries and Galloway,http://data.ordnancesurvey.co.uk/id/7000000000031903,http://data.ordnancesurvey.co.uk/ontology/admingeo/UnitaryAuthority,Scotland,http://data.ordnancesurvey.co.uk/id/7000000000041429,Scotland,http://data.ordnancesurvey.co.uk/id/country/scotland,,,
osgb4000000074756930,http://data.ordnancesurvey.co.uk/id/4000000074756930,Face of the Carrick,,,,landform,Other Coastal Landform,209111,533920,1000,20000,208872,533670,209372,534170,DG9,http://data.ordnancesurvey.co.uk/id/postcodedistrict/DG9,,,,,,,Dumfries and Galloway,http://data.ordnancesurvey.co.uk/id/7000000000031903,http://data.ordnancesurvey.co.uk/ontology/admingeo/UnitaryAuthority,Scotland,http://data.ordnancesurvey.co.uk/id/7000000000041429,Scotland,http://data.ordnancesurvey.co.uk/id/country/scotland,,,
osgb4000000074756924,http://data.ordnancesurvey.co.uk/id/4000000074756924,Tob-brugh,,,,landform,Other Coastal Landform,215292,530776,1000,50000,215046,530526,215546,531026,DG9,http://data.ordnancesurvey.co.uk/id/postcodedistrict/DG9,,,,,,,Dumfries and Galloway,http://data.ordnancesurvey.co.uk/id/7000000000031903,http://data.ordnancesurvey.co.uk/ontology/admingeo/UnitaryAuthority,Scotland,http://data.ordnancesurvey.co.uk/id/7000000000041429,Scotland,http://data.ordnancesurvey.co.uk/id/country/scotland,,,
osgb4000000074739695,http://data.ordnancesurvey.co.uk/id/4000000074739695,McWhinnie's Moss,,,,landcover,Other Landcover,211826,533966,5000,800000,211577,533653,212077,534392,DG9,http://data.ordnancesurvey.co.uk/id/postcodedistrict/DG9,,,,,,,Dumfries and Galloway,http://data.ordnancesurvey.co.uk/id/7000000000031903,http://data.ordnancesurvey.co.uk/ontology/admingeo/UnitaryAuthority,Scotland,http://data.ordnancesurvey.co.uk/id/7000000000041429,Scotland,http://data.ordnancesurvey.co.uk/id/country/scotland,,,
osgb4000000074756070,http://data.ordnancesurvey.co.uk/id/4000000074756070,Old Turie,,,,landform,Island,212704,531129,1000,800000,212458,530879,212958,531379,DG9,http://data.ordnancesurvey.co.uk/id/postcodedistrict/DG9,,,,,,,Dumfries and Galloway,http://data.ordnancesurvey.co.uk/id/7000000000031903,http://data.ordnancesurvey.co.uk/ontology/admingeo/UnitaryAuthority,Scotland,http://data.ordnancesurvey.co.uk/id/7000000000041429,Scotland,http://data.ordnancesurvey.co.uk/id/country/scotland,,,
osgb4000000074788346,http://data.ordnancesurvey.co.uk/id/4000000074788346,Slate Heugh Bay,,,,hydrography,Bay,209204,539613,1000,150000,208954,539368,209454,539868,DG9,http://data.ordnancesurvey.co.uk/id/postcodedistrict/DG9,,,,,,,Dumfries and Galloway,http://data.ordnancesurvey.co.uk/id/7000000000031903,http://data.ordnancesurvey.co.uk/ontology/admingeo/UnitaryAuthority,Scotland,http://data.ordnancesurvey.co.uk/id/7000000000041429,Scotland,http://data.ordnancesurvey.co.uk/id/country/scotland,,,
osgb4000000074757020,http://data.ordnancesurvey.co.uk/id/4000000074757020,Grannan,,,,landform,Other Coastal Landform,208833,534112,1000,50000,208584,533862,209084,534362,DG9,http://data.ordnancesurvey.co.uk/id/postcodedistrict/DG9,,,,,,,Dumfries and Galloway,http://data.ordnancesurvey.co.uk/id/7000000000031903,http://data.ordnancesurvey.co.uk/ontology/admingeo/UnitaryAuthority,Scotland,http://data.ordnancesurvey.co.uk/id/7000000000041429,Scotland,http://data.ordnancesurvey.co.uk/id/country/scotland,,,
osgb4000000074755996,http://data.ordnancesurvey.co.uk/id/4000000074755996,Carrickcamrie,,,,landform,Other Coastal Landform,212966,531029,1000,20000,212710,530780,213210,531280,DG9,http://data.ordnancesurvey.co.uk/id/postcodedistrict/DG9,,,,,,,Dumfries and Galloway,http://data.ordnancesurvey.co.uk/id/7000000000031903,http://data.ordnancesurvey.co.uk/ontology/admingeo/UnitaryAuthority,Scotland,http://data.ordnancesurvey.co.uk/id/7000000000041429,Scotland,http://data.ordnancesurvey.co.uk/id/country/scotland,,,
osgb4000000074788141,http://data.ordnancesurvey.co.uk/id/4000000074788141,Wallace Hole,,,,hydrography,Tidal Water,211256,531771,1000,150000,211022,531521,211522,532021,DG9,http://data.ordnancesurvey.co.uk/id/postcodedistrict/DG9,,,,,,,Dumfries and Galloway,http://data.ordnancesurvey.co.uk/id/7000000000031903,http://data.ordnancesurvey.co.uk/ontology/admingeo/UnitaryAuthority,Scotland,http://data.ordnancesurvey.co.uk/id/7000000000041429,Scotland,http://data.ordnancesurvey.co.uk/id/country/scotland,,,
osgb4000000074754754,http://data.ordnancesurvey.co.uk/id/4000000074754754,Mill Bawn,,,,landform,Other Coastal Landform,208649,535469,1000,50000,208399,535219,208899,535719,DG9,http://data.ordnancesurvey.co.uk/id/postcodedistrict/DG9,,,,,,,Dumfries and Galloway,http://data.ordnancesurvey.co.uk/id/7000000000031903,http://data.ordnancesurvey.co.uk/ontology/admingeo/UnitaryAuthority,Scotland,http://data.ordnancesurvey.co.uk/id/7000000000041429,Scotland,http://data.ordnancesurvey.co.uk/id/country/scotland,,,
osgb4000000074769743,http://data.ordnancesurvey.co.uk/id/4000000074769743,Allen Head,,,,landform,Other Landform,213123,535428,1000,15000,212817,535178,213317,535678,DG9,http://data.ordnancesurvey.co.uk/id/postcodedistrict/DG9,,,,,,,Dumfries and Galloway,http://data.ordnancesurvey.co.uk/id/7000000000031903,http://data.ordnancesurvey.co.uk/ontology/admingeo/UnitaryAuthority,Scotland,http://data.ordnancesurvey.co.uk/id/7000000000041429,Scotland,http://data.ordnancesurvey.co.uk/id/country/scotland,,,
osgb4000000074788345,http://data.ordnancesurvey.co.uk/id/4000000074788345,Strones Bay,,,,hydrography,Bay,209506,538683,1000,150000,209256,538422,209756,538922,DG9,http://data.ordnancesurvey.co.uk/id/postcodedistrict/DG9,,,,,,,Dumfries and Galloway,http://data.ordnancesurvey.co.uk/id/7000000000031903,http://data.ordnancesurvey.co.uk/ontology/admingeo/UnitaryAuthority,Scotland,http://data.ordnancesurvey.co.uk/id/7000000000041429,Scotland,http://data.ordnancesurvey.co.uk/id/country/scotland,,,
osgb4000000074797944,http://data.ordnancesurvey.co.uk/id/4000000074797944,Slouchnamorroch Bay,,,,hydrography,Bay,209305,539231,2000,150000,209055,538941,209555,539441,DG9,http://data.ordnancesurvey.co.uk/id/postcodedistrict/DG9,,,,,,,Dumfries and Galloway,http://data.ordnancesurvey.co.uk/id/7000000000031903,http://data.ordnancesurvey.co.uk/ontology/admingeo/UnitaryAuthority,Scotland,http://data.ordnancesurvey.co.uk/id/7000000000041429,Scotland,http://data.ordnancesurvey.co.uk/id/country/scotland,,,
osgb4000000074756929,http://data.ordnancesurvey.co.uk/id/4000000074756929,Slewgulie,,,,landform,Other Coastal Landform,208823,534080,1000,50000,208573,533832,209073,534332,DG9,http://data.ordnancesurvey.co.uk/id/postcodedistrict/DG9,,,,,,,Dumfries and Galloway,http://data.ordnancesurvey.co.uk/id/7000000000031903,http://data.ordnancesurvey.co.uk/ontology/admingeo/UnitaryAuthority,Scotland,http://data.ordnancesurvey.co.uk/id/7000000000041429,Scotland,http://data.ordnancesurvey.co.uk/id/country/scotland,,,
osgb4000000074769985,http://data.ordnancesurvey.co.uk/id/4000000074769985,Dunan Hill,,,,landform,Hill Or Mountain,213480,532270,1000,300000,213230,532020,213730,532520,DG9,http://data.ordnancesurvey.co.uk/id/postcodedistrict/DG9,,,,,,,Dumfries and Galloway,http://data.ordnancesurvey.co.uk/id/7000000000031903,http://data.ordnancesurvey.co.uk/ontology/admingeo/UnitaryAuthority,Scotland,http://data.ordnancesurvey.co.uk/id/7000000000041429,Scotland,http://data.ordnancesurvey.co.uk/id/country/scotland,,,
osgb4000000074788083,http://data.ordnancesurvey.co.uk/id/4000000074788083,Back Bay,,,,hydrography,Bay,214130,532754,1000,150000,213880,532501,214380,533001,DG9,http://data.ordnancesurvey.co.uk/id/postcodedistrict/DG9,,,,,,,Dumfries and Galloway,http://data.ordnancesurvey.co.uk/id/7000000000031903,http://data.ordnancesurvey.co.uk/ontology/admingeo/UnitaryAuthority,Scotland,http://data.ordnancesurvey.co.uk/id/7000000000041429,Scotland,http://data.ordnancesurvey.co.uk/id/country/scotland,,,
osgb4000000074756435,http://data.ordnancesurvey.co.uk/id/4000000074756435,Bullet,,,,landform,Other Coastal Landform,211495,531576,1000,20000,211248,531327,211748,531827,DG9,http://data.ordnancesurvey.co.uk/id/postcodedistrict/DG9,,,,,,,Dumfries and Galloway,http://data.ordnancesurvey.co.uk/id/7000000000031903,http://data.ordnancesurvey.co.uk/ontology/admingeo/UnitaryAuthority,Scotland,http://data.ordnancesurvey.co.uk/id/7000000000041429,Scotland,http://data.ordnancesurvey.co.uk/id/country/scotland,,,
osgb4000000074756440,http://data.ordnancesurvey.co.uk/id/4000000074756440,Cairnywellan Head,,,,landform,Coastal Headland,209114,539941,2000,750000,208865,539655,209365,540155,DG9,http://data.ordnancesurvey.co.uk/id/postcodedistrict/DG9,,,,,,,Dumfries and Galloway,http://data.ordnancesurvey.co.uk/id/7000000000031903,http://data.ordnancesurvey.co.uk/ontology/admingeo/UnitaryAuthority,Scotland,http://data.ordnancesurvey.co.uk/id/7000000000041429,Scotland,http://data.ordnancesurvey.co.uk/id/country/scotland,,,
osgb4000000074798145,http://data.ordnancesurvey.co.uk/id/4000000074798145,Port Mona,,,,hydrography,Bay,210429,532530,1000,150000,210180,532265,210680,532765,DG9,http://data.ordnancesurvey.co.uk/id/postcodedistrict/DG9,,,,,,,Dumfries and Galloway,http://data.ordnancesurvey.co.uk/id/7000000000031903,http://data.ordnancesurvey.co.uk/ontology/admingeo/UnitaryAuthority,Scotland,http://data.ordnancesurvey.co.uk/id/7000000000041429,Scotland,http://data.ordnancesurvey.co.uk/id/country/scotland,,,
osgb4000000074770539,http://data.ordnancesurvey.co.uk/id/4000000074770539,Mugloch Hill,,,,landform,Hill Or Mountain,210680,538600,1000,300000,210430,538350,210930,538850,DG9,http://data.ordnancesurvey.co.uk/id/postcodedistrict/DG9,,,,,,,Dumfries and Galloway,http://data.ordnancesurvey.co.uk/id/7000000000031903,http://data.ordnancesurvey.co.uk/ontology/admingeo/UnitaryAuthority,Scotland,http://data.ordnancesurvey.co.uk/id/7000000000041429,Scotland,http://data.ordnancesurvey.co.uk/id/country/scotland,,,
osgb4000000074756832,http://data.ordnancesurvey.co.uk/id/4000000074756832,Carrick-kee,,,,landform,Other Coastal Landform,214565,530269,1000,50000,214308,530019,214808,530519,DG9,http://data.ordnancesurvey.co.uk/id/postcodedistrict/DG9,,,,,,,Dumfries and Galloway,http://data.ordnancesurvey.co.uk/id/7000000000031903,http://data.ordnancesurvey.co.uk/ontology/admingeo/UnitaryAuthority,Scotland,http://data.ordnancesurvey.co.uk/id/7000000000041429,Scotland,http://data.ordnancesurvey.co.uk/id/country/scotland,,,
osgb4000000074757253,http://data.ordnancesurvey.co.uk/id/4000000074757253,Yellow Horse,,,,landform,Other Coastal Landform,208469,536478,1000,20000,208219,536195,208719,536695,DG9,http://data.ordnancesurvey.co.uk/id/postcodedistrict/DG9,,,,,,,Dumfries and Galloway,http://data.ordnancesurvey.co.uk/id/7000000000031903,http://data.ordnancesurvey.co.uk/ontology/admingeo/UnitaryAuthority,Scotland,http://data.ordnancesurvey.co.uk/id/7000000000041429,Scotland,http://data.ordnancesurvey.co.uk/id/country/scotland,,,
osgb4000000074756283,http://data.ordnancesurvey.co.uk/id/4000000074756283,Carrickamickie,,,,landform,Cliff Or Slope,212175,531482,2000,40000,211944,531232,212444,531732,DG9,http://data.ordnancesurvey.co.uk/id/postcodedistrict/DG9,,,,,,,Dumfries and Galloway,http://data.ordnancesurvey.co.uk/id/7000000000031903,http://data.ordnancesurvey.co.uk/ontology/admingeo/UnitaryAuthority,Scotland,http://data.ordnancesurvey.co.uk/id/7000000000041429,Scotland,http://data.ordnancesurvey.co.uk/id/country/scotland,,,
osgb4000000074756662,http://data.ordnancesurvey.co.uk/id/4000000074756662,Craignaherrie,,,,landform,Other Coastal Landform,215871,530716,1000,50000,215619,530466,216119,530966,DG9,http://data.ordnancesurvey.co.uk/id/postcodedistrict/DG9,,,,,,,Dumfries and Galloway,http://data.ordnancesurvey.co.uk/id/7000000000031903,http://data.ordnancesurvey.co.uk/ontology/admingeo/UnitaryAuthority,Scotland,http://data.ordnancesurvey.co.uk/id/7000000000041429,Scotland,http://data.ordnancesurvey.co.uk/id/country/scotland,,,
osgb4000000074756927,http://data.ordnancesurvey.co.uk/id/4000000074756927,Broad Stone,,,,landform,Other Coastal Landform,211349,531658,1000,50000,211109,531408,211609,531908,DG9,http://data.ordnancesurvey.co.uk/id/postcodedistrict/DG9,,,,,,,Dumfries and Galloway,http://data.ordnancesurvey.co.uk/id/7000000000031903,http://data.ordnancesurvey.co.uk/ontology/admingeo/UnitaryAuthority,Scotland,http://data.ordnancesurvey.co.uk/id/7000000000041429,Scotland,http://data.ordnancesurvey.co.uk/id/country/scotland,,,
osgb4000000074770479,http://data.ordnancesurvey.co.uk/id/4000000074770479,Cock Hill,,,,landform,Hill Or Mountain,211650,533910,1000,300000,211400,533660,211900,534160,DG9,http://data.ordnancesurvey.co.uk/id/postcodedistrict/DG9,,,,,,,Dumfries and Galloway,http://data.ordnancesurvey.co.uk/id/7000000000031903,http://data.ordnancesurvey.co.uk/ontology/admingeo/UnitaryAuthority,Scotland,http://data.ordnancesurvey.co.uk/id/7000000000041429,Scotland,http://data.ordnancesurvey.co.uk/id/country/scotland,,,
osgb4000000074756360,http://data.ordnancesurvey.co.uk/id/4000000074756360,North Lennans,,,,landform,Other Coastal Landform,209356,539179,1000,50000,209106,538902,209606,539402,DG9,http://data.ordnancesurvey.co.uk/id/postcodedistrict/DG9,,,,,,,Dumfries and Galloway,http://data.ordnancesurvey.co.uk/id/7000000000031903,http://data.ordnancesurvey.co.uk/ontology/admingeo/UnitaryAuthority,Scotland,http://data.ordnancesurvey.co.uk/id/7000000000041429,Scotland,http://data.ordnancesurvey.co.uk/id/country/scotland,,,
osgb4000000074787161,http://data.ordnancesurvey.co.uk/id/4000000074787161,Old Mill Bay,,,,hydrography,Bay,212697,531223,1000,150000,212443,530973,212943,531473,DG9,http://data.ordnancesurvey.co.uk/id/postcodedistrict/DG9,,,,,,,Dumfries and Galloway,http://data.ordnancesurvey.co.uk/id/7000000000031903,http://data.ordnancesurvey.co.uk/ontology/admingeo/UnitaryAuthority,Scotland,http://data.ordnancesurvey.co.uk/id/7000000000041429,Scotland,http://data.ordnancesurvey.co.uk/id/country/scotland,,,
osgb4000000074756363,http://data.ordnancesurvey.co.uk/id/4000000074756363,Dunbuck,,,,landform,Island,209580,538512,1000,800000,209329,538262,209829,538762,DG9,http://data.ordnancesurvey.co.uk/id/postcodedistrict/DG9,,,,,,,Dumfries and Galloway,http://data.ordnancesurvey.co.uk/id/7000000000031903,http://data.ordnancesurvey.co.uk/ontology/admingeo/UnitaryAuthority,Scotland,http://data.ordnancesurvey.co.uk/id/7000000000041429,Scotland,http://data.ordnancesurvey.co.uk/id/country/scotland,,,
osgb4000000074798236,http://data.ordnancesurvey.co.uk/id/4000000074798236,Breddock Bay,,,,hydrography,Bay,209093,537217,1000,150000,208835,536967,209335,537467,DG9,http://data.ordnancesurvey.co.uk/id/postcodedistrict/DG9,,,,,,,Dumfries and Galloway,http://data.ordnancesurvey.co.uk/id/7000000000031903,http://data.ordnancesurvey.co.uk/ontology/admingeo/UnitaryAuthority,Scotland,http://data.ordnancesurvey.co.uk/id/7000000000041429,Scotland,http://data.ordnancesurvey.co.uk/id/country/scotland,,,
osgb4000000074756931,http://data.ordnancesurvey.co.uk/id/4000000074756931,Grennan Point,,,,landcover,Wetland,213129,538855,2000,200000,212879,538622,213379,539122,DG9,http://data.ordnancesurvey.co.uk/id/postcodedistrict/DG9,,,,,,,Dumfries and Galloway,http://data.ordnancesurvey.co.uk/id/7000000000031903,http://data.ordnancesurvey.co.uk/ontology/admingeo/UnitaryAuthority,Scotland,http://data.ordnancesurvey.co.uk/id/7000000000041429,Scotland,http://data.ordnancesurvey.co.uk/id/country/scotland,,,
osgb4000000074756326,http://data.ordnancesurvey.co.uk/id/4000000074756326,Grennan Craigs,,,,landform,Cliff Or Slope,212688,539813,2000,40000,212438,539535,212938,540035,DG9,http://data.ordnancesurvey.co.uk/id/postcodedistrict/DG9,,,,,,,Dumfries and Galloway,http://data.ordnancesurvey.co.uk/id/7000000000031903,http://data.ordnancesurvey.co.uk/ontology/admingeo/UnitaryAuthority,Scotland,http://data.ordnancesurvey.co.uk/id/7000000000041429,Scotland,http://data.ordnancesurvey.co.uk/id/country/scotland,,,
osgb4000000074756066,http://data.ordnancesurvey.co.uk/id/4000000074756066,Dunorroch,,,,landform,Other Coastal Landform,213129,531047,1000,50000,212879,530792,213379,531292,DG9,http://data.ordnancesurvey.co.uk/id/postcodedistrict/DG9,,,,,,,Dumfries and Galloway,http://data.ordnancesurvey.co.uk/id/7000000000031903,http://data.ordnancesurvey.co.uk/ontology/admingeo/UnitaryAuthority,Scotland,http://data.ordnancesurvey.co.uk/id/7000000000041429,Scotland,http://data.ordnancesurvey.co.uk/id/country/scotland,,,
osgb4000000074756593,http://data.ordnancesurvey.co.uk/id/4000000074756593,Port Mona Heughs,,,,landform,Cliff Or Slope,210530,532571,2000,40000,210232,532321,210732,532821,DG9,http://data.ordnancesurvey.co.uk/id/postcodedistrict/DG9,,,,,,,Dumfries and Galloway,http://data.ordnancesurvey.co.uk/id/7000000000031903,http://data.ordnancesurvey.co.uk/ontology/admingeo/UnitaryAuthority,Scotland,http://data.ordnancesurvey.co.uk/id/7000000000041429,Scotland,http://data.ordnancesurvey.co.uk/id/country/scotland,,,
osgb4000000074757126,http://data.ordnancesurvey.co.uk/id/4000000074757126,Bennuskie,,,,landform,Other Coastal Landform,213851,530902,1000,50000,213601,530652,214101,531152,DG9,http://data.ordnancesurvey.co.uk/id/postcodedistrict/DG9,,,,,,,Dumfries and Galloway,http://data.ordnancesurvey.co.uk/id/7000000000031903,http://data.ordnancesurvey.co.uk/ontology/admingeo/UnitaryAuthority,Scotland,http://data.ordnancesurvey.co.uk/id/7000000000041429,Scotland,http://data.ordnancesurvey.co.uk/id/country/scotland,,,
osgb4000000074720240,http://data.ordnancesurvey.co.uk/id/4000000074720240,East Tarbet,,,,landcover,Beach,214452,531030,2000,100000,214202,530779,214702,531279,DG9,http://data.ordnancesurvey.co.uk/id/postcodedistrict/DG9,,,,,,,Dumfries and Galloway,http://data.ordnancesurvey.co.uk/id/7000000000031903,http://data.ordnancesurvey.co.uk/ontology/admingeo/UnitaryAuthority,Scotland,http://data.ordnancesurvey.co.uk/id/7000000000041429,Scotland,http://data.ordnancesurvey.co.uk/id/country/scotland,,,
osgb4000000074756834,http://data.ordnancesurvey.co.uk/id/4000000074756834,Lagnagatchie,,,,landform,Other Coastal Landform,214507,530297,1000,20000,214258,530056,214758,530556,DG9,http://data.ordnancesurvey.co.uk/id/postcodedistrict/DG9,,,,,,,Dumfries and Galloway,http://data.ordnancesurvey.co.uk/id/7000000000031903,http://data.ordnancesurvey.co.uk/ontology/admingeo/UnitaryAuthority,Scotland,http://data.ordnancesurvey.co.uk/id/7000000000041429,Scotland,http://data.ordnancesurvey.co.uk/id/country/scotland,,,
osgb4000000074724195,http://data.ordnancesurvey.co.uk/id/4000000074724195,Witches Glen,,,,landform,Valley,212931,537169,3000,800000,212681,536933,213181,537433,DG9,http://data.ordnancesurvey.co.uk/id/postcodedistrict/DG9,,,,,,,Dumfries and Galloway,http://data.ordnancesurvey.co.uk/id/7000000000031903,http://data.ordnancesurvey.co.uk/ontology/admingeo/UnitaryAuthority,Scotland,http://data.ordnancesurvey.co.uk/id/7000000000041429,Scotland,http://data.ordnancesurvey.co.uk/id/country/scotland,,,
osgb4000000074756436,http://data.ordnancesurvey.co.uk/id/4000000074756436,Long Slunk,,,,landform,Cliff Or Slope,211480,531662,1000,40000,211230,531408,211730,531908,DG9,http://data.ordnancesurvey.co.uk/id/postcodedistrict/DG9,,,,,,,Dumfries and Galloway,http://data.ordnancesurvey.co.uk/id/7000000000031903,http://data.ordnancesurvey.co.uk/ontology/admingeo/UnitaryAuthority,Scotland,http://data.ordnancesurvey.co.uk/id/7000000000041429,Scotland,http://data.ordnancesurvey.co.uk/id/country/scotland,,,
osgb4000000074756282,http://data.ordnancesurvey.co.uk/id/4000000074756282,Half Ebb Stone,,,,landform,Island,212431,531320,1000,800000,212178,531070,212678,531570,DG9,http://data.ordnancesurvey.co.uk/id/postcodedistrict/DG9,,,,,,,Dumfries and Galloway,http://data.ordnancesurvey.co.uk/id/7000000000031903,http://data.ordnancesurvey.co.uk/ontology/admingeo/UnitaryAuthority,Scotland,http://data.ordnancesurvey.co.uk/id/7000000000041429,Scotland,http://data.ordnancesurvey.co.uk/id/country/scotland,,,
osgb4000000074756072,http://data.ordnancesurvey.co.uk/id/4000000074756072,Slidderick,,,,landform,Other Coastal Landform,209200,537363,1000,50000,208962,537113,209462,537613,DG9,http://data.ordnancesurvey.co.uk/id/postcodedistrict/DG9,,,,,,,Dumfries and Galloway,http://data.ordnancesurvey.co.uk/id/7000000000031903,http://data.ordnancesurvey.co.uk/ontology/admingeo/UnitaryAuthority,Scotland,http://data.ordnancesurvey.co.uk/id/7000000000041429,Scotland,http://data.ordnancesurvey.co.uk/id/country/scotland,,,
osgb4000000074756281,http://data.ordnancesurvey.co.uk/id/4000000074756281,Back Bore,,,,landcover,Wetland,214206,536782,2000,200000,213956,536537,214456,537037,DG9,http://data.ordnancesurvey.co.uk/id/postcodedistrict/DG9,,,,,,,Dumfries and Galloway,http://data.ordnancesurvey.co.uk/id/7000000000031903,http://data.ordnancesurvey.co.uk/ontology/admingeo/UnitaryAuthority,Scotland,http://data.ordnancesurvey.co.uk/id/7000000000041429,Scotland,http://data.ordnancesurvey.co.uk/id/country/scotland,,,
osgb4000000074597025,http://data.ordnancesurvey.co.uk/id/4000000074597025,Sconnan,,,,landform,Other Coastal Landform,208815,535374,1000,50000,208588,535125,209088,535625,DG9,http://data.ordnancesurvey.co.uk/id/postcodedistrict/DG9,,,,,,,Dumfries and Galloway,http://data.ordnancesurvey.co.uk/id/7000000000031903,http://data.ordnancesurvey.co.uk/ontology/admingeo/UnitaryAuthority,Scotland,http://data.ordnancesurvey.co.uk/id/7000000000041429,Scotland,http://data.ordnancesurvey.co.uk/id/country/scotland,,,
osgb4000000074756665,http://data.ordnancesurvey.co.uk/id/4000000074756665,Inchnagour,,,,landform,Other Coastal Landform,209956,533255,2000,20000,209707,532986,210207,533486,DG9,http://data.ordnancesurvey.co.uk/id/postcodedistrict/DG9,,,,,,,Dumfries and Galloway,http://data.ordnancesurvey.co.uk/id/7000000000031903,http://data.ordnancesurvey.co.uk/ontology/admingeo/UnitaryAuthority,Scotland,http://data.ordnancesurvey.co.uk/id/7000000000041429,Scotland,http://data.ordnancesurvey.co.uk/id/country/scotland,,,
osgb4000000074756668,http://data.ordnancesurvey.co.uk/id/4000000074756668,Dunman Heughs,,,,landform,Cliff Or Slope,209789,533379,1000,40000,209566,533129,210066,533629,DG9,http://data.ordnancesurvey.co.uk/id/postcodedistrict/DG9,,,,,,,Dumfries and Galloway,http://data.ordnancesurvey.co.uk/id/7000000000031903,http://data.ordnancesurvey.co.uk/ontology/admingeo/UnitaryAuthority,Scotland,http://data.ordnancesurvey.co.uk/id/7000000000041429,Scotland,http://data.ordnancesurvey.co.uk/id/country/scotland,,,
osgb4000000074756278,http://data.ordnancesurvey.co.uk/id/4000000074756278,Carrickcundie,,,,landcover,Wetland,214341,533916,1000,200000,214091,533662,214591,534162,DG9,http://data.ordnancesurvey.co.uk/id/postcodedistrict/DG9,,,,,,,Dumfries and Galloway,http://data.ordnancesurvey.co.uk/id/7000000000031903,http://data.ordnancesurvey.co.uk/ontology/admingeo/UnitaryAuthority,Scotland,http://data.ordnancesurvey.co.uk/id/7000000000041429,Scotland,http://data.ordnancesurvey.co.uk/id/country/scotland,,,
osgb4000000074788268,http://data.ordnancesurvey.co.uk/id/4000000074788268,Carlin House Bay,,,,hydrography,Bay,209833,538218,1000,150000,209587,537969,210087,538469,DG9,http://data.ordnancesurvey.co.uk/id/postcodedistrict/DG9,,,,,,,Dumfries and Galloway,http://data.ordnancesurvey.co.uk/id/7000000000031903,http://data.ordnancesurvey.co.uk/ontology/admingeo/UnitaryAuthority,Scotland,http://data.ordnancesurvey.co.uk/id/7000000000041429,Scotland,http://data.ordnancesurvey.co.uk/id/country/scotland,,,
osgb4000000074755993,http://data.ordnancesurvey.co.uk/id/4000000074755993,Carrickgill Riggin,,,,landform,Other Coastal Landform,213379,531041,1000,20000,213130,530788,213630,531288,DG9,http://data.ordnancesurvey.co.uk/id/postcodedistrict/DG9,,,,,,,Dumfries and Galloway,http://data.ordnancesurvey.co.uk/id/7000000000031903,http://data.ordnancesurvey.co.uk/ontology/admingeo/UnitaryAuthority,Scotland,http://data.ordnancesurvey.co.uk/id/7000000000041429,Scotland,http://data.ordnancesurvey.co.uk/id/country/scotland,,,
osgb4000000074757016,http://data.ordnancesurvey.co.uk/id/4000000074757016,The Lookout,,,,landform,Other Coastal Landform,214049,530668,1000,20000,213807,530418,214307,530918,DG9,http://data.ordnancesurvey.co.uk/id/postcodedistrict/DG9,,,,,,,Dumfries and Galloway,http://data.ordnancesurvey.co.uk/id/7000000000031903,http://data.ordnancesurvey.co.uk/ontology/admingeo/UnitaryAuthority,Scotland,http://data.ordnancesurvey.co.uk/id/7000000000041429,Scotland,http://data.ordnancesurvey.co.uk/id/country/scotland,,,
osgb4000000074724190,http://data.ordnancesurvey.co.uk/id/4000000074724190,Auchie Glen,,,,landform,Valley,213082,532983,3000,800000,212832,532745,213332,533245,DG9,http://data.ordnancesurvey.co.uk/id/postcodedistrict/DG9,,,,,,,Dumfries and Galloway,http://data.ordnancesurvey.co.uk/id/7000000000031903,http://data.ordnancesurvey.co.uk/ontology/admingeo/UnitaryAuthority,Scotland,http://data.ordnancesurvey.co.uk/id/7000000000041429,Scotland,http://data.ordnancesurvey.co.uk/id/country/scotland,,,
osgb4000000074755999,http://data.ordnancesurvey.co.uk/id/4000000074755999,Stable Alane,,,,landform,Other Coastal Landform,208623,536919,1000,20000,208386,536669,208886,537169,DG9,http://data.ordnancesurvey.co.uk/id/postcodedistrict/DG9,,,,,,,Dumfries and Galloway,http://data.ordnancesurvey.co.uk/id/7000000000031903,http://data.ordnancesurvey.co.uk/ontology/admingeo/UnitaryAuthority,Scotland,http://data.ordnancesurvey.co.uk/id/7000000000041429,Scotland,http://data.ordnancesurvey.co.uk/id/country/scotland,,,
osgb4000000074756357,http://data.ordnancesurvey.co.uk/id/4000000074756357,Carrickcallan,,,,landform,Island,211752,531418,1000,800000,211502,531162,212002,531662,DG9,http://data.ordnancesurvey.co.uk/id/postcodedistrict/DG9,,,,,,,Dumfries and Galloway,http://data.ordnancesurvey.co.uk/id/7000000000031903,http://data.ordnancesurvey.co.uk/ontology/admingeo/UnitaryAuthority,Scotland,http://data.ordnancesurvey.co.uk/id/7000000000041429,Scotland,http://data.ordnancesurvey.co.uk/id/country/scotland,,,
osgb4000000074757123,http://data.ordnancesurvey.co.uk/id/4000000074757123,Peter,,,,landform,Other Coastal Landform,213842,530840,1000,50000,213592,530590,214092,531090,DG9,http://data.ordnancesurvey.co.uk/id/postcodedistrict/DG9,,,,,,,Dumfries and Galloway,http://data.ordnancesurvey.co.uk/id/7000000000031903,http://data.ordnancesurvey.co.uk/ontology/admingeo/UnitaryAuthority,Scotland,http://data.ordnancesurvey.co.uk/id/7000000000041429,Scotland,http://data.ordnancesurvey.co.uk/id/country/scotland,,,
osgb4000000074724754,http://data.ordnancesurvey.co.uk/id/4000000074724754,Mull Glen,,,,landform,Valley,213799,531217,2000,800000,213549,530970,214049,531470,DG9,http://data.ordnancesurvey.co.uk/id/postcodedistrict/DG9,,,,,,,Dumfries and Galloway,http://data.ordnancesurvey.co.uk/id/7000000000031903,http://data.ordnancesurvey.co.uk/ontology/admingeo/UnitaryAuthority,Scotland,http://data.ordnancesurvey.co.uk/id/7000000000041429,Scotland,http://data.ordnancesurvey.co.uk/id/country/scotland,,,
osgb4000000074734614,http://data.ordnancesurvey.co.uk/id/4000000074734614,Wilcomb Brae,,,,landcover,Other Landcover,210010,536023,2000,1300000,209742,535773,210242,536273,DG9,http://data.ordnancesurvey.co.uk/id/postcodedistrict/DG9,,,,,,,Dumfries and Galloway,http://data.ordnancesurvey.co.uk/id/7000000000031903,http://data.ordnancesurvey.co.uk/ontology/admingeo/UnitaryAuthority,Scotland,http://data.ordnancesurvey.co.uk/id/7000000000041429,Scotland,http://data.ordnancesurvey.co.uk/id/country/scotland,,,
osgb4000000074788227,http://data.ordnancesurvey.co.uk/id/4000000074788227,Slouchanawn,,,,hydrography,Bay,208683,536974,1000,150000,208440,536724,208940,537224,DG9,http://data.ordnancesurvey.co.uk/id/postcodedistrict/DG9,,,,,,,Dumfries and Galloway,http://data.ordnancesurvey.co.uk/id/7000000000031903,http://data.ordnancesurvey.co.uk/ontology/admingeo/UnitaryAuthority,Scotland,http://data.ordnancesurvey.co.uk/id/7000000000041429,Scotland,http://data.ordnancesurvey.co.uk/id/country/scotland,,,
osgb4000000074756660,http://data.ordnancesurvey.co.uk/id/4000000074756660,Carrickcarlin Point,,,,landform,Coastal Headland,215788,530360,1000,750000,215538,530114,216038,530614,DG9,http://data.ordnancesurvey.co.uk/id/postcodedistrict/DG9,,,,,,,Dumfries and Galloway,http://data.ordnancesurvey.co.uk/id/7000000000031903,http://data.ordnancesurvey.co.uk/ontology/admingeo/UnitaryAuthority,Scotland,http://data.ordnancesurvey.co.uk/id/7000000000041429,Scotland,http://data.ordnancesurvey.co.uk/id/country/scotland,,,
osgb4000000074756595,http://data.ordnancesurvey.co.uk/id/4000000074756595,Craigwhinnie,,,,landform,Island,210707,532223,1000,800000,210457,531983,210957,532483,DG9,http://data.ordnancesurvey.co.uk/id/postcodedistrict/DG9,,,,,,,Dumfries and Galloway,http://data.ordnancesurvey.co.uk/id/7000000000031903,http://data.ordnancesurvey.co.uk/ontology/admingeo/UnitaryAuthority,Scotland,http://data.ordnancesurvey.co.uk/id/7000000000041429,Scotland,http://data.ordnancesurvey.co.uk/id/country/scotland,,,
osgb4000000074756150,http://data.ordnancesurvey.co.uk/id/4000000074756150,Wee Gounies,,,,landform,Other Coastal Landform,208547,536859,1000,50000,208297,536609,208797,537109,DG9,http://data.ordnancesurvey.co.uk/id/postcodedistrict/DG9,,,,,,,Dumfries and Galloway,http://data.ordnancesurvey.co.uk/id/7000000000031903,http://data.ordnancesurvey.co.uk/ontology/admingeo/UnitaryAuthority,Scotland,http://data.ordnancesurvey.co.uk/id/7000000000041429,Scotland,http://data.ordnancesurvey.co.uk/id/country/scotland,,,
osgb4000000074816783,http://data.ordnancesurvey.co.uk/id/4000000074816783,White Hill,,,,landform,Hill Or Mountain,212040,538529,1000,300000,211790,538279,212290,538779,DG9,http://data.ordnancesurvey.co.uk/id/postcodedistrict/DG9,,,,,,,Dumfries and Galloway,http://data.ordnancesurvey.co.uk/id/7000000000031903,http://data.ordnancesurvey.co.uk/ontology/admingeo/UnitaryAuthority,Scotland,http://data.ordnancesurvey.co.uk/id/7000000000041429,Scotland,http://data.ordnancesurvey.co.uk/id/country/scotland,,,
osgb4000000074770055,http://data.ordnancesurvey.co.uk/id/4000000074770055,Muntlochower Hill,,,,landform,Hill Or Mountain,212150,534310,1000,300000,211900,534060,212400,534560,DG9,http://data.ordnancesurvey.co.uk/id/postcodedistrict/DG9,,,,,,,Dumfries and Galloway,http://data.ordnancesurvey.co.uk/id/7000000000031903,http://data.ordnancesurvey.co.uk/ontology/admingeo/UnitaryAuthority,Scotland,http://data.ordnancesurvey.co.uk/id/7000000000041429,Scotland,http://data.ordnancesurvey.co.uk/id/country/scotland,,,
osgb4000000074620193,http://data.ordnancesurvey.co.uk/id/4000000074620193,Cairn Fell,,,,landform,Hill Or Mountain,210338,536129,1000,300000,210088,535879,210588,536379,DG9,http://data.ordnancesurvey.co.uk/id/postcodedistrict/DG9,,,,,,,Dumfries and Galloway,http://data.ordnancesurvey.co.uk/id/7000000000031903,http://data.ordnancesurvey.co.uk/ontology/admingeo/UnitaryAuthority,Scotland,http://data.ordnancesurvey.co.uk/id/7000000000041429,Scotland,http://data.ordnancesurvey.co.uk/id/country/scotland,,,
osgb4000000074769659,http://data.ordnancesurvey.co.uk/id/4000000074769659,Breddock Hill,,,,landform,Hill Or Mountain,209202,536823,1000,300000,208952,536573,209452,537073,DG9,http://data.ordnancesurvey.co.uk/id/postcodedistrict/DG9,,,,,,,Dumfries and Galloway,http://data.ordnancesurvey.co.uk/id/7000000000031903,http://data.ordnancesurvey.co.uk/ontology/admingeo/UnitaryAuthority,Scotland,http://data.ordnancesurvey.co.uk/id/7000000000041429,Scotland,http://data.ordnancesurvey.co.uk/id/country/scotland,,,
osgb4000000074770345,http://data.ordnancesurvey.co.uk/id/4000000074770345,Muldaddie Hill,,,,landform,Hill Or Mountain,209570,539880,1000,300000,209320,539630,209820,540130,DG9,http://data.ordnancesurvey.co.uk/id/postcodedistrict/DG9,,,,,,,Dumfries and Galloway,http://data.ordnancesurvey.co.uk/id/7000000000031903,http://data.ordnancesurvey.co.uk/ontology/admingeo/UnitaryAuthority,Scotland,http://data.ordnancesurvey.co.uk/id/7000000000041429,Scotland,http://data.ordnancesurvey.co.uk/id/country/scotland,,,
osgb4000000074757255,http://data.ordnancesurvey.co.uk/id/4000000074757255,The Saddle,,,,landform,Other Coastal Landform,208572,536675,1000,20000,208315,536425,208815,536925,DG9,http://data.ordnancesurvey.co.uk/id/postcodedistrict/DG9,,,,,,,Dumfries and Galloway,http://data.ordnancesurvey.co.uk/id/7000000000031903,http://data.ordnancesurvey.co.uk/ontology/admingeo/UnitaryAuthority,Scotland,http://data.ordnancesurvey.co.uk/id/7000000000041429,Scotland,http://data.ordnancesurvey.co.uk/id/country/scotland,,,
osgb4000000074757019,http://data.ordnancesurvey.co.uk/id/4000000074757019,Millbouy,,,,landform,Other Coastal Landform,208881,534186,1000,50000,208631,533932,209131,534432,DG9,http://data.ordnancesurvey.co.uk/id/postcodedistrict/DG9,,,,,,,Dumfries and Galloway,http://data.ordnancesurvey.co.uk/id/7000000000031903,http://data.ordnancesurvey.co.uk/ontology/admingeo/UnitaryAuthority,Scotland,http://data.ordnancesurvey.co.uk/id/7000000000041429,Scotland,http://data.ordnancesurvey.co.uk/id/country/scotland,,,
osgb4000000074756741,http://data.ordnancesurvey.co.uk/id/4000000074756741,Inchshannoch,,,,landform,Other Coastal Landform,215404,530317,1000,50000,215154,530068,215654,530568,DG9,http://data.ordnancesurvey.co.uk/id/postcodedistrict/DG9,,,,,,,Dumfries and Galloway,http://data.ordnancesurvey.co.uk/id/7000000000031903,http://data.ordnancesurvey.co.uk/ontology/admingeo/UnitaryAuthority,Scotland,http://data.ordnancesurvey.co.uk/id/7000000000041429,Scotland,http://data.ordnancesurvey.co.uk/id/country/scotland,,,
osgb4000000074345703,http://data.ordnancesurvey.co.uk/id/4000000074345703,Maryport Bay,,,,hydrography,Bay,214826,534452,14000,150000,214224,533286,215428,535439,DG9,http://data.ordnancesurvey.co.uk/id/postcodedistrict/DG9,,,,,,,Dumfries and Galloway,http://data.ordnancesurvey.co.uk/id/7000000000031903,http://data.ordnancesurvey.co.uk/ontology/admingeo/UnitaryAuthority,Scotland,http://data.ordnancesurvey.co.uk/id/7000000000041429,Scotland,http://data.ordnancesurvey.co.uk/id/country/scotland,,,
osgb4000000074756667,http://data.ordnancesurvey.co.uk/id/4000000074756667,Slew-whan Point,,,,landform,Other Coastal Landform,209774,533204,1000,50000,209524,532954,210024,533454,DG9,http://data.ordnancesurvey.co.uk/id/postcodedistrict/DG9,,,,,,,Dumfries and Galloway,http://data.ordnancesurvey.co.uk/id/7000000000031903,http://data.ordnancesurvey.co.uk/ontology/admingeo/UnitaryAuthority,Scotland,http://data.ordnancesurvey.co.uk/id/7000000000041429,Scotland,http://data.ordnancesurvey.co.uk/id/country/scotland,,,
osgb4000000074770410,http://data.ordnancesurvey.co.uk/id/4000000074770410,McIntyre's Hill,,,,landform,Hill Or Mountain,211719,534118,1000,300000,211469,533868,211969,534368,DG9,http://data.ordnancesurvey.co.uk/id/postcodedistrict/DG9,,,,,,,Dumfries and Galloway,http://data.ordnancesurvey.co.uk/id/7000000000031903,http://data.ordnancesurvey.co.uk/ontology/admingeo/UnitaryAuthority,Scotland,http://data.ordnancesurvey.co.uk/id/7000000000041429,Scotland,http://data.ordnancesurvey.co.uk/id/country/scotland,,,
osgb4000000074756148,http://data.ordnancesurvey.co.uk/id/4000000074756148,Carrickcoil,,,,landform,Other Coastal Landform,214401,531795,1000,50000,214152,531502,214652,532002,DG9,http://data.ordnancesurvey.co.uk/id/postcodedistrict/DG9,,,,,,,Dumfries and Galloway,http://data.ordnancesurvey.co.uk/id/7000000000031903,http://data.ordnancesurvey.co.uk/ontology/admingeo/UnitaryAuthority,Scotland,http://data.ordnancesurvey.co.uk/id/7000000000041429,Scotland,http://data.ordnancesurvey.co.uk/id/country/scotland,,,
osgb4000000074756830,http://data.ordnancesurvey.co.uk/id/4000000074756830,Diamond,,,,landform,Cliff Or Slope,215124,530376,1000,40000,214847,530126,215347,530626,DG9,http://data.ordnancesurvey.co.uk/id/postcodedistrict/DG9,,,,,,,Dumfries and Galloway,http://data.ordnancesurvey.co.uk/id/7000000000031903,http://data.ordnancesurvey.co.uk/ontology/admingeo/UnitaryAuthority,Scotland,http://data.ordnancesurvey.co.uk/id/7000000000041429,Scotland,http://data.ordnancesurvey.co.uk/id/country/scotland,,,
osgb4000000074770480,http://data.ordnancesurvey.co.uk/id/4000000074770480,Cardryne Hill,,,,landform,Hill Or Mountain,211332,533019,1000,300000,211082,532769,211582,533269,DG9,http://data.ordnancesurvey.co.uk/id/postcodedistrict/DG9,,,,,,,Dumfries and Galloway,http://data.ordnancesurvey.co.uk/id/7000000000031903,http://data.ordnancesurvey.co.uk/ontology/admingeo/UnitaryAuthority,Scotland,http://data.ordnancesurvey.co.uk/id/7000000000041429,Scotland,http://data.ordnancesurvey.co.uk/id/country/scotland,,,
osgb4000000074769492,http://data.ordnancesurvey.co.uk/id/4000000074769492,Truff Hill,,,,landform,Hill Or Mountain,212145,532003,1000,300000,211895,531753,212395,532253,DG9,http://data.ordnancesurvey.co.uk/id/postcodedistrict/DG9,,,,,,,Dumfries and Galloway,http://data.ordnancesurvey.co.uk/id/7000000000031903,http://data.ordnancesurvey.co.uk/ontology/admingeo/UnitaryAuthority,Scotland,http://data.ordnancesurvey.co.uk/id/7000000000041429,Scotland,http://data.ordnancesurvey.co.uk/id/country/scotland,,,
osgb4000000074724191,http://data.ordnancesurvey.co.uk/id/4000000074724191,Alton Glen,,,,landform,Valley,213560,535358,2000,800000,213334,535109,213834,535609,DG9,http://data.ordnancesurvey.co.uk/id/postcodedistrict/DG9,,,,,,,Dumfries and Galloway,http://data.ordnancesurvey.co.uk/id/7000000000031903,http://data.ordnancesurvey.co.uk/ontology/admingeo/UnitaryAuthority,Scotland,http://data.ordnancesurvey.co.uk/id/7000000000041429,Scotland,http://data.ordnancesurvey.co.uk/id/country/scotland,,,
osgb4000000074724755,http://data.ordnancesurvey.co.uk/id/4000000074724755,Mulrea Glen,,,,landform,Valley,210616,534940,3000,800000,210367,534760,210867,535260,DG9,http://data.ordnancesurvey.co.uk/id/postcodedistrict/DG9,,,,,,,Dumfries and Galloway,http://data.ordnancesurvey.co.uk/id/7000000000031903,http://data.ordnancesurvey.co.uk/ontology/admingeo/UnitaryAuthority,Scotland,http://data.ordnancesurvey.co.uk/id/7000000000041429,Scotland,http://data.ordnancesurvey.co.uk/id/country/scotland,,,
osgb4000000074757247,http://data.ordnancesurvey.co.uk/id/4000000074757247,West Tarbet,,,,landcover,Beach,214033,530930,1000,100000,213783,530675,214283,531175,DG9,http://data.ordnancesurvey.co.uk/id/postcodedistrict/DG9,,,,,,,Dumfries and Galloway,http://data.ordnancesurvey.co.uk/id/7000000000031903,http://data.ordnancesurvey.co.uk/ontology/admingeo/UnitaryAuthority,Scotland,http://data.ordnancesurvey.co.uk/id/7000000000041429,Scotland,http://data.ordnancesurvey.co.uk/id/country/scotland,,,
osgb4000000074756748,http://data.ordnancesurvey.co.uk/id/4000000074756748,Little Dunman,,,,landform,Other Coastal Landform,209627,533821,1000,20000,209361,533572,209861,534072,DG9,http://data.ordnancesurvey.co.uk/id/postcodedistrict/DG9,,,,,,,Dumfries and Galloway,http://data.ordnancesurvey.co.uk/id/7000000000031903,http://data.ordnancesurvey.co.uk/ontology/admingeo/UnitaryAuthority,Scotland,http://data.ordnancesurvey.co.uk/id/7000000000041429,Scotland,http://data.ordnancesurvey.co.uk/id/country/scotland,,,
osgb4000000074757248,http://data.ordnancesurvey.co.uk/id/4000000074757248,Half Tide Rock,,,,landform,Other Coastal Landform,213860,530882,1000,50000,213610,530633,214110,531133,DG9,http://data.ordnancesurvey.co.uk/id/postcodedistrict/DG9,,,,,,,Dumfries and Galloway,http://data.ordnancesurvey.co.uk/id/7000000000031903,http://data.ordnancesurvey.co.uk/ontology/admingeo/UnitaryAuthority,Scotland,http://data.ordnancesurvey.co.uk/id/7000000000041429,Scotland,http://data.ordnancesurvey.co.uk/id/country/scotland,,,
osgb4000000074770411,http://data.ordnancesurvey.co.uk/id/4000000074770411,Nannie Naird Hill,,,,landform,Hill Or Mountain,215094,530522,1000,300000,214844,530272,215344,530772,DG9,http://data.ordnancesurvey.co.uk/id/postcodedistrict/DG9,,,,,,,Dumfries and Galloway,http://data.ordnancesurvey.co.uk/id/7000000000031903,http://data.ordnancesurvey.co.uk/ontology/admingeo/UnitaryAuthority,Scotland,http://data.ordnancesurvey.co.uk/id/7000000000041429,Scotland,http://data.ordnancesurvey.co.uk/id/country/scotland,,,
osgb4000000074756361,http://data.ordnancesurvey.co.uk/id/4000000074756361,Green Saddle,,,,landform,Island,209256,539332,1000,800000,209004,539082,209504,539582,DG9,http://data.ordnancesurvey.co.uk/id/postcodedistrict/DG9,,,,,,,Dumfries and Galloway,http://data.ordnancesurvey.co.uk/id/7000000000031903,http://data.ordnancesurvey.co.uk/ontology/admingeo/UnitaryAuthority,Scotland,http://data.ordnancesurvey.co.uk/id/7000000000041429,Scotland,http://data.ordnancesurvey.co.uk/id/country/scotland,,,
osgb4000000074769662,http://data.ordnancesurvey.co.uk/id/4000000074769662,Kildonan Hill,,,,landform,Hill Or Mountain,212746,536490,1000,300000,212496,536240,212996,536740,DG9,http://data.ordnancesurvey.co.uk/id/postcodedistrict/DG9,,,,,,,Dumfries and Galloway,http://data.ordnancesurvey.co.uk/id/7000000000031903,http://data.ordnancesurvey.co.uk/ontology/admingeo/UnitaryAuthority,Scotland,http://data.ordnancesurvey.co.uk/id/7000000000041429,Scotland,http://data.ordnancesurvey.co.uk/id/country/scotland,,,
osgb4000000074788140,http://data.ordnancesurvey.co.uk/id/4000000074788140,Dunan,,,,hydrography,Tidal Water,211705,531471,1000,150000,211455,531230,211955,531730,DG9,http://data.ordnancesurvey.co.uk/id/postcodedistrict/DG9,,,,,,,Dumfries and Galloway,http://data.ordnancesurvey.co.uk/id/7000000000031903,http://data.ordnancesurvey.co.uk/ontology/admingeo/UnitaryAuthority,Scotland,http://data.ordnancesurvey.co.uk/id/7000000000041429,Scotland,http://data.ordnancesurvey.co.uk/id/country/scotland,,,
osgb4000000074756068,http://data.ordnancesurvey.co.uk/id/4000000074756068,Carrickclunnachon,,,,landform,Cliff Or Slope,212807,531127,1000,40000,212598,530877,213098,531377,DG9,http://data.ordnancesurvey.co.uk/id/postcodedistrict/DG9,,,,,,,Dumfries and Galloway,http://data.ordnancesurvey.co.uk/id/7000000000031903,http://data.ordnancesurvey.co.uk/ontology/admingeo/UnitaryAuthority,Scotland,http://data.ordnancesurvey.co.uk/id/7000000000041429,Scotland,http://data.ordnancesurvey.co.uk/id/country/scotland,,,
osgb4000000074757013,http://data.ordnancesurvey.co.uk/id/4000000074757013,Black Rock,,,,landform,Other Coastal Landform,214725,530846,1000,50000,214479,530596,214979,531096,DG9,http://data.ordnancesurvey.co.uk/id/postcodedistrict/DG9,,,,,,,Dumfries and Galloway,http://data.ordnancesurvey.co.uk/id/7000000000031903,http://data.ordnancesurvey.co.uk/ontology/admingeo/UnitaryAuthority,Scotland,http://data.ordnancesurvey.co.uk/id/7000000000041429,Scotland,http://data.ordnancesurvey.co.uk/id/country/scotland,,,
osgb4000000074757021,http://data.ordnancesurvey.co.uk/id/4000000074757021,Ebbsea Craig,,,,landform,Other Coastal Landform,208909,534230,1000,50000,208659,534012,209159,534512,DG9,http://data.ordnancesurvey.co.uk/id/postcodedistrict/DG9,,,,,,,Dumfries and Galloway,http://data.ordnancesurvey.co.uk/id/7000000000031903,http://data.ordnancesurvey.co.uk/ontology/admingeo/UnitaryAuthority,Scotland,http://data.ordnancesurvey.co.uk/id/7000000000041429,Scotland,http://data.ordnancesurvey.co.uk/id/country/scotland,,,
osgb4000000074770540,http://data.ordnancesurvey.co.uk/id/4000000074770540,Clachan Hill,,,,landform,Hill Or Mountain,211980,532040,1000,300000,211730,531790,212230,532290,DG9,http://data.ordnancesurvey.co.uk/id/postcodedistrict/DG9,,,,,,,Dumfries and Galloway,http://data.ordnancesurvey.co.uk/id/7000000000031903,http://data.ordnancesurvey.co.uk/ontology/admingeo/UnitaryAuthority,Scotland,http://data.ordnancesurvey.co.uk/id/7000000000041429,Scotland,http://data.ordnancesurvey.co.uk/id/country/scotland,,,
osgb4000000074816413,http://data.ordnancesurvey.co.uk/id/4000000074816413,Core Hill,,,,landform,Hill Or Mountain,211900,538790,1000,300000,211650,538540,212150,539040,DG9,http://data.ordnancesurvey.co.uk/id/postcodedistrict/DG9,,,,,,,Dumfries and Galloway,http://data.ordnancesurvey.co.uk/id/7000000000031903,http://data.ordnancesurvey.co.uk/ontology/admingeo/UnitaryAuthority,Scotland,http://data.ordnancesurvey.co.uk/id/7000000000041429,Scotland,http://data.ordnancesurvey.co.uk/id/country/scotland,,,
osgb4000000074756152,http://data.ordnancesurvey.co.uk/id/4000000074756152,Inchmore,,,,landcover,Wetland,213311,537646,2000,200000,213061,537396,213561,537896,DG9,http://data.ordnancesurvey.co.uk/id/postcodedistrict/DG9,,,,,,,Dumfries and Galloway,http://data.ordnancesurvey.co.uk/id/7000000000031903,http://data.ordnancesurvey.co.uk/ontology/admingeo/UnitaryAuthority,Scotland,http://data.ordnancesurvey.co.uk/id/7000000000041429,Scotland,http://data.ordnancesurvey.co.uk/id/country/scotland,,,
osgb4000000074776075,http://data.ordnancesurvey.co.uk/id/4000000074776075,Cairnie Hill,,,,landform,Hill Or Mountain,214647,530497,1000,300000,214397,530247,214897,530747,DG9,http://data.ordnancesurvey.co.uk/id/postcodedistrict/DG9,,,,,,,Dumfries and Galloway,http://data.ordnancesurvey.co.uk/id/7000000000031903,http://data.ordnancesurvey.co.uk/ontology/admingeo/UnitaryAuthority,Scotland,http://data.ordnancesurvey.co.uk/id/7000000000041429,Scotland,http://data.ordnancesurvey.co.uk/id/country/scotland,,,
osgb4000000074770054,http://data.ordnancesurvey.co.uk/id/4000000074770054,Brigie Hill,,,,landform,Hill Or Mountain,210950,535014,1000,300000,210700,534764,211200,535264,DG9,http://data.ordnancesurvey.co.uk/id/postcodedistrict/DG9,,,,,,,Dumfries and Galloway,http://data.ordnancesurvey.co.uk/id/7000000000031903,http://data.ordnancesurvey.co.uk/ontology/admingeo/UnitaryAuthority,Scotland,http://data.ordnancesurvey.co.uk/id/7000000000041429,Scotland,http://data.ordnancesurvey.co.uk/id/country/scotland,,,
osgb4000000074756839,http://data.ordnancesurvey.co.uk/id/4000000074756839,Round Craig,,,,landform,Other Coastal Landform,209044,533880,1000,20000,208795,533629,209295,534129,DG9,http://data.ordnancesurvey.co.uk/id/postcodedistrict/DG9,,,,,,,Dumfries and Galloway,http://data.ordnancesurvey.co.uk/id/7000000000031903,http://data.ordnancesurvey.co.uk/ontology/admingeo/UnitaryAuthority,Scotland,http://data.ordnancesurvey.co.uk/id/7000000000041429,Scotland,http://data.ordnancesurvey.co.uk/id/country/scotland,,,
osgb4000000074770409,http://data.ordnancesurvey.co.uk/id/4000000074770409,Knocking Stone Hill,,,,landform,Hill Or Mountain,210930,533440,1000,300000,210680,533190,211180,533690,DG9,http://data.ordnancesurvey.co.uk/id/postcodedistrict/DG9,,,,,,,Dumfries and Galloway,http://data.ordnancesurvey.co.uk/id/7000000000031903,http://data.ordnancesurvey.co.uk/ontology/admingeo/UnitaryAuthority,Scotland,http://data.ordnancesurvey.co.uk/id/7000000000041429,Scotland,http://data.ordnancesurvey.co.uk/id/country/scotland,,,
osgb4000000074589254,http://data.ordnancesurvey.co.uk/id/4000000074589254,Isle of the Biawn,,,,landform,Island,212561,531263,1000,800000,212311,531013,212811,531513,DG9,http://data.ordnancesurvey.co.uk/id/postcodedistrict/DG9,,,,,,,Dumfries and Galloway,http://data.ordnancesurvey.co.uk/id/7000000000031903,http://data.ordnancesurvey.co.uk/ontology/admingeo/UnitaryAuthority,Scotland,http://data.ordnancesurvey.co.uk/id/7000000000041429,Scotland,http://data.ordnancesurvey.co.uk/id/country/scotland,,,
osgb4000000074788186,http://data.ordnancesurvey.co.uk/id/4000000074788186,Hole of the Heel,,,,hydrography,Tidal Water,208851,534133,1000,150000,208601,533881,209101,534381,DG9,http://data.ordnancesurvey.co.uk/id/postcodedistrict/DG9,,,,,,,Dumfries and Galloway,http://data.ordnancesurvey.co.uk/id/7000000000031903,http://data.ordnancesurvey.co.uk/ontology/admingeo/UnitaryAuthority,Scotland,http://data.ordnancesurvey.co.uk/id/7000000000041429,Scotland,http://data.ordnancesurvey.co.uk/id/country/scotland,,,
osgb4000000074734613,http://data.ordnancesurvey.co.uk/id/4000000074734613,Creechan Moor,,,,landcover,Other Landcover,212554,534483,2000,800000,212308,534233,212808,534733,DG9,http://data.ordnancesurvey.co.uk/id/postcodedistrict/DG9,,,,,,,Dumfries and Galloway,http://data.ordnancesurvey.co.uk/id/7000000000031903,http://data.ordnancesurvey.co.uk/ontology/admingeo/UnitaryAuthority,Scotland,http://data.ordnancesurvey.co.uk/id/7000000000041429,Scotland,http://data.ordnancesurvey.co.uk/id/country/scotland,,,
osgb4000000074757129,http://data.ordnancesurvey.co.uk/id/4000000074757129,Craig of the Stone Dyke,,,,landform,Other Coastal Landform,208771,535434,1000,50000,208513,535184,209013,535684,DG9,http://data.ordnancesurvey.co.uk/id/postcodedistrict/DG9,,,,,,,Dumfries and Galloway,http://data.ordnancesurvey.co.uk/id/7000000000031903,http://data.ordnancesurvey.co.uk/ontology/admingeo/UnitaryAuthority,Scotland,http://data.ordnancesurvey.co.uk/id/7000000000041429,Scotland,http://data.ordnancesurvey.co.uk/id/country/scotland,,,
osgb4000000074788185,http://data.ordnancesurvey.co.uk/id/4000000074788185,Carrickahawkie Bay,,,,hydrography,Bay,210601,532382,1000,150000,210351,532108,210851,532608,DG9,http://data.ordnancesurvey.co.uk/id/postcodedistrict/DG9,,,,,,,Dumfries and Galloway,http://data.ordnancesurvey.co.uk/id/7000000000031903,http://data.ordnancesurvey.co.uk/ontology/admingeo/UnitaryAuthority,Scotland,http://data.ordnancesurvey.co.uk/id/7000000000041429,Scotland,http://data.ordnancesurvey.co.uk/id/country/scotland,,,
osgb4000000074756154,http://data.ordnancesurvey.co.uk/id/4000000074756154,Muddioch Rock,,,,landform,Other Coastal Landform,209317,537492,1000,50000,209072,537242,209572,537742,DG9,http://data.ordnancesurvey.co.uk/id/postcodedistrict/DG9,,,,,,,Dumfries and Galloway,http://data.ordnancesurvey.co.uk/id/7000000000031903,http://data.ordnancesurvey.co.uk/ontology/admingeo/UnitaryAuthority,Scotland,http://data.ordnancesurvey.co.uk/id/7000000000041429,Scotland,http://data.ordnancesurvey.co.uk/id/country/scotland,,,
osgb4000000074756745,http://data.ordnancesurvey.co.uk/id/4000000074756745,Slouchavaddie,,,,landform,Cliff Or Slope,209623,533665,1000,40000,209373,533391,209873,533891,DG9,http://data.ordnancesurvey.co.uk/id/postcodedistrict/DG9,,,,,,,Dumfries and Galloway,http://data.ordnancesurvey.co.uk/id/7000000000031903,http://data.ordnancesurvey.co.uk/ontology/admingeo/UnitaryAuthority,Scotland,http://data.ordnancesurvey.co.uk/id/7000000000041429,Scotland,http://data.ordnancesurvey.co.uk/id/country/scotland,,,
osgb4000000074596654,http://data.ordnancesurvey.co.uk/id/4000000074596654,Mull of Galloway,,,,landform,Coastal Headland,215076,530604,12000,750000,214058,530337,215906,530870,DG9,http://data.ordnancesurvey.co.uk/id/postcodedistrict/DG9,,,,,,,Dumfries and Galloway,http://data.ordnancesurvey.co.uk/id/7000000000031903,http://data.ordnancesurvey.co.uk/ontology/admingeo/UnitaryAuthority,Scotland,http://data.ordnancesurvey.co.uk/id/7000000000041429,Scotland,http://data.ordnancesurvey.co.uk/id/country/scotland,,,
osgb4000000074586889,http://data.ordnancesurvey.co.uk/id/4000000074586889,Pulinkum Burn Foot,,,,landform,Other Coastal Landform,211952,531487,1000,20000,211702,531237,212202,531737,DG9,http://data.ordnancesurvey.co.uk/id/postcodedistrict/DG9,,,,,,,Dumfries and Galloway,http://data.ordnancesurvey.co.uk/id/7000000000031903,http://data.ordnancesurvey.co.uk/ontology/admingeo/UnitaryAuthority,Scotland,http://data.ordnancesurvey.co.uk/id/7000000000041429,Scotland,http://data.ordnancesurvey.co.uk/id/country/scotland,,,
osgb4000000074756147,http://data.ordnancesurvey.co.uk/id/4000000074756147,Marion's Isle,,,,landcover,Wetland,214561,533694,2000,200000,214313,533445,214813,533945,DG9,http://data.ordnancesurvey.co.uk/id/postcodedistrict/DG9,,,,,,,Dumfries and Galloway,http://data.ordnancesurvey.co.uk/id/7000000000031903,http://data.ordnancesurvey.co.uk/ontology/admingeo/UnitaryAuthority,Scotland,http://data.ordnancesurvey.co.uk/id/7000000000041429,Scotland,http://data.ordnancesurvey.co.uk/id/country/scotland,,,
osgb4000000074740271,http://data.ordnancesurvey.co.uk/id/4000000074740271,Barncorkrie Moor,,,,landcover,Other Landcover,209070,536273,11000,1300000,208371,535442,209895,537104,DG9,http://data.ordnancesurvey.co.uk/id/postcodedistrict/DG9,,,,,,,Dumfries and Galloway,http://data.ordnancesurvey.co.uk/id/7000000000031903,http://data.ordnancesurvey.co.uk/ontology/admingeo/UnitaryAuthority,Scotland,http://data.ordnancesurvey.co.uk/id/7000000000041429,Scotland,http://data.ordnancesurvey.co.uk/id/country/scotland,,,
osgb4000000074788314,http://data.ordnancesurvey.co.uk/id/4000000074788314,Calliedown Bay,,,,hydrography,Bay,209686,538409,1000,150000,209436,538133,209936,538633,DG9,http://data.ordnancesurvey.co.uk/id/postcodedistrict/DG9,,,,,,,Dumfries and Galloway,http://data.ordnancesurvey.co.uk/id/7000000000031903,http://data.ordnancesurvey.co.uk/ontology/admingeo/UnitaryAuthority,Scotland,http://data.ordnancesurvey.co.uk/id/7000000000041429,Scotland,http://data.ordnancesurvey.co.uk/id/country/scotland,,,
osgb4000000074586753,http://data.ordnancesurvey.co.uk/id/4000000074586753,Slate Hole,,,,landform,Other Coastal Landform,209643,537646,1000,20000,209393,537395,209893,537895,DG9,http://data.ordnancesurvey.co.uk/id/postcodedistrict/DG9,,,,,,,Dumfries and Galloway,http://data.ordnancesurvey.co.uk/id/7000000000031903,http://data.ordnancesurvey.co.uk/ontology/admingeo/UnitaryAuthority,Scotland,http://data.ordnancesurvey.co.uk/id/7000000000041429,Scotland,http://data.ordnancesurvey.co.uk/id/country/scotland,,,
osgb4000000074756527,http://data.ordnancesurvey.co.uk/id/4000000074756527,Ridge of Slouchlaurie,,,,landform,Other Coastal Landform,211159,531819,1000,50000,210930,531569,211430,532069,DG9,http://data.ordnancesurvey.co.uk/id/postcodedistrict/DG9,,,,,,,Dumfries and Galloway,http://data.ordnancesurvey.co.uk/id/7000000000031903,http://data.ordnancesurvey.co.uk/ontology/admingeo/UnitaryAuthority,Scotland,http://data.ordnancesurvey.co.uk/id/7000000000041429,Scotland,http://data.ordnancesurvey.co.uk/id/country/scotland,,,
osgb4000000074769823,http://data.ordnancesurvey.co.uk/id/4000000074769823,Edgar Hill,,,,landform,Hill Or Mountain,212580,535140,1000,300000,212330,534890,212830,535390,DG9,http://data.ordnancesurvey.co.uk/id/postcodedistrict/DG9,,,,,,,Dumfries and Galloway,http://data.ordnancesurvey.co.uk/id/7000000000031903,http://data.ordnancesurvey.co.uk/ontology/admingeo/UnitaryAuthority,Scotland,http://data.ordnancesurvey.co.uk/id/7000000000041429,Scotland,http://data.ordnancesurvey.co.uk/id/country/scotland,,,
osgb4000000074756359,http://data.ordnancesurvey.co.uk/id/4000000074756359,South Lennans,,,,landform,Other Coastal Landform,209430,538823,1000,50000,209180,538580,209680,539080,DG9,http://data.ordnancesurvey.co.uk/id/postcodedistrict/DG9,,,,,,,Dumfries and Galloway,http://data.ordnancesurvey.co.uk/id/7000000000031903,http://data.ordnancesurvey.co.uk/ontology/admingeo/UnitaryAuthority,Scotland,http://data.ordnancesurvey.co.uk/id/7000000000041429,Scotland,http://data.ordnancesurvey.co.uk/id/country/scotland,,,
osgb4000000074620194,http://data.ordnancesurvey.co.uk/id/4000000074620194,Inchmulloch Hill,,,,landform,Hill Or Mountain,210865,539451,1000,300000,210615,539201,211115,539701,DG9,http://data.ordnancesurvey.co.uk/id/postcodedistrict/DG9,,,,,,,Dumfries and Galloway,http://data.ordnancesurvey.co.uk/id/7000000000031903,http://data.ordnancesurvey.co.uk/ontology/admingeo/UnitaryAuthority,Scotland,http://data.ordnancesurvey.co.uk/id/7000000000041429,Scotland,http://data.ordnancesurvey.co.uk/id/country/scotland,,,
osgb4000000074756151,http://data.ordnancesurvey.co.uk/id/4000000074756151,Sloucharangie,,,,landform,Other Coastal Landform,208551,536878,1000,50000,208302,536628,208802,537128,DG9,http://data.ordnancesurvey.co.uk/id/postcodedistrict/DG9,,,,,,,Dumfries and Galloway,http://data.ordnancesurvey.co.uk/id/7000000000031903,http://data.ordnancesurvey.co.uk/ontology/admingeo/UnitaryAuthority,Scotland,http://data.ordnancesurvey.co.uk/id/7000000000041429,Scotland,http://data.ordnancesurvey.co.uk/id/country/scotland,,,
osgb4000000074756739,http://data.ordnancesurvey.co.uk/id/4000000074756739,Lythe Mead,,,,landform,Other Coastal Landform,215498,530268,1000,20000,215236,530018,215736,530518,DG9,http://data.ordnancesurvey.co.uk/id/postcodedistrict/DG9,,,,,,,Dumfries and Galloway,http://data.ordnancesurvey.co.uk/id/7000000000031903,http://data.ordnancesurvey.co.uk/ontology/admingeo/UnitaryAuthority,Scotland,http://data.ordnancesurvey.co.uk/id/7000000000041429,Scotland,http://data.ordnancesurvey.co.uk/id/country/scotland,,,
osgb4000000074756744,http://data.ordnancesurvey.co.uk/id/4000000074756744,Dunman,,,,landform,Other Coastal Landform,209714,533547,1000,20000,209472,533297,209972,533797,DG9,http://data.ordnancesurvey.co.uk/id/postcodedistrict/DG9,,,,,,,Dumfries and Galloway,http://data.ordnancesurvey.co.uk/id/7000000000031903,http://data.ordnancesurvey.co.uk/ontology/admingeo/UnitaryAuthority,Scotland,http://data.ordnancesurvey.co.uk/id/7000000000041429,Scotland,http://data.ordnancesurvey.co.uk/id/country/scotland,,,
osgb4000000074757254,http://data.ordnancesurvey.co.uk/id/4000000074757254,Auld Ship,,,,landform,Other Coastal Landform,208507,536539,1000,20000,208257,536320,208757,536820,DG9,http://data.ordnancesurvey.co.uk/id/postcodedistrict/DG9,,,,,,,Dumfries and Galloway,http://data.ordnancesurvey.co.uk/id/7000000000031903,http://data.ordnancesurvey.co.uk/ontology/admingeo/UnitaryAuthority,Scotland,http://data.ordnancesurvey.co.uk/id/7000000000041429,Scotland,http://data.ordnancesurvey.co.uk/id/country/scotland,,,
osgb4000000074756146,http://data.ordnancesurvey.co.uk/id/4000000074756146,Slouchalkin,,,,landform,Other Coastal Landform,214385,531850,1000,50000,214134,531600,214634,532100,DG9,http://data.ordnancesurvey.co.uk/id/postcodedistrict/DG9,,,,,,,Dumfries and Galloway,http://data.ordnancesurvey.co.uk/id/7000000000031903,http://data.ordnancesurvey.co.uk/ontology/admingeo/UnitaryAuthority,Scotland,http://data.ordnancesurvey.co.uk/id/7000000000041429,Scotland,http://data.ordnancesurvey.co.uk/id/country/scotland,,,
osgb4000000074757249,http://data.ordnancesurvey.co.uk/id/4000000074757249,Slouchananars,,,,landform,Other Coastal Landform,213716,530916,1000,50000,213456,530666,213956,531166,DG9,http://data.ordnancesurvey.co.uk/id/postcodedistrict/DG9,,,,,,,Dumfries and Galloway,http://data.ordnancesurvey.co.uk/id/7000000000031903,http://data.ordnancesurvey.co.uk/ontology/admingeo/UnitaryAuthority,Scotland,http://data.ordnancesurvey.co.uk/id/7000000000041429,Scotland,http://data.ordnancesurvey.co.uk/id/country/scotland,,,
osgb4000000074756666,http://data.ordnancesurvey.co.uk/id/4000000074756666,Broad Stone of Portdown,,,,landform,Island,209951,533079,1000,800000,209701,532832,210201,533332,DG9,http://data.ordnancesurvey.co.uk/id/postcodedistrict/DG9,,,,,,,Dumfries and Galloway,http://data.ordnancesurvey.co.uk/id/7000000000031903,http://data.ordnancesurvey.co.uk/ontology/admingeo/UnitaryAuthority,Scotland,http://data.ordnancesurvey.co.uk/id/7000000000041429,Scotland,http://data.ordnancesurvey.co.uk/id/country/scotland,,,
osgb4000000074756362,http://data.ordnancesurvey.co.uk/id/4000000074756362,Surnock,,,,landform,Other Coastal Landform,209200,539366,1000,50000,208950,539118,209450,539618,DG9,http://data.ordnancesurvey.co.uk/id/postcodedistrict/DG9,,,,,,,Dumfries and Galloway,http://data.ordnancesurvey.co.uk/id/7000000000031903,http://data.ordnancesurvey.co.uk/ontology/admingeo/UnitaryAuthority,Scotland,http://data.ordnancesurvey.co.uk/id/7000000000041429,Scotland,http://data.ordnancesurvey.co.uk/id/country/scotland,,,
osgb4000000074799124,http://data.ordnancesurvey.co.uk/id/4000000074799124,North Channel,,,,hydrography,Sea,207980,533022,998000,12000000,71371,498962,215960,652493,DG9,http://data.ordnancesurvey.co.uk/id/postcodedistrict/DG9,,,,,,,Dumfries and Galloway,http://data.ordnancesurvey.co.uk/id/7000000000031903,http://data.ordnancesurvey.co.uk/ontology/admingeo/UnitaryAuthority,Scotland,http://data.ordnancesurvey.co.uk/id/7000000000041429,Scotland,http://data.ordnancesurvey.co.uk/id/country/scotland,,,
osgb4000000074756592,http://data.ordnancesurvey.co.uk/id/4000000074756592,Carrickahawkie Heughs,,,,landform,Cliff Or Slope,210723,532375,2000,40000,210473,532128,210973,532628,DG9,http://data.ordnancesurvey.co.uk/id/postcodedistrict/DG9,,,,,,,Dumfries and Galloway,http://data.ordnancesurvey.co.uk/id/7000000000031903,http://data.ordnancesurvey.co.uk/ontology/admingeo/UnitaryAuthority,Scotland,http://data.ordnancesurvey.co.uk/id/7000000000041429,Scotland,http://data.ordnancesurvey.co.uk/id/country/scotland,,,
osgb4000000074788082,http://data.ordnancesurvey.co.uk/id/4000000074788082,Portankill,,,,hydrography,Bay,214131,532552,1000,150000,213881,532297,214381,532797,DG9,http://data.ordnancesurvey.co.uk/id/postcodedistrict/DG9,,,,,,,Dumfries and Galloway,http://data.ordnancesurvey.co.uk/id/7000000000031903,http://data.ordnancesurvey.co.uk/ontology/admingeo/UnitaryAuthority,Scotland,http://data.ordnancesurvey.co.uk/id/7000000000041429,Scotland,http://data.ordnancesurvey.co.uk/id/country/scotland,,,
osgb4000000074788187,http://data.ordnancesurvey.co.uk/id/4000000074788187,Norway Hole,,,,hydrography,Tidal Water,208898,534478,1000,150000,208648,534236,209148,534736,DG9,http://data.ordnancesurvey.co.uk/id/postcodedistrict/DG9,,,,,,,Dumfries and Galloway,http://data.ordnancesurvey.co.uk/id/7000000000031903,http://data.ordnancesurvey.co.uk/ontology/admingeo/UnitaryAuthority,Scotland,http://data.ordnancesurvey.co.uk/id/7000000000041429,Scotland,http://data.ordnancesurvey.co.uk/id/country/scotland,,,
osgb4000000074756530,http://data.ordnancesurvey.co.uk/id/4000000074756530,Inchslithery,,,,landform,Other Coastal Landform,210778,532157,1000,50000,210520,531907,211020,532407,DG9,http://data.ordnancesurvey.co.uk/id/postcodedistrict/DG9,,,,,,,Dumfries and Galloway,http://data.ordnancesurvey.co.uk/id/7000000000031903,http://data.ordnancesurvey.co.uk/ontology/admingeo/UnitaryAuthority,Scotland,http://data.ordnancesurvey.co.uk/id/7000000000041429,Scotland,http://data.ordnancesurvey.co.uk/id/country/scotland,,,
osgb4000000074770125,http://data.ordnancesurvey.co.uk/id/4000000074770125,Carrick Hill,,,,landform,Hill Or Mountain,209110,533990,1000,300000,208860,533740,209360,534240,DG9,http://data.ordnancesurvey.co.uk/id/postcodedistrict/DG9,,,,,,,Dumfries and Galloway,http://data.ordnancesurvey.co.uk/id/7000000000031903,http://data.ordnancesurvey.co.uk/ontology/admingeo/UnitaryAuthority,Scotland,http://data.ordnancesurvey.co.uk/id/7000000000041429,Scotland,http://data.ordnancesurvey.co.uk/id/country/scotland,,,
osgb4000000074769825,http://data.ordnancesurvey.co.uk/id/4000000074769825,Peter's Hill,,,,landform,Hill Or Mountain,213600,534790,1000,300000,213350,534540,213850,535040,DG9,http://data.ordnancesurvey.co.uk/id/postcodedistrict/DG9,,,,,,,Dumfries and Galloway,http://data.ordnancesurvey.co.uk/id/7000000000031903,http://data.ordnancesurvey.co.uk/ontology/admingeo/UnitaryAuthority,Scotland,http://data.ordnancesurvey.co.uk/id/7000000000041429,Scotland,http://data.ordnancesurvey.co.uk/id/country/scotland,,,
osgb4000000074755998,http://data.ordnancesurvey.co.uk/id/4000000074755998,Bendoo,,,,landform,Other Coastal Landform,208786,537040,1000,20000,208537,536790,209037,537290,DG9,http://data.ordnancesurvey.co.uk/id/postcodedistrict/DG9,,,,,,,Dumfries and Galloway,http://data.ordnancesurvey.co.uk/id/7000000000031903,http://data.ordnancesurvey.co.uk/ontology/admingeo/UnitaryAuthority,Scotland,http://data.ordnancesurvey.co.uk/id/7000000000041429,Scotland,http://data.ordnancesurvey.co.uk/id/country/scotland,,,
osgb4000000074756664,http://data.ordnancesurvey.co.uk/id/4000000074756664,Scart Craig,,,,landform,Other Coastal Landform,210200,532828,1000,20000,209950,532578,210450,533078,DG9,http://data.ordnancesurvey.co.uk/id/postcodedistrict/DG9,,,,,,,Dumfries and Galloway,http://data.ordnancesurvey.co.uk/id/7000000000031903,http://data.ordnancesurvey.co.uk/ontology/admingeo/UnitaryAuthority,Scotland,http://data.ordnancesurvey.co.uk/id/7000000000041429,Scotland,http://data.ordnancesurvey.co.uk/id/country/scotland,,,
osgb4000000074756928,http://data.ordnancesurvey.co.uk/id/4000000074756928,Gabarunning,,,,landform,Other Coastal Landform,208883,533914,1000,50000,208633,533680,209133,534180,DG9,http://data.ordnancesurvey.co.uk/id/postcodedistrict/DG9,,,,,,,Dumfries and Galloway,http://data.ordnancesurvey.co.uk/id/7000000000031903,http://data.ordnancesurvey.co.uk/ontology/admingeo/UnitaryAuthority,Scotland,http://data.ordnancesurvey.co.uk/id/7000000000041429,Scotland,http://data.ordnancesurvey.co.uk/id/country/scotland,,,
osgb4000000074788226,http://data.ordnancesurvey.co.uk/id/4000000074788226,Gobawhilkin,,,,hydrography,Bay,208892,537079,1000,150000,208641,536829,209141,537329,DG9,http://data.ordnancesurvey.co.uk/id/postcodedistrict/DG9,,,,,,,Dumfries and Galloway,http://data.ordnancesurvey.co.uk/id/7000000000031903,http://data.ordnancesurvey.co.uk/ontology/admingeo/UnitaryAuthority,Scotland,http://data.ordnancesurvey.co.uk/id/7000000000041429,Scotland,http://data.ordnancesurvey.co.uk/id/country/scotland,,,
osgb4000000074756831,http://data.ordnancesurvey.co.uk/id/4000000074756831,Gallie Heughs,,,,landform,Cliff Or Slope,214954,530309,1000,40000,214680,530060,215180,530560,DG9,http://data.ordnancesurvey.co.uk/id/postcodedistrict/DG9,,,,,,,Dumfries and Galloway,http://data.ordnancesurvey.co.uk/id/7000000000031903,http://data.ordnancesurvey.co.uk/ontology/admingeo/UnitaryAuthority,Scotland,http://data.ordnancesurvey.co.uk/id/7000000000041429,Scotland,http://data.ordnancesurvey.co.uk/id/country/scotland,,,
osgb4000000074724192,http://data.ordnancesurvey.co.uk/id/4000000074724192,Drummore Glen,,,,landform,Valley,213663,535612,3000,800000,213381,535362,213881,535862,DG9,http://data.ordnancesurvey.co.uk/id/postcodedistrict/DG9,,,,,,,Dumfries and Galloway,http://data.ordnancesurvey.co.uk/id/7000000000031903,http://data.ordnancesurvey.co.uk/ontology/admingeo/UnitaryAuthority,Scotland,http://data.ordnancesurvey.co.uk/id/7000000000041429,Scotland,http://data.ordnancesurvey.co.uk/id/country/scotland,,,
osgb4000000074739698,http://data.ordnancesurvey.co.uk/id/4000000074739698,Muntloch Fell,,,,landcover,Other Landcover,211745,534294,9000,800000,211426,533624,212063,535000,DG9,http://data.ordnancesurvey.co.uk/id/postcodedistrict/DG9,,,,,,,Dumfries and Galloway,http://data.ordnancesurvey.co.uk/id/7000000000031903,http://data.ordnancesurvey.co.uk/ontology/admingeo/UnitaryAuthority,Scotland,http://data.ordnancesurvey.co.uk/id/7000000000041429,Scotland,http://data.ordnancesurvey.co.uk/id/country/scotland,,,
osgb4000000074756528,http://data.ordnancesurvey.co.uk/id/4000000074756528,Slouchlaurie,,,,landform,Cliff Or Slope,211267,531921,2000,40000,211018,531652,211518,532152,DG9,http://data.ordnancesurvey.co.uk/id/postcodedistrict/DG9,,,,,,,Dumfries and Galloway,http://data.ordnancesurvey.co.uk/id/7000000000031903,http://data.ordnancesurvey.co.uk/ontology/admingeo/UnitaryAuthority,Scotland,http://data.ordnancesurvey.co.uk/id/7000000000041429,Scotland,http://data.ordnancesurvey.co.uk/id/country/scotland,,,
osgb4000000074755994,http://data.ordnancesurvey.co.uk/id/4000000074755994,Leucarron,,,,landform,Other Coastal Landform,213307,530977,1000,50000,213044,530728,213544,531228,DG9,http://data.ordnancesurvey.co.uk/id/postcodedistrict/DG9,,,,,,,Dumfries and Galloway,http://data.ordnancesurvey.co.uk/id/7000000000031903,http://data.ordnancesurvey.co.uk/ontology/admingeo/UnitaryAuthority,Scotland,http://data.ordnancesurvey.co.uk/id/7000000000041429,Scotland,http://data.ordnancesurvey.co.uk/id/country/scotland,,,
osgb4000000074754269,http://data.ordnancesurvey.co.uk/id/4000000074754269,Corket,,,,landform,Island,209898,538162,1000,800000,209647,537913,210147,538413,DG9,http://data.ordnancesurvey.co.uk/id/postcodedistrict/DG9,,,,,,,Dumfries and Galloway,http://data.ordnancesurvey.co.uk/id/7000000000031903,http://data.ordnancesurvey.co.uk/ontology/admingeo/UnitaryAuthority,Scotland,http://data.ordnancesurvey.co.uk/id/7000000000041429,Scotland,http://data.ordnancesurvey.co.uk/id/country/scotland,,,
osgb4000000074589255,http://data.ordnancesurvey.co.uk/id/4000000074589255,Isle of Partan,,,,landform,Island,208888,534363,1000,800000,208639,534113,209139,534613,DG9,http://data.ordnancesurvey.co.uk/id/postcodedistrict/DG9,,,,,,,Dumfries and Galloway,http://data.ordnancesurvey.co.uk/id/7000000000031903,http://data.ordnancesurvey.co.uk/ontology/admingeo/UnitaryAuthority,Scotland,http://data.ordnancesurvey.co.uk/id/7000000000041429,Scotland,http://data.ordnancesurvey.co.uk/id/country/scotland,,,
osgb4000000074756925,http://data.ordnancesurvey.co.uk/id/4000000074756925,Nannie Naird Heughs,,,,landform,Cliff Or Slope,215129,530720,4000,40000,214767,530470,215321,530970,DG9,http://data.ordnancesurvey.co.uk/id/postcodedistrict/DG9,,,,,,,Dumfries and Galloway,http://data.ordnancesurvey.co.uk/id/7000000000031903,http://data.ordnancesurvey.co.uk/ontology/admingeo/UnitaryAuthority,Scotland,http://data.ordnancesurvey.co.uk/id/7000000000041429,Scotland,http://data.ordnancesurvey.co.uk/id/country/scotland,,,
osgb4000000074756145,http://data.ordnancesurvey.co.uk/id/4000000074756145,Carrickamurlan,,,,landform,Other Coastal Landform,214401,531908,1000,50000,214140,531659,214640,532159,DG9,http://data.ordnancesurvey.co.uk/id/postcodedistrict/DG9,,,,,,,Dumfries and Galloway,http://data.ordnancesurvey.co.uk/id/7000000000031903,http://data.ordnancesurvey.co.uk/ontology/admingeo/UnitaryAuthority,Scotland,http://data.ordnancesurvey.co.uk/id/7000000000041429,Scotland,http://data.ordnancesurvey.co.uk/id/country/scotland,,,
osgb4000000074740270,http://data.ordnancesurvey.co.uk/id/4000000074740270,Clanyard Moor,,,,landcover,Other Landcover,209686,537459,4000,1300000,209432,537209,209978,537709,DG9,http://data.ordnancesurvey.co.uk/id/postcodedistrict/DG9,,,,,,,Dumfries and Galloway,http://data.ordnancesurvey.co.uk/id/7000000000031903,http://data.ordnancesurvey.co.uk/ontology/admingeo/UnitaryAuthority,Scotland,http://data.ordnancesurvey.co.uk/id/7000000000041429,Scotland,http://data.ordnancesurvey.co.uk/id/country/scotland,,,
osgb4000000074724756,http://data.ordnancesurvey.co.uk/id/4000000074724756,Manse Glen,,,,landform,Valley,212010,537126,3000,800000,211829,536876,212329,537376,DG9,http://data.ordnancesurvey.co.uk/id/postcodedistrict/DG9,,,,,,,Dumfries and Galloway,http://data.ordnancesurvey.co.uk/id/7000000000031903,http://data.ordnancesurvey.co.uk/ontology/admingeo/UnitaryAuthority,Scotland,http://data.ordnancesurvey.co.uk/id/7000000000041429,Scotland,http://data.ordnancesurvey.co.uk/id/country/scotland,,,
osgb4000000074769661,http://data.ordnancesurvey.co.uk/id/4000000074769661,Cairney Hill,,,,landform,Hill Or Mountain,212601,537161,1000,300000,212351,536911,212851,537411,DG9,http://data.ordnancesurvey.co.uk/id/postcodedistrict/DG9,,,,,,,Dumfries and Galloway,http://data.ordnancesurvey.co.uk/id/7000000000031903,http://data.ordnancesurvey.co.uk/ontology/admingeo/UnitaryAuthority,Scotland,http://data.ordnancesurvey.co.uk/id/7000000000041429,Scotland,http://data.ordnancesurvey.co.uk/id/country/scotland,,,
osgb4000000074769824,http://data.ordnancesurvey.co.uk/id/4000000074769824,Maryport Hill,,,,landform,Hill Or Mountain,213266,534633,1000,300000,213016,534383,213516,534883,DG9,http://data.ordnancesurvey.co.uk/id/postcodedistrict/DG9,,,,,,,Dumfries and Galloway,http://data.ordnancesurvey.co.uk/id/7000000000031903,http://data.ordnancesurvey.co.uk/ontology/admingeo/UnitaryAuthority,Scotland,http://data.ordnancesurvey.co.uk/id/7000000000041429,Scotland,http://data.ordnancesurvey.co.uk/id/country/scotland,,,
osgb4000000074757017,http://data.ordnancesurvey.co.uk/id/4000000074757017,Lagganrees,,,,landform,Other Coastal Landform,214039,530691,1000,20000,213786,530441,214286,530941,DG9,http://data.ordnancesurvey.co.uk/id/postcodedistrict/DG9,,,,,,,Dumfries and Galloway,http://data.ordnancesurvey.co.uk/id/7000000000031903,http://data.ordnancesurvey.co.uk/ontology/admingeo/UnitaryAuthority,Scotland,http://data.ordnancesurvey.co.uk/id/7000000000041429,Scotland,http://data.ordnancesurvey.co.uk/id/country/scotland,,,
osgb4000000074788378,http://data.ordnancesurvey.co.uk/id/4000000074788378,Kettle Mouth,,,,hydrography,Tidal Water,209152,539675,1000,150000,208902,539431,209402,539931,DG9,http://data.ordnancesurvey.co.uk/id/postcodedistrict/DG9,,,,,,,Dumfries and Galloway,http://data.ordnancesurvey.co.uk/id/7000000000031903,http://data.ordnancesurvey.co.uk/ontology/admingeo/UnitaryAuthority,Scotland,http://data.ordnancesurvey.co.uk/id/7000000000041429,Scotland,http://data.ordnancesurvey.co.uk/id/country/scotland,,,
osgb4000000074757256,http://data.ordnancesurvey.co.uk/id/4000000074757256,Scutching Stock,,,,landform,Other Coastal Landform,208495,535904,1000,50000,208246,535654,208746,536154,DG9,http://data.ordnancesurvey.co.uk/id/postcodedistrict/DG9,,,,,,,Dumfries and Galloway,http://data.ordnancesurvey.co.uk/id/7000000000031903,http://data.ordnancesurvey.co.uk/ontology/admingeo/UnitaryAuthority,Scotland,http://data.ordnancesurvey.co.uk/id/7000000000041429,Scotland,http://data.ordnancesurvey.co.uk/id/country/scotland,,,
osgb4000000074739697,http://data.ordnancesurvey.co.uk/id/4000000074739697,Black Moss,,,,landcover,Other Landcover,212505,534232,2000,1300000,212255,533983,212755,534483,DG9,http://data.ordnancesurvey.co.uk/id/postcodedistrict/DG9,,,,,,,Dumfries and Galloway,http://data.ordnancesurvey.co.uk/id/7000000000031903,http://data.ordnancesurvey.co.uk/ontology/admingeo/UnitaryAuthority,Scotland,http://data.ordnancesurvey.co.uk/id/7000000000041429,Scotland,http://data.ordnancesurvey.co.uk/id/country/scotland,,,
osgb4000000074740208,http://data.ordnancesurvey.co.uk/id/4000000074740208,Cran Moss,,,,landcover,Other Landcover,210480,533657,3000,1300000,210225,533407,210725,533907,DG9,http://data.ordnancesurvey.co.uk/id/postcodedistrict/DG9,,,,,,,Dumfries and Galloway,http://data.ordnancesurvey.co.uk/id/7000000000031903,http://data.ordnancesurvey.co.uk/ontology/admingeo/UnitaryAuthority,Scotland,http://data.ordnancesurvey.co.uk/id/7000000000041429,Scotland,http://data.ordnancesurvey.co.uk/id/country/scotland,,,
osgb4000000074586933,http://data.ordnancesurvey.co.uk/id/4000000074586933,Hawks Hole,,,,landform,Other Coastal Landform,208927,533942,1000,20000,208678,533678,209178,534178,DG9,http://data.ordnancesurvey.co.uk/id/postcodedistrict/DG9,,,,,,,Dumfries and Galloway,http://data.ordnancesurvey.co.uk/id/7000000000031903,http://data.ordnancesurvey.co.uk/ontology/admingeo/UnitaryAuthority,Scotland,http://data.ordnancesurvey.co.uk/id/7000000000041429,Scotland,http://data.ordnancesurvey.co.uk/id/country/scotland,,,
osgb4000000074769822,http://data.ordnancesurvey.co.uk/id/4000000074769822,Cleugh Hill,,,,landform,Hill Or Mountain,208886,534803,1000,300000,208636,534553,209136,535053,DG9,http://data.ordnancesurvey.co.uk/id/postcodedistrict/DG9,,,,,,,Dumfries and Galloway,http://data.ordnancesurvey.co.uk/id/7000000000031903,http://data.ordnancesurvey.co.uk/ontology/admingeo/UnitaryAuthority,Scotland,http://data.ordnancesurvey.co.uk/id/7000000000041429,Scotland,http://data.ordnancesurvey.co.uk/id/country/scotland,,,
osgb4000000074757130,http://data.ordnancesurvey.co.uk/id/4000000074757130,Point of the Cleugh,,,,landform,Other Coastal Landform,208762,534976,2000,50000,208512,534678,209012,535178,DG9,http://data.ordnancesurvey.co.uk/id/postcodedistrict/DG9,,,,,,,Dumfries and Galloway,http://data.ordnancesurvey.co.uk/id/7000000000031903,http://data.ordnancesurvey.co.uk/ontology/admingeo/UnitaryAuthority,Scotland,http://data.ordnancesurvey.co.uk/id/7000000000041429,Scotland,http://data.ordnancesurvey.co.uk/id/country/scotland,,,
osgb4000000074724193,http://data.ordnancesurvey.co.uk/id/4000000074724193,Glen Lee,,,,landform,Valley,213234,536181,2000,800000,212964,535931,213464,536431,DG9,http://data.ordnancesurvey.co.uk/id/postcodedistrict/DG9,,,,,,,Dumfries and Galloway,http://data.ordnancesurvey.co.uk/id/7000000000031903,http://data.ordnancesurvey.co.uk/ontology/admingeo/UnitaryAuthority,Scotland,http://data.ordnancesurvey.co.uk/id/7000000000041429,Scotland,http://data.ordnancesurvey.co.uk/id/country/scotland,,,
osgb4000000074619809,http://data.ordnancesurvey.co.uk/id/4000000074619809,Inshanks Fell,,,,landform,Hill Or Mountain,211400,535524,1000,300000,211150,535274,211650,535774,DG9,http://data.ordnancesurvey.co.uk/id/postcodedistrict/DG9,,,,,,,Dumfries and Galloway,http://data.ordnancesurvey.co.uk/id/7000000000031903,http://data.ordnancesurvey.co.uk/ontology/admingeo/UnitaryAuthority,Scotland,http://data.ordnancesurvey.co.uk/id/7000000000041429,Scotland,http://data.ordnancesurvey.co.uk/id/country/scotland,,,
osgb4000000074724758,http://data.ordnancesurvey.co.uk/id/4000000074724758,Maggie's Glen,,,,landform,Valley,210187,537342,3000,800000,209937,537110,210437,537610,DG9,http://data.ordnancesurvey.co.uk/id/postcodedistrict/DG9,,,,,,,Dumfries and Galloway,http://data.ordnancesurvey.co.uk/id/7000000000031903,http://data.ordnancesurvey.co.uk/ontology/admingeo/UnitaryAuthority,Scotland,http://data.ordnancesurvey.co.uk/id/7000000000041429,Scotland,http://data.ordnancesurvey.co.uk/id/country/scotland,,,
osgb4000000074788108,http://data.ordnancesurvey.co.uk/id/4000000074788108,Drummore Bay,,,,hydrography,Bay,213539,537003,4000,150000,213278,536793,213800,537442,DG9,http://data.ordnancesurvey.co.uk/id/postcodedistrict/DG9,,,,,,,Dumfries and Galloway,http://data.ordnancesurvey.co.uk/id/7000000000031903,http://data.ordnancesurvey.co.uk/ontology/admingeo/UnitaryAuthority,Scotland,http://data.ordnancesurvey.co.uk/id/7000000000041429,Scotland,http://data.ordnancesurvey.co.uk/id/country/scotland,,,
osgb4000000074757124,http://data.ordnancesurvey.co.uk/id/4000000074757124,Benwee,,,,landform,Other Coastal Landform,213928,530788,1000,50000,213678,530514,214178,531014,DG9,http://data.ordnancesurvey.co.uk/id/postcodedistrict/DG9,,,,,,,Dumfries and Galloway,http://data.ordnancesurvey.co.uk/id/7000000000031903,http://data.ordnancesurvey.co.uk/ontology/admingeo/UnitaryAuthority,Scotland,http://data.ordnancesurvey.co.uk/id/7000000000041429,Scotland,http://data.ordnancesurvey.co.uk/id/country/scotland,,,
osgb4000000074756437,http://data.ordnancesurvey.co.uk/id/4000000074756437,Wild Cat Holes,,,,landform,Cliff Or Slope,211348,531710,1000,40000,211141,531460,211641,531960,DG9,http://data.ordnancesurvey.co.uk/id/postcodedistrict/DG9,,,,,,,Dumfries and Galloway,http://data.ordnancesurvey.co.uk/id/7000000000031903,http://data.ordnancesurvey.co.uk/ontology/admingeo/UnitaryAuthority,Scotland,http://data.ordnancesurvey.co.uk/id/7000000000041429,Scotland,http://data.ordnancesurvey.co.uk/id/country/scotland,,,
osgb4000000074756833,http://data.ordnancesurvey.co.uk/id/4000000074756833,Carrick Kibbertie,,,,landform,Cliff Or Slope,214702,530321,1000,40000,214478,530071,214978,530571,DG9,http://data.ordnancesurvey.co.uk/id/postcodedistrict/DG9,,,,,,,Dumfries and Galloway,http://data.ordnancesurvey.co.uk/id/7000000000031903,http://data.ordnancesurvey.co.uk/ontology/admingeo/UnitaryAuthority,Scotland,http://data.ordnancesurvey.co.uk/id/7000000000041429,Scotland,http://data.ordnancesurvey.co.uk/id/country/scotland,,,
osgb4000000074756438,http://data.ordnancesurvey.co.uk/id/4000000074756438,Duniekellie,,,,landform,Island,212036,531435,1000,800000,211786,531186,212286,531686,DG9,http://data.ordnancesurvey.co.uk/id/postcodedistrict/DG9,,,,,,,Dumfries and Galloway,http://data.ordnancesurvey.co.uk/id/7000000000031903,http://data.ordnancesurvey.co.uk/ontology/admingeo/UnitaryAuthority,Scotland,http://data.ordnancesurvey.co.uk/id/7000000000041429,Scotland,http://data.ordnancesurvey.co.uk/id/country/scotland,,,
osgb4000000074757015,http://data.ordnancesurvey.co.uk/id/4000000074757015,Youchtrie Heugh,,,,landform,Cliff Or Slope,214132,531002,1000,40000,213793,530752,214293,531252,DG9,http://data.ordnancesurvey.co.uk/id/postcodedistrict/DG9,,,,,,,Dumfries and Galloway,http://data.ordnancesurvey.co.uk/id/7000000000031903,http://data.ordnancesurvey.co.uk/ontology/admingeo/UnitaryAuthority,Scotland,http://data.ordnancesurvey.co.uk/id/7000000000041429,Scotland,http://data.ordnancesurvey.co.uk/id/country/scotland,,,
osgb4000000074757252,http://data.ordnancesurvey.co.uk/id/4000000074757252,Laggantalluch Head,,,,landform,Coastal Headland,208439,536217,2000,750000,208189,535963,208689,536463,DG9,http://data.ordnancesurvey.co.uk/id/postcodedistrict/DG9,,,,,,,Dumfries and Galloway,http://data.ordnancesurvey.co.uk/id/7000000000031903,http://data.ordnancesurvey.co.uk/ontology/admingeo/UnitaryAuthority,Scotland,http://data.ordnancesurvey.co.uk/id/7000000000041429,Scotland,http://data.ordnancesurvey.co.uk/id/country/scotland,,,
osgb4000000074788184,http://data.ordnancesurvey.co.uk/id/4000000074788184,Dunagarroch,,,,hydrography,Tidal Water,211096,531921,1000,150000,210846,531660,211346,532160,DG9,http://data.ordnancesurvey.co.uk/id/postcodedistrict/DG9,,,,,,,Dumfries and Galloway,http://data.ordnancesurvey.co.uk/id/7000000000031903,http://data.ordnancesurvey.co.uk/ontology/admingeo/UnitaryAuthority,Scotland,http://data.ordnancesurvey.co.uk/id/7000000000041429,Scotland,http://data.ordnancesurvey.co.uk/id/country/scotland,,,
osgb4000000074797943,http://data.ordnancesurvey.co.uk/id/4000000074797943,Clanyard Bay,,,,hydrography,Bay,209658,538128,10000,150000,209202,537362,210156,538895,DG9,http://data.ordnancesurvey.co.uk/id/postcodedistrict/DG9,,,,,,,Dumfries and Galloway,http://data.ordnancesurvey.co.uk/id/7000000000031903,http://data.ordnancesurvey.co.uk/ontology/admingeo/UnitaryAuthority,Scotland,http://data.ordnancesurvey.co.uk/id/7000000000041429,Scotland,http://data.ordnancesurvey.co.uk/id/country/scotland,,,
osgb4000000074798144,http://data.ordnancesurvey.co.uk/id/4000000074798144,Port Kemin,,,,hydrography,Bay,212157,531316,5000,150000,211860,531066,212631,531566,DG9,http://data.ordnancesurvey.co.uk/id/postcodedistrict/DG9,,,,,,,Dumfries and Galloway,http://data.ordnancesurvey.co.uk/id/7000000000031903,http://data.ordnancesurvey.co.uk/ontology/admingeo/UnitaryAuthority,Scotland,http://data.ordnancesurvey.co.uk/id/7000000000041429,Scotland,http://data.ordnancesurvey.co.uk/id/country/scotland,,,
osgb4000000074756286,http://data.ordnancesurvey.co.uk/id/4000000074756286,Bennan,,,,landcover,Wetland,209843,537737,2000,200000,209581,537488,210081,537988,DG9,http://data.ordnancesurvey.co.uk/id/postcodedistrict/DG9,,,,,,,Dumfries and Galloway,http://data.ordnancesurvey.co.uk/id/7000000000031903,http://data.ordnancesurvey.co.uk/ontology/admingeo/UnitaryAuthority,Scotland,http://data.ordnancesurvey.co.uk/id/7000000000041429,Scotland,http://data.ordnancesurvey.co.uk/id/country/scotland,,,
osgb4000000074816379,http://data.ordnancesurvey.co.uk/id/4000000074816379,Core Hill,,,,landform,Hill Or Mountain,212440,536860,1000,300000,212190,536610,212690,537110,DG9,http://data.ordnancesurvey.co.uk/id/postcodedistrict/DG9,,,,,,,Dumfries and Galloway,http://data.ordnancesurvey.co.uk/id/7000000000031903,http://data.ordnancesurvey.co.uk/ontology/admingeo/UnitaryAuthority,Scotland,http://data.ordnancesurvey.co.uk/id/7000000000041429,Scotland,http://data.ordnancesurvey.co.uk/id/country/scotland,,,
osgb4000000074740206,http://data.ordnancesurvey.co.uk/id/4000000074740206,Auchneight Moor,,,,landcover,Other Landcover,210441,533125,6000,1300000,210000,532663,210883,533573,DG9,http://data.ordnancesurvey.co.uk/id/postcodedistrict/DG9,,,,,,,Dumfries and Galloway,http://data.ordnancesurvey.co.uk/id/7000000000031903,http://data.ordnancesurvey.co.uk/ontology/admingeo/UnitaryAuthority,Scotland,http://data.ordnancesurvey.co.uk/id/7000000000041429,Scotland,http://data.ordnancesurvey.co.uk/id/country/scotland,,,
osgb4000000074756439,http://data.ordnancesurvey.co.uk/id/4000000074756439,Carlin Bed,,,,landform,Other Coastal Landform,209117,539840,1000,20000,208868,539569,209368,540069,DG9,http://data.ordnancesurvey.co.uk/id/postcodedistrict/DG9,,,,,,,Dumfries and Galloway,http://data.ordnancesurvey.co.uk/id/7000000000031903,http://data.ordnancesurvey.co.uk/ontology/admingeo/UnitaryAuthority,Scotland,http://data.ordnancesurvey.co.uk/id/7000000000041429,Scotland,http://data.ordnancesurvey.co.uk/id/country/scotland,,,
osgb4000000074740207,http://data.ordnancesurvey.co.uk/id/4000000074740207,Brocklan Braes,,,,landcover,Other Landcover,210652,533776,3000,800000,210479,533526,210979,534026,DG9,http://data.ordnancesurvey.co.uk/id/postcodedistrict/DG9,,,,,,,Dumfries and Galloway,http://data.ordnancesurvey.co.uk/id/7000000000031903,http://data.ordnancesurvey.co.uk/ontology/admingeo/UnitaryAuthority,Scotland,http://data.ordnancesurvey.co.uk/id/7000000000041429,Scotland,http://data.ordnancesurvey.co.uk/id/country/scotland,,,
osgb4000000074769901,http://data.ordnancesurvey.co.uk/id/4000000074769901,Coreholm Hill,,,,landform,Hill Or Mountain,210390,536890,1000,300000,210140,536640,210640,537140,DG9,http://data.ordnancesurvey.co.uk/id/postcodedistrict/DG9,,,,,,,Dumfries and Galloway,http://data.ordnancesurvey.co.uk/id/7000000000031903,http://data.ordnancesurvey.co.uk/ontology/admingeo/UnitaryAuthority,Scotland,http://data.ordnancesurvey.co.uk/id/7000000000041429,Scotland,http://data.ordnancesurvey.co.uk/id/country/scotland,,,
osgb4000000074788267,http://data.ordnancesurvey.co.uk/id/4000000074788267,Slouchgarie,,,,hydrography,Bay,209518,537572,1000,150000,209238,537322,209738,537822,DG9,http://data.ordnancesurvey.co.uk/id/postcodedistrict/DG9,,,,,,,Dumfries and Galloway,http://data.ordnancesurvey.co.uk/id/7000000000031903,http://data.ordnancesurvey.co.uk/ontology/admingeo/UnitaryAuthority,Scotland,http://data.ordnancesurvey.co.uk/id/7000000000041429,Scotland,http://data.ordnancesurvey.co.uk/id/country/scotland,,,
osgb4000000074756835,http://data.ordnancesurvey.co.uk/id/4000000074756835,Carrickcone,,,,landform,Other Coastal Landform,214195,530455,1000,20000,213944,530206,214444,530706,DG9,http://data.ordnancesurvey.co.uk/id/postcodedistrict/DG9,,,,,,,Dumfries and Galloway,http://data.ordnancesurvey.co.uk/id/7000000000031903,http://data.ordnancesurvey.co.uk/ontology/admingeo/UnitaryAuthority,Scotland,http://data.ordnancesurvey.co.uk/id/7000000000041429,Scotland,http://data.ordnancesurvey.co.uk/id/country/scotland,,,
osgb4000000074754726,http://data.ordnancesurvey.co.uk/id/4000000074754726,Ringwee,,,,landcover,Wetland,214741,534601,5000,200000,214491,534182,214991,534888,DG9,http://data.ordnancesurvey.co.uk/id/postcodedistrict/DG9,,,,,,,Dumfries and Galloway,http://data.ordnancesurvey.co.uk/id/7000000000031903,http://data.ordnancesurvey.co.uk/ontology/admingeo/UnitaryAuthority,Scotland,http://data.ordnancesurvey.co.uk/id/7000000000041429,Scotland,http://data.ordnancesurvey.co.uk/id/country/scotland,,,
osgb4000000074755995,http://data.ordnancesurvey.co.uk/id/4000000074755995,Belloue,,,,landform,Other Coastal Landform,213203,530966,1000,50000,212943,530716,213443,531216,DG9,http://data.ordnancesurvey.co.uk/id/postcodedistrict/DG9,,,,,,,Dumfries and Galloway,http://data.ordnancesurvey.co.uk/id/7000000000031903,http://data.ordnancesurvey.co.uk/ontology/admingeo/UnitaryAuthority,Scotland,http://data.ordnancesurvey.co.uk/id/7000000000041429,Scotland,http://data.ordnancesurvey.co.uk/id/country/scotland,,,
osgb4000000074756594,http://data.ordnancesurvey.co.uk/id/4000000074756594,Slocknagour,,,,landform,Cliff Or Slope,210297,532748,1000,40000,210048,532516,210548,533016,DG9,http://data.ordnancesurvey.co.uk/id/postcodedistrict/DG9,,,,,,,Dumfries and Galloway,http://data.ordnancesurvey.co.uk/id/7000000000031903,http://data.ordnancesurvey.co.uk/ontology/admingeo/UnitaryAuthority,Scotland,http://data.ordnancesurvey.co.uk/id/7000000000041429,Scotland,http://data.ordnancesurvey.co.uk/id/country/scotland,,,
osgb4000000074756285,http://data.ordnancesurvey.co.uk/id/4000000074756285,Calliedown,,,,landform,Island,209590,538469,1000,800000,209346,538219,209846,538719,DG9,http://data.ordnancesurvey.co.uk/id/postcodedistrict/DG9,,,,,,,Dumfries and Galloway,http://data.ordnancesurvey.co.uk/id/7000000000031903,http://data.ordnancesurvey.co.uk/ontology/admingeo/UnitaryAuthority,Scotland,http://data.ordnancesurvey.co.uk/id/7000000000041429,Scotland,http://data.ordnancesurvey.co.uk/id/country/scotland,,,
osgb4000000074787898,http://data.ordnancesurvey.co.uk/id/4000000074787898,Cairngarroch Bay,,,,hydrography,Bay,214359,536362,5000,150000,214109,536085,214609,536800,DG9,http://data.ordnancesurvey.co.uk/id/postcodedistrict/DG9,,,,,,,Dumfries and Galloway,http://data.ordnancesurvey.co.uk/id/7000000000031903,http://data.ordnancesurvey.co.uk/ontology/admingeo/UnitaryAuthority,Scotland,http://data.ordnancesurvey.co.uk/id/7000000000041429,Scotland,http://data.ordnancesurvey.co.uk/id/country/scotland,,,
osgb4000000074756280,http://data.ordnancesurvey.co.uk/id/4000000074756280,The Ridge,,,,landform,Other Coastal Landform,215064,535842,1000,20000,214816,535592,215316,536092,DG9,http://data.ordnancesurvey.co.uk/id/postcodedistrict/DG9,,,,,,,Dumfries and Galloway,http://data.ordnancesurvey.co.uk/id/7000000000031903,http://data.ordnancesurvey.co.uk/ontology/admingeo/UnitaryAuthority,Scotland,http://data.ordnancesurvey.co.uk/id/7000000000041429,Scotland,http://data.ordnancesurvey.co.uk/id/country/scotland,,,
osgb4000000074788228,http://data.ordnancesurvey.co.uk/id/4000000074788228,Sheffield Hole,,,,hydrography,Tidal Water,208680,535586,1000,150000,208431,535323,208931,535823,DG9,http://data.ordnancesurvey.co.uk/id/postcodedistrict/DG9,,,,,,,Dumfries and Galloway,http://data.ordnancesurvey.co.uk/id/7000000000031903,http://data.ordnancesurvey.co.uk/ontology/admingeo/UnitaryAuthority,Scotland,http://data.ordnancesurvey.co.uk/id/7000000000041429,Scotland,http://data.ordnancesurvey.co.uk/id/country/scotland,,,
osgb4000000074755997,http://data.ordnancesurvey.co.uk/id/4000000074755997,Craig of Dolt,,,,landform,Island,208925,537094,1000,800000,208675,536844,209175,537344,DG9,http://data.ordnancesurvey.co.uk/id/postcodedistrict/DG9,,,,,,,Dumfries and Galloway,http://data.ordnancesurvey.co.uk/id/7000000000031903,http://data.ordnancesurvey.co.uk/ontology/admingeo/UnitaryAuthority,Scotland,http://data.ordnancesurvey.co.uk/id/7000000000041429,Scotland,http://data.ordnancesurvey.co.uk/id/country/scotland,,,
osgb4000000074724757,http://data.ordnancesurvey.co.uk/id/4000000074724757,Glen of the Hole,,,,landform,Valley,210628,536948,4000,800000,210180,536624,210844,537272,DG9,http://data.ordnancesurvey.co.uk/id/postcodedistrict/DG9,,,,,,,Dumfries and Galloway,http://data.ordnancesurvey.co.uk/id/7000000000031903,http://data.ordnancesurvey.co.uk/ontology/admingeo/UnitaryAuthority,Scotland,http://data.ordnancesurvey.co.uk/id/7000000000041429,Scotland,http://data.ordnancesurvey.co.uk/id/country/scotland,,,
osgb4000000074756067,http://data.ordnancesurvey.co.uk/id/4000000074756067,Mid Point,,,,landform,Other Coastal Landform,212888,531058,1000,50000,212628,530809,213128,531309,DG9,http://data.ordnancesurvey.co.uk/id/postcodedistrict/DG9,,,,,,,Dumfries and Galloway,http://data.ordnancesurvey.co.uk/id/7000000000031903,http://data.ordnancesurvey.co.uk/ontology/admingeo/UnitaryAuthority,Scotland,http://data.ordnancesurvey.co.uk/id/7000000000041429,Scotland,http://data.ordnancesurvey.co.uk/id/country/scotland,,,
osgb4000000074756747,http://data.ordnancesurvey.co.uk/id/4000000074756747,Gairal,,,,landform,Other Coastal Landform,209449,533685,1000,50000,209189,533436,209689,533936,DG9,http://data.ordnancesurvey.co.uk/id/postcodedistrict/DG9,,,,,,,Dumfries and Galloway,http://data.ordnancesurvey.co.uk/id/7000000000031903,http://data.ordnancesurvey.co.uk/ontology/admingeo/UnitaryAuthority,Scotland,http://data.ordnancesurvey.co.uk/id/7000000000041429,Scotland,http://data.ordnancesurvey.co.uk/id/country/scotland,,,
osgb4000000074788266,http://data.ordnancesurvey.co.uk/id/4000000074788266,Curghie Bay,,,,hydrography,Bay,213005,537820,3000,150000,212755,537648,213255,538148,DG9,http://data.ordnancesurvey.co.uk/id/postcodedistrict/DG9,,,,,,,Dumfries and Galloway,http://data.ordnancesurvey.co.uk/id/7000000000031903,http://data.ordnancesurvey.co.uk/ontology/admingeo/UnitaryAuthority,Scotland,http://data.ordnancesurvey.co.uk/id/7000000000041429,Scotland,http://data.ordnancesurvey.co.uk/id/country/scotland,,,
osgb4000000074757250,http://data.ordnancesurvey.co.uk/id/4000000074757250,Tangart,,,,landform,Island,213723,530876,1000,800000,213473,530622,213973,531122,DG9,http://data.ordnancesurvey.co.uk/id/postcodedistrict/DG9,,,,,,,Dumfries and Galloway,http://data.ordnancesurvey.co.uk/id/7000000000031903,http://data.ordnancesurvey.co.uk/ontology/admingeo/UnitaryAuthority,Scotland,http://data.ordnancesurvey.co.uk/id/7000000000041429,Scotland,http://data.ordnancesurvey.co.uk/id/country/scotland,,,
osgb4000000074788084,http://data.ordnancesurvey.co.uk/id/4000000074788084,Crawar Bay,,,,hydrography,Bay,215047,535789,2000,150000,214841,535539,215341,536039,DG9,http://data.ordnancesurvey.co.uk/id/postcodedistrict/DG9,,,,,,,Dumfries and Galloway,http://data.ordnancesurvey.co.uk/id/7000000000031903,http://data.ordnancesurvey.co.uk/ontology/admingeo/UnitaryAuthority,Scotland,http://data.ordnancesurvey.co.uk/id/7000000000041429,Scotland,http://data.ordnancesurvey.co.uk/id/country/scotland,,,
osgb4000000074756740,http://data.ordnancesurvey.co.uk/id/4000000074756740,Foxes Rattle,,,,landform,Other Coastal Landform,215457,530357,1000,20000,215208,530107,215708,530607,DG9,http://data.ordnancesurvey.co.uk/id/postcodedistrict/DG9,,,,,,,Dumfries and Galloway,http://data.ordnancesurvey.co.uk/id/7000000000031903,http://data.ordnancesurvey.co.uk/ontology/admingeo/UnitaryAuthority,Scotland,http://data.ordnancesurvey.co.uk/id/7000000000041429,Scotland,http://data.ordnancesurvey.co.uk/id/country/scotland,,,
osgb4000000074739696,http://data.ordnancesurvey.co.uk/id/4000000074739696,Kilbuie Moss,,,,landcover,Other Landcover,211286,533682,2000,1300000,211034,533432,211534,533932,DG9,http://data.ordnancesurvey.co.uk/id/postcodedistrict/DG9,,,,,,,Dumfries and Galloway,http://data.ordnancesurvey.co.uk/id/7000000000031903,http://data.ordnancesurvey.co.uk/ontology/admingeo/UnitaryAuthority,Scotland,http://data.ordnancesurvey.co.uk/id/7000000000041429,Scotland,http://data.ordnancesurvey.co.uk/id/country/scotland,,,
osgb4000000074757128,http://data.ordnancesurvey.co.uk/id/4000000074757128,Sconnan,,,,landform,Other Coastal Landform,208866,534154,1000,50000,208616,533896,209116,534396,DG9,http://data.ordnancesurvey.co.uk/id/postcodedistrict/DG9,,,,,,,Dumfries and Galloway,http://data.ordnancesurvey.co.uk/id/7000000000031903,http://data.ordnancesurvey.co.uk/ontology/admingeo/UnitaryAuthority,Scotland,http://data.ordnancesurvey.co.uk/id/7000000000041429,Scotland,http://data.ordnancesurvey.co.uk/id/country/scotland,,,
osgb4000000074756284,http://data.ordnancesurvey.co.uk/id/4000000074756284,Rotten Craigs,,,,landform,Other Coastal Landform,210022,538122,1000,20000,209756,537872,210256,538372,DG9,http://data.ordnancesurvey.co.uk/id/postcodedistrict/DG9,,,,,,,Dumfries and Galloway,http://data.ordnancesurvey.co.uk/id/7000000000031903,http://data.ordnancesurvey.co.uk/ontology/admingeo/UnitaryAuthority,Scotland,http://data.ordnancesurvey.co.uk/id/7000000000041429,Scotland,http://data.ordnancesurvey.co.uk/id/country/scotland,,,
osgb4000000074756279,http://data.ordnancesurvey.co.uk/id/4000000074756279,Cailiness Point,,,,landcover,Wetland,215290,535606,2000,200000,214931,535356,215431,535856,DG9,http://data.ordnancesurvey.co.uk/id/postcodedistrict/DG9,,,,,,,Dumfries and Galloway,http://data.ordnancesurvey.co.uk/id/7000000000031903,http://data.ordnancesurvey.co.uk/ontology/admingeo/UnitaryAuthority,Scotland,http://data.ordnancesurvey.co.uk/id/7000000000041429,Scotland,http://data.ordnancesurvey.co.uk/id/country/scotland,,,
osgb4000000074756743,http://data.ordnancesurvey.co.uk/id/4000000074756743,Gallie Craig,,,,landform,Coastal Headland,214941,530347,1000,750000,214703,530097,215203,530597,DG9,http://data.ordnancesurvey.co.uk/id/postcodedistrict/DG9,,,,,,,Dumfries and Galloway,http://data.ordnancesurvey.co.uk/id/7000000000031903,http://data.ordnancesurvey.co.uk/ontology/admingeo/UnitaryAuthority,Scotland,http://data.ordnancesurvey.co.uk/id/7000000000041429,Scotland,http://data.ordnancesurvey.co.uk/id/country/scotland,,,
osgb4000000074756073,http://data.ordnancesurvey.co.uk/id/4000000074756073,Slouchanawn Point,,,,landform,Other Coastal Landform,208749,537034,1000,50000,208499,536779,208999,537279,DG9,http://data.ordnancesurvey.co.uk/id/postcodedistrict/DG9,,,,,,,Dumfries and Galloway,http://data.ordnancesurvey.co.uk/id/7000000000031903,http://data.ordnancesurvey.co.uk/ontology/admingeo/UnitaryAuthority,Scotland,http://data.ordnancesurvey.co.uk/id/7000000000041429,Scotland,http://data.ordnancesurvey.co.uk/id/country/scotland,,,
osgb4000000074788188,http://data.ordnancesurvey.co.uk/id/4000000074788188,Portencorkrie,,,,hydrography,Bay,208984,535269,2000,150000,208734,535014,209234,535514,DG9,http://data.ordnancesurvey.co.uk/id/postcodedistrict/DG9,,,,,,,Dumfries and Galloway,http://data.ordnancesurvey.co.uk/id/7000000000031903,http://data.ordnancesurvey.co.uk/ontology/admingeo/UnitaryAuthority,Scotland,http://data.ordnancesurvey.co.uk/id/7000000000041429,Scotland,http://data.ordnancesurvey.co.uk/id/country/scotland,,,
osgb4000000074757251,http://data.ordnancesurvey.co.uk/id/4000000074757251,Carrickgill,,,,landform,Other Coastal Landform,213447,530874,1000,50000,213197,530643,213697,531143,DG9,http://data.ordnancesurvey.co.uk/id/postcodedistrict/DG9,,,,,,,Dumfries and Galloway,http://data.ordnancesurvey.co.uk/id/7000000000031903,http://data.ordnancesurvey.co.uk/ontology/admingeo/UnitaryAuthority,Scotland,http://data.ordnancesurvey.co.uk/id/7000000000041429,Scotland,http://data.ordnancesurvey.co.uk/id/country/scotland,,,
osgb4000000074799361,http://data.ordnancesurvey.co.uk/id/4000000074799361,Kilstay Bay,,,,hydrography,Bay,213178,538266,9000,150000,212823,537694,213533,539010,DG9,http://data.ordnancesurvey.co.uk/id/postcodedistrict/DG9,,,,,,,Dumfries and Galloway,http://data.ordnancesurvey.co.uk/id/7000000000031903,http://data.ordnancesurvey.co.uk/ontology/admingeo/UnitaryAuthority,Scotland,http://data.ordnancesurvey.co.uk/id/7000000000041429,Scotland,http://data.ordnancesurvey.co.uk/id/country/scotland,,,
osgb4000000074757023,http://data.ordnancesurvey.co.uk/id/4000000074757023,Crammag Head,,,,landform,Coastal Headland,208940,534071,2000,750000,208690,533824,209190,534324,DG9,http://data.ordnancesurvey.co.uk/id/postcodedistrict/DG9,,,,,,,Dumfries and Galloway,http://data.ordnancesurvey.co.uk/id/7000000000031903,http://data.ordnancesurvey.co.uk/ontology/admingeo/UnitaryAuthority,Scotland,http://data.ordnancesurvey.co.uk/id/7000000000041429,Scotland,http://data.ordnancesurvey.co.uk/id/country/scotland,,,
osgb4000000074756526,http://data.ordnancesurvey.co.uk/id/4000000074756526,Mulanderrie,,,,landform,Other Coastal Landform,211315,531704,1000,50000,211066,531452,211566,531952,DG9,http://data.ordnancesurvey.co.uk/id/postcodedistrict/DG9,,,,,,,Dumfries and Galloway,http://data.ordnancesurvey.co.uk/id/7000000000031903,http://data.ordnancesurvey.co.uk/ontology/admingeo/UnitaryAuthority,Scotland,http://data.ordnancesurvey.co.uk/id/7000000000041429,Scotland,http://data.ordnancesurvey.co.uk/id/country/scotland,,,
osgb4000000074756749,http://data.ordnancesurvey.co.uk/id/4000000074756749,Largies,,,,landform,Other Coastal Landform,209596,533449,1000,50000,209346,533227,209846,533727,DG9,http://data.ordnancesurvey.co.uk/id/postcodedistrict/DG9,,,,,,,Dumfries and Galloway,http://data.ordnancesurvey.co.uk/id/7000000000031903,http://data.ordnancesurvey.co.uk/ontology/admingeo/UnitaryAuthority,Scotland,http://data.ordnancesurvey.co.uk/id/7000000000041429,Scotland,http://data.ordnancesurvey.co.uk/id/country/scotland,,,
osgb4000000074756746,http://data.ordnancesurvey.co.uk/id/4000000074756746,Padakie,,,,landform,Other Coastal Landform,209450,533658,1000,50000,209201,533408,209701,533908,DG9,http://data.ordnancesurvey.co.uk/id/postcodedistrict/DG9,,,,,,,Dumfries and Galloway,http://data.ordnancesurvey.co.uk/id/7000000000031903,http://data.ordnancesurvey.co.uk/ontology/admingeo/UnitaryAuthority,Scotland,http://data.ordnancesurvey.co.uk/id/7000000000041429,Scotland,http://data.ordnancesurvey.co.uk/id/country/scotland,,,
osgb4000000074757018,http://data.ordnancesurvey.co.uk/id/4000000074757018,Bendhu,,,,landform,Other Coastal Landform,214021,530851,1000,20000,213794,530602,214294,531102,DG9,http://data.ordnancesurvey.co.uk/id/postcodedistrict/DG9,,,,,,,Dumfries and Galloway,http://data.ordnancesurvey.co.uk/id/7000000000031903,http://data.ordnancesurvey.co.uk/ontology/admingeo/UnitaryAuthority,Scotland,http://data.ordnancesurvey.co.uk/id/7000000000041429,Scotland,http://data.ordnancesurvey.co.uk/id/country/scotland,,,
osgb4000000074756153,http://data.ordnancesurvey.co.uk/id/4000000074756153,Loup of Grennan,,,,landform,Other Coastal Landform,212717,539678,1000,20000,212467,539426,212967,539926,DG9,http://data.ordnancesurvey.co.uk/id/postcodedistrict/DG9,,,,,,,Dumfries and Galloway,http://data.ordnancesurvey.co.uk/id/7000000000031903,http://data.ordnancesurvey.co.uk/ontology/admingeo/UnitaryAuthority,Scotland,http://data.ordnancesurvey.co.uk/id/7000000000041429,Scotland,http://data.ordnancesurvey.co.uk/id/country/scotland,,,
osgb4000000074756663,http://data.ordnancesurvey.co.uk/id/4000000074756663,Cock's Comb,,,,landform,Cliff Or Slope,215739,530738,1000,40000,215486,530488,215986,530988,DG9,http://data.ordnancesurvey.co.uk/id/postcodedistrict/DG9,,,,,,,Dumfries and Galloway,http://data.ordnancesurvey.co.uk/id/7000000000031903,http://data.ordnancesurvey.co.uk/ontology/admingeo/UnitaryAuthority,Scotland,http://data.ordnancesurvey.co.uk/id/7000000000041429,Scotland,http://data.ordnancesurvey.co.uk/id/country/scotland,,,
osgb4000000074788139,http://data.ordnancesurvey.co.uk/id/4000000074788139,Carrickamickie Bay,,,,hydrography,Bay,212121,531459,1000,150000,211871,531207,212371,531707,DG9,http://data.ordnancesurvey.co.uk/id/postcodedistrict/DG9,,,,,,,Dumfries and Galloway,http://data.ordnancesurvey.co.uk/id/7000000000031903,http://data.ordnancesurvey.co.uk/ontology/admingeo/UnitaryAuthority,Scotland,http://data.ordnancesurvey.co.uk/id/7000000000041429,Scotland,http://data.ordnancesurvey.co.uk/id/country/scotland,,,
osgb4000000074756661,http://data.ordnancesurvey.co.uk/id/4000000074756661,Lagvag,,,,landform,Coastal Headland,215907,530619,1000,750000,215657,530380,216157,530880,DG9,http://data.ordnancesurvey.co.uk/id/postcodedistrict/DG9,,,,,,,Dumfries and Galloway,http://data.ordnancesurvey.co.uk/id/7000000000031903,http://data.ordnancesurvey.co.uk/ontology/admingeo/UnitaryAuthority,Scotland,http://data.ordnancesurvey.co.uk/id/7000000000041429,Scotland,http://data.ordnancesurvey.co.uk/id/country/scotland,,,
osgb4000000073304718,http://data.ordnancesurvey.co.uk/id/4000000073304718,Drummore Primary School,,,,other,Primary Education,213606,536518,1000,50000,213356,536282,213856,536782,DG9,http://data.ordnancesurvey.co.uk/id/postcodedistrict/DG9,Drummore,http://data.ordnancesurvey.co.uk/id/4000000074566338,http://www.ordnancesurvey.co.uk/xml/codelists/localtype.xml#village,,,,Dumfries and Galloway,http://data.ordnancesurvey.co.uk/id/7000000000031903,http://data.ordnancesurvey.co.uk/ontology/admingeo/UnitaryAuthority,Scotland,http://data.ordnancesurvey.co.uk/id/7000000000041429,Scotland,http://data.ordnancesurvey.co.uk/id/country/scotland,,,
osgb4000000074756840,http://data.ordnancesurvey.co.uk/id/4000000074756840,Cuff,,,,landform,Island,209319,533755,1000,800000,209062,533506,209562,534006,DG9,http://data.ordnancesurvey.co.uk/id/postcodedistrict/DG9,,,,,,,Dumfries and Galloway,http://data.ordnancesurvey.co.uk/id/7000000000031903,http://data.ordnancesurvey.co.uk/ontology/admingeo/UnitaryAuthority,Scotland,http://data.ordnancesurvey.co.uk/id/7000000000041429,Scotland,http://data.ordnancesurvey.co.uk/id/country/scotland,,,
osgb4000000074769984,http://data.ordnancesurvey.co.uk/id/4000000074769984,Smithy Hill,,,,landform,Hill Or Mountain,213745,532708,1000,300000,213495,532458,213995,532958,DG9,http://data.ordnancesurvey.co.uk/id/postcodedistrict/DG9,,,,,,,Dumfries and Galloway,http://data.ordnancesurvey.co.uk/id/7000000000031903,http://data.ordnancesurvey.co.uk/ontology/admingeo/UnitaryAuthority,Scotland,http://data.ordnancesurvey.co.uk/id/7000000000041429,Scotland,http://data.ordnancesurvey.co.uk/id/country/scotland,,,
osgb4000000074788081,http://data.ordnancesurvey.co.uk/id/4000000074788081,Portlennie,,,,hydrography,Bay,214194,532385,1000,150000,213945,532132,214445,532632,DG9,http://data.ordnancesurvey.co.uk/id/postcodedistrict/DG9,,,,,,,Dumfries and Galloway,http://data.ordnancesurvey.co.uk/id/7000000000031903,http://data.ordnancesurvey.co.uk/ontology/admingeo/UnitaryAuthority,Scotland,http://data.ordnancesurvey.co.uk/id/7000000000041429,Scotland,http://data.ordnancesurvey.co.uk/id/country/scotland,,,
osgb4000000074756742,http://data.ordnancesurvey.co.uk/id/4000000074756742,McTaggart's Rock,,,,landform,Other Coastal Landform,215249,530312,1000,20000,214997,530062,215497,530562,DG9,http://data.ordnancesurvey.co.uk/id/postcodedistrict/DG9,,,,,,,Dumfries and Galloway,http://data.ordnancesurvey.co.uk/id/7000000000031903,http://data.ordnancesurvey.co.uk/ontology/admingeo/UnitaryAuthority,Scotland,http://data.ordnancesurvey.co.uk/id/7000000000041429,Scotland,http://data.ordnancesurvey.co.uk/id/country/scotland,,,
osgb4000000074756358,http://data.ordnancesurvey.co.uk/id/4000000074756358,Carrickafliou,,,,landform,Other Coastal Landform,211885,531407,1000,50000,211636,531157,212136,531657,DG9,http://data.ordnancesurvey.co.uk/id/postcodedistrict/DG9,,,,,,,Dumfries and Galloway,http://data.ordnancesurvey.co.uk/id/7000000000031903,http://data.ordnancesurvey.co.uk/ontology/admingeo/UnitaryAuthority,Scotland,http://data.ordnancesurvey.co.uk/id/7000000000041429,Scotland,http://data.ordnancesurvey.co.uk/id/country/scotland,,,
osgb4000000074754753,http://data.ordnancesurvey.co.uk/id/4000000074754753,Speat,,,,landform,Island,210867,532077,1000,800000,210617,531828,211117,532328,DG9,http://data.ordnancesurvey.co.uk/id/postcodedistrict/DG9,,,,,,,Dumfries and Galloway,http://data.ordnancesurvey.co.uk/id/7000000000031903,http://data.ordnancesurvey.co.uk/ontology/admingeo/UnitaryAuthority,Scotland,http://data.ordnancesurvey.co.uk/id/7000000000041429,Scotland,http://data.ordnancesurvey.co.uk/id/country/scotland,,,
osgb4000000074757127,http://data.ordnancesurvey.co.uk/id/4000000074757127,Slouchatallie,,,,landform,Other Coastal Landform,208934,535354,1000,20000,208666,535104,209166,535604,DG9,http://data.ordnancesurvey.co.uk/id/postcodedistrict/DG9,,,,,,,Dumfries and Galloway,http://data.ordnancesurvey.co.uk/id/7000000000031903,http://data.ordnancesurvey.co.uk/ontology/admingeo/UnitaryAuthority,Scotland,http://data.ordnancesurvey.co.uk/id/7000000000041429,Scotland,http://data.ordnancesurvey.co.uk/id/country/scotland,,,
osgb4000000074799360,http://data.ordnancesurvey.co.uk/id/4000000074799360,Portdown Bay,,,,hydrography,Bay,209848,533141,1000,150000,209599,532896,210099,533396,DG9,http://data.ordnancesurvey.co.uk/id/postcodedistrict/DG9,,,,,,,Dumfries and Galloway,http://data.ordnancesurvey.co.uk/id/7000000000031903,http://data.ordnancesurvey.co.uk/ontology/admingeo/UnitaryAuthority,Scotland,http://data.ordnancesurvey.co.uk/id/7000000000041429,Scotland,http://data.ordnancesurvey.co.uk/id/country/scotland,,,
osgb4000000074756838,http://data.ordnancesurvey.co.uk/id/4000000074756838,Bachla,,,,landform,Island,209232,533861,1000,800000,208982,533610,209482,534110,DG9,http://data.ordnancesurvey.co.uk/id/postcodedistrict/DG9,,,,,,,Dumfries and Galloway,http://data.ordnancesurvey.co.uk/id/7000000000031903,http://data.ordnancesurvey.co.uk/ontology/admingeo/UnitaryAuthority,Scotland,http://data.ordnancesurvey.co.uk/id/7000000000041429,Scotland,http://data.ordnancesurvey.co.uk/id/country/scotland,,,
osgb4000000074756529,http://data.ordnancesurvey.co.uk/id/4000000074756529,Nick of Kindram,,,,landform,Coastal Headland,211013,532224,3000,750000,210761,531974,211261,532474,DG9,http://data.ordnancesurvey.co.uk/id/postcodedistrict/DG9,,,,,,,Dumfries and Galloway,http://data.ordnancesurvey.co.uk/id/7000000000031903,http://data.ordnancesurvey.co.uk/ontology/admingeo/UnitaryAuthority,Scotland,http://data.ordnancesurvey.co.uk/id/7000000000041429,Scotland,http://data.ordnancesurvey.co.uk/id/country/scotland,,,
osgb4000000074724189,http://data.ordnancesurvey.co.uk/id/4000000074724189,Cairngaan Glen,,,,landform,Valley,213469,531968,5000,800000,213219,531557,213719,532336,DG9,http://data.ordnancesurvey.co.uk/id/postcodedistrict/DG9,,,,,,,Dumfries and Galloway,http://data.ordnancesurvey.co.uk/id/7000000000031903,http://data.ordnancesurvey.co.uk/ontology/admingeo/UnitaryAuthority,Scotland,http://data.ordnancesurvey.co.uk/id/7000000000041429,Scotland,http://data.ordnancesurvey.co.uk/id/country/scotland,,,
osgb4000000074788142,http://data.ordnancesurvey.co.uk/id/4000000074788142,East Bay of Slouchlaurie,,,,hydrography,Bay,211186,531798,1000,150000,210936,531545,211436,532045,DG9,http://data.ordnancesurvey.co.uk/id/postcodedistrict/DG9,,,,,,,Dumfries and Galloway,http://data.ordnancesurvey.co.uk/id/7000000000031903,http://data.ordnancesurvey.co.uk/ontology/admingeo/UnitaryAuthority,Scotland,http://data.ordnancesurvey.co.uk/id/7000000000041429,Scotland,http://data.ordnancesurvey.co.uk/id/country/scotland,,,
osgb4000000074754725,http://data.ordnancesurvey.co.uk/id/4000000074754725,Lunnock,,,,landform,Other Coastal Landform,215977,530570,1000,50000,215727,530320,216227,530820,DG9,http://data.ordnancesurvey.co.uk/id/postcodedistrict/DG9,,,,,,,Dumfries and Galloway,http://data.ordnancesurvey.co.uk/id/7000000000031903,http://data.ordnancesurvey.co.uk/ontology/admingeo/UnitaryAuthority,Scotland,http://data.ordnancesurvey.co.uk/id/7000000000041429,Scotland,http://data.ordnancesurvey.co.uk/id/country/scotland,,,
osgb4000000074757125,http://data.ordnancesurvey.co.uk/id/4000000074757125,Craigrarie,,,,landform,Other Coastal Landform,214046,530936,1000,50000,213796,530686,214296,531186,DG9,http://data.ordnancesurvey.co.uk/id/postcodedistrict/DG9,,,,,,,Dumfries and Galloway,http://data.ordnancesurvey.co.uk/id/7000000000031903,http://data.ordnancesurvey.co.uk/ontology/admingeo/UnitaryAuthority,Scotland,http://data.ordnancesurvey.co.uk/id/7000000000041429,Scotland,http://data.ordnancesurvey.co.uk/id/country/scotland,,,
osgb4000000006895210,http://data.ordnancesurvey.co.uk/id/4000000006895210,Stair Street,,,,transportNetwork,Named Road,213424,536780,2000,20000,213315,536637,213574,536984,DG9,http://data.ordnancesurvey.co.uk/id/postcodedistrict/DG9,Drummore,http://data.ordnancesurvey.co.uk/id/4000000074566338,http://www.ordnancesurvey.co.uk/xml/codelists/localtype.xml#village,,,,Dumfries and Galloway,http://data.ordnancesurvey.co.uk/id/7000000000031903,http://data.ordnancesurvey.co.uk/ontology/admingeo/UnitaryAuthority,Scotland,http://data.ordnancesurvey.co.uk/id/7000000000041429,Scotland,http://data.ordnancesurvey.co.uk/id/country/scotland,,,
